"V51","V54","V560","V42","V58","V561","V55","V43","V52","V53","V38","V57","V66","V67","V50","V504","V559","V41","V68","V59","V70","V505","V56","V71","V215","V74","V202","V509","V72","V433","subject","activity"
-0.16126549,-0.12321341,0.17994061,-0.14083968,-0.97090521,-0.058626924,0.056482734,0.11537494,0.12465977,0.97743631,0.37631389,0.89946864,-0.590425,0.5911463,0.89205451,-0.95613397,-0.84124676,0.96339614,-0.59177346,-0.97551037,-0.74544878,-0.94887014,-0.37542596,0.72086167,-0.9505515,-0.99511159,-0.9505515,-0.9982852,-0.71237239,-0.98049843,1,"standing"
-0.16134256,-0.11489334,0.18028889,-0.14155127,-0.97058275,-0.054316717,0.10276411,0.10937881,0.12258573,0.98452014,-0.013428663,0.9078289,-0.41005552,0.41385634,0.89206031,-0.97586576,-0.8447876,0.96656113,-0.41756716,-0.97850045,-0.19635929,-0.97577688,-0.38342955,0.12534464,-0.97605707,-0.83388211,-0.97605707,-0.99947194,-0.10556772,-0.98735382,1,"standing"
-0.16371122,-0.11489334,0.18063731,-0.14200984,-0.97036812,-0.049117815,0.10276411,0.10188392,0.094565843,0.9867701,-0.12469839,0.90866783,0.0022341317,0.027480687,0.89240056,-0.98901548,-0.84893347,0.9668781,-0.056728165,-0.98167231,-0.32902304,-0.98559356,-0.4016016,0.27050025,-0.98801962,-0.70503919,-0.98801962,-0.99980673,-0.25449019,-0.97290121,1,"standing"
-0.16371122,-0.12133575,0.18193476,-0.14397645,-0.96939971,-0.047663183,0.095752648,0.099850143,0.093424674,0.98682105,-0.30569299,0.91062071,-0.064934877,0.075427203,0.89381715,-0.98674196,-0.84864938,0.96761519,-0.085822962,-0.98241965,-0.29503597,-0.98352367,-0.40027809,0.22830973,-0.98642135,-0.38541023,-0.98642135,-0.99977021,-0.20628122,-0.99451839,1,"standing"
-0.1667862,-0.12183357,0.18515116,-0.14875022,-0.96705115,-0.043892254,0.094059354,0.094485896,0.091682389,0.98743352,-0.15580432,0.91223466,-0.25726681,0.26891819,0.89381715,-0.99006346,-0.84786525,0.9682244,-0.2806651,-0.98436258,-0.16669311,-0.99232413,-0.40047652,0.089942719,-0.99127536,-0.23747445,-0.99127536,-0.9998731,-0.066326701,-0.98795019,1,"standing"
-0.16697042,-0.12183357,0.18482251,-0.14820997,-0.9673206,-0.042126383,0.094059354,0.091909715,0.083347121,0.98772183,-0.20997915,0.91150257,-0.30222484,0.37903209,0.89368344,-0.9952833,-0.84963158,0.9679482,-0.45722246,-0.98527538,-0.1981248,-0.99385116,-0.4093585,0.12718522,-0.99524897,-0.15790588,-0.99524897,-0.99993904,-0.10755395,-0.98296563,1,"standing"
-0.16557052,-0.12009236,0.18216997,-0.14428214,-0.96926606,-0.043009987,0.094085133,0.093144628,0.085205725,0.98772183,-0.095852111,0.91145298,-0.30141075,0.40146416,0.89336965,-0.98477295,-0.85215025,0.9679295,-0.50287889,-0.98484817,-0.42266954,-0.98249004,-0.41676117,0.37392632,-0.98274603,-0.12779264,-0.98274603,-0.99967648,-0.36216875,-0.99048358,1,"standing"
-0.16557052,-0.12855866,0.18377851,-0.14670536,-0.96803308,-0.041975833,0.085898255,0.091708159,0.085205725,0.98792586,-0.16163423,0.91294266,-0.36842726,0.39013017,0.89420478,-0.9751195,-0.85101671,0.96849148,-0.41156951,-0.98531929,-0.47061829,-0.97682912,-0.41293833,0.42100668,-0.97599674,-0.14279819,-0.97599674,-0.99946993,-0.40506317,-0.989859,1,"standing"
-0.1678811,-0.1297641,0.18898248,-0.15437401,-0.96412344,-0.037363927,0.083207756,0.085118255,0.084473659,0.98775397,-0.16479067,0.91291536,-0.28790289,0.29184819,0.89420478,-0.9766829,-0.84797148,0.96848115,-0.29541259,-0.98745868,-0.32868686,-0.97926401,-0.40974176,0.26304838,-0.97751373,-0.50532381,-0.97751373,-0.99952032,-0.23988118,-0.99211007,1,"standing"
-0.17596367,-0.1297641,0.19031033,-0.15630201,-0.96313738,-0.034417291,0.083047547,0.08087447,0.073488197,0.98775397,-0.17624116,0.91274816,-0.33139263,0.36132765,0.89477777,-0.98902313,-0.84829438,0.96841804,-0.39175904,-0.98880075,-0.36230751,-0.98782548,-0.41596709,0.31604952,-0.98670243,-0.46695203,-0.98670243,-0.99977682,-0.31072118,-0.98817202,1,"standing"
-0.17248553,-0.12692295,0.18760932,-0.15236144,-0.96520249,-0.034681168,0.083047547,0.081258077,0.073598516,0.98782618,0.0085036618,0.91482867,-0.34724955,0.38440621,0.89494092,-0.98718871,-0.85156175,0.96920266,-0.42220843,-0.98868542,-0.28576279,-0.98676484,-0.42413438,0.23891514,-0.98590171,-0.16737037,-0.98590171,-0.99975779,-0.23875074,-0.98908194,1,"standing"
-0.17248553,-0.12340878,0.18605036,-0.15006376,-0.96639363,-0.035852089,0.083129108,0.082931213,0.074662215,0.98861347,-0.26723866,0.91496274,-0.3704154,0.37605091,0.89494092,-0.99671395,-0.8527234,0.96925328,-0.38122979,-0.98817785,-0.48408907,-0.99471911,-0.42580589,0.4414063,-0.99611776,0.021171526,-0.99611776,-0.99995274,-0.43185991,-0.99406008,1,"standing"
-0.1726059,-0.12646746,0.18761054,-0.1523621,-0.96520364,-0.035997955,0.083771745,0.083150803,0.074662215,0.98861347,-0.035235838,0.91428105,-0.25762636,0.26148898,0.89436796,-0.99678792,-0.85065446,0.9689963,-0.26446874,-0.98811148,-0.40000946,-0.99623576,-0.41947189,0.34690751,-0.99656707,0.0063029914,-0.99656707,-0.99995908,-0.33209989,-0.99473596,1,"standing"
-0.17551413,-0.12646746,0.1888122,-0.15414125,-0.96428473,-0.035063399,0.083557737,0.081819604,0.0740879,0.98889992,0.043618841,0.91440745,-0.12575752,0.1681644,0.89436796,-0.99848118,-0.84977267,0.96904398,-0.21004093,-0.988517,-0.31762766,-0.99773575,-0.4181058,0.25529774,-0.9983924,-0.10605303,-0.9983924,-0.99998225,-0.23638524,-0.99812529,1,"standing"
-0.2777543,-0.31953731,0.28315855,-0.29262334,-0.85222007,0.036443909,-0.047335567,-0.021435523,-0.0073619503,0.94674897,0.82187193,0.85095811,-0.45115692,0.44635787,0.87758813,-0.83625317,-0.73093729,0.94489486,-0.44147083,-0.9977753,-0.96405311,-0.88354181,-0.21978717,0.96424812,-0.83989567,-0.95151825,-0.83989567,-0.98568034,-0.96696057,-0.97859099,1,"standing"
-0.2777543,-0.24813963,0.26311858,-0.26311695,-0.88412852,0.02417211,-0.014843606,-0.0035761635,-0.0073619503,0.96863457,0.32959319,0.86950975,-0.66801068,0.67166052,0.8781599,-0.98608288,-0.76110079,0.95201342,-0.67509047,-0.9997959,-0.96439533,-0.98524141,-0.33394807,0.96725218,-0.98754846,-0.94062246,-0.98754846,-0.99979625,-0.97278759,-0.98659163,1,"standing"
-0.28062914,-0.23590783,0.26432447,-0.26509148,-0.88229013,0.027014344,-0.010778031,-0.0077089922,-0.0084768639,0.97277627,0.28049739,0.87137227,-0.28317597,0.30319968,0.8781599,-0.99011174,-0.75917219,0.95272437,-0.322605,-0.99961135,-0.79164383,-0.98799344,-0.31617569,0.77838014,-0.99093187,-0.63926683,-0.99093187,-0.99986681,-0.77872672,-0.98392644,1,"standing"
-0.28303343,-0.23590783,0.26403279,-0.26471825,-0.88264601,0.029664019,-0.010778031,-0.011556695,-0.016709792,0.97297016,0.15336261,0.87226299,-0.27375121,0.30426162,0.87888016,-0.99230619,-0.75936327,0.95306401,-0.33499689,-0.99941329,-0.47077138,-0.99048642,-0.30625479,0.42811315,-0.99268417,-0.30192345,-0.99268417,-0.9998989,-0.41931813,-0.98537289,1,"standing"
-0.28300845,-0.23427394,0.26288599,-0.26305774,-0.88422429,0.029345734,-0.010586199,-0.011094388,-0.01925744,0.97325777,0.19087473,0.87368389,-0.42062727,0.46972548,0.87908726,-0.99731449,-0.76105187,0.95360569,-0.51949425,-0.99944712,-0.33754638,-0.9956196,-0.31095781,0.29686518,-0.99741361,-0.18313092,-0.99741361,-0.99997018,-0.2996823,-0.99086984,1,"standing"
-0.28300845,-0.23399273,0.26316935,-0.26348997,-0.88381482,0.029573033,-0.010399701,-0.011425851,-0.01925744,0.97336429,0.1109392,0.8736549,-0.43365517,0.47801048,0.87908726,-0.99727464,-0.76062023,0.95359464,-0.52273333,-0.99942462,-0.24496335,-0.99710355,-0.30891958,0.18790487,-0.99879494,-0.1620034,-0.99879494,-0.99998686,-0.17925064,-0.99505892,1,"standing"
-0.28187025,-0.23399273,0.26318349,-0.2634369,-0.88386424,0.030288454,-0.010411871,-0.012458678,-0.020073203,0.97318829,0.067142244,0.87245047,-0.30425282,0.35550763,0.87877147,-0.99819256,-0.76052773,0.95313551,-0.40744318,-0.99935397,-0.0624868,-0.99724765,-0.30718679,-0.021620615,-0.99798984,-0.12315625,-0.99798984,-0.9999773,0.04599621,-0.99681936,1,"standing"
-0.28149769,-0.23351308,0.26217028,-0.26189643,-0.88531821,0.029986987,-0.010411871,-0.012015606,-0.019785586,0.97318829,0.11619943,0.87257568,-0.25887419,0.29814548,0.8786168,-0.99781715,-0.7620229,0.95318325,-0.33736856,-0.99938473,0.10921283,-0.99640334,-0.31246224,-0.20379003,-0.99752775,-0.022626448,-0.99752775,-0.99997137,0.22729581,-0.99836579,1,"standing"
-0.28149769,-0.23493193,0.26255006,-0.26245862,-0.88478599,0.02963917,-0.010142149,-0.011512171,-0.019785586,0.97269154,-0.097758652,0.87233892,-0.33166912,0.36414095,0.8786168,-0.998191,-0.76150888,0.95309294,-0.39699222,-0.99941999,0.23044755,-0.99671293,-0.31245443,-0.33184967,-0.99728461,-0.19058067,-0.99728461,-0.99996866,0.35401547,-0.99885643,1,"standing"
-0.28236083,-0.23580584,0.26425623,-0.26500697,-0.88237099,0.030456029,-0.011413149,-0.012703514,-0.019791384,0.97263986,-0.041202468,0.87139136,-0.35098761,0.36617151,0.87858596,-0.9975563,-0.75896013,0.95273161,-0.38150015,-0.99933445,0.18351046,-0.99635247,-0.30304553,-0.27826002,-0.99651065,-0.31671424,-0.99651065,-0.99995831,0.29658698,-0.99861985,1,"standing"
-0.2815548,-0.23580584,0.26422361,-0.2650432,-0.88233553,0.030743151,-0.011413149,-0.013126421,-0.019939193,0.97263986,-0.22370213,0.87266922,-0.23249122,0.24204734,0.87914624,-0.99537148,-0.75897692,0.9532188,-0.2514525,-0.99930451,0.0080437014,-0.99439497,-0.30088027,-0.096987506,-0.99494985,-0.38812301,-0.99494985,-0.99993562,0.12140007,-0.99666683,1,"standing"
-0.28034554,-0.23540523,0.26209013,-0.26194319,-0.88526668,0.029403668,-0.011160708,-0.011180786,-0.018279905,0.97384493,0.13194588,0.87522686,-0.23685472,0.25745982,0.8799811,-0.99500518,-0.76219671,0.95419361,-0.2780519,-0.99943833,-0.071545394,-0.9933374,-0.31262308,-0.013900581,-0.99441625,-0.2080136,-0.99441625,-0.99992749,0.040235434,-0.99449412,1,"standing"
-0.28034554,-0.23064937,0.26110336,-0.26049928,-0.88663004,0.028562963,-0.0083157299,-0.0099594009,-0.018208879,0.97436858,0.14266263,0.87626443,-0.19782647,0.22163515,0.8799811,-0.99864097,-0.76370208,0.95458893,-0.24584944,-0.99952063,-0.26022091,-0.99825222,-0.31904764,0.2028964,-0.99776154,-0.0042893816,-0.99776154,-0.99997427,-0.19280261,-0.99670223,1,"standing"
0.15158093,-0.19754314,0.054216165,0.042479149,-0.95460358,-0.21887457,0.11301998,0.33309449,0.40688316,0.84957326,-0.99084317,0.67244755,-0.91393457,0.91331398,0.86053314,-0.19941645,-0.66708465,0.87409866,-0.91230496,-0.76875065,-0.98417367,-0.35864225,0.08157873,0.98434769,-0.18717165,-0.9985746,-0.18717165,-0.66472232,-0.98563708,-0.97898612,1,"sitting"
0.15158093,0.1212898,-0.027044798,0.16067501,-0.93761402,-0.26605456,0.38425838,0.39982173,0.40688316,0.84957326,-0.92931336,0.57709208,-0.96775453,0.96834514,0.79063055,-0.93096339,-0.56480737,0.83566368,-0.96854914,-0.69232355,-0.98263216,-0.95062368,0.29106714,0.9845391,-0.93195422,-0.95616356,-0.93195422,-0.9970138,-0.98779076,-0.99282305,1,"sitting"
0.14608124,0.16770112,-0.021566893,0.15187734,-0.94407951,-0.2575301,0.38425838,0.38646765,0.39142898,0.85049913,-0.83824416,0.5801554,-0.77326251,0.77328808,0.76602185,-0.9712139,-0.57936742,0.83695957,-0.77303734,-0.71309038,-0.9292997,-0.97145278,0.23398489,0.92246591,-0.97105963,-0.69113342,-0.97105963,-0.99929022,-0.92011409,-0.99456968,1,"sitting"
0.14121255,0.16770112,-0.020755925,0.15070183,-0.94494809,-0.25526977,0.36469057,0.38345181,0.37614708,0.85834757,-0.026317204,0.58455207,-0.57845338,0.60866944,0.76878451,-0.53386872,-0.58280626,0.83878762,-0.63738602,-0.71760866,-0.57767819,-0.56971946,0.22624937,0.55352782,-0.50812531,-0.86905187,-0.50812531,-0.87523456,-0.55701822,-0.73957724,1,"sitting"
0.28506416,0.17443494,-0.053538987,0.19559534,-0.90699628,-0.26042439,0.36126111,0.38713197,0.4400583,0.71629126,-0.48927158,0.51947242,-0.82684498,0.83111843,0.76878451,-0.4881476,-0.5529392,0.81080506,-0.83517288,-0.7111404,-0.711745,-0.56621364,0.30418775,0.68547121,-0.49055481,-0.91096757,-0.49055481,-0.86636946,-0.6775751,-0.72030215,1,"sitting"
0.39183539,0.19868948,-0.14254902,0.31406786,-0.77223124,-0.30588383,0.36126111,0.43977403,0.48546096,0.62498772,-0.96116524,0.28138849,-0.80240992,0.80031092,0.76859123,-0.47811404,-0.41836808,0.70308608,-0.79787764,-0.62157169,-0.89515238,-0.65907776,0.55943966,0.88443226,-0.48451097,-0.87236315,-0.48451097,-0.8632297,-0.88033049,-0.9428273,1,"sitting"
0.39281965,0.34623514,-0.21333904,0.40950272,-0.64576277,-0.33700092,0.4572025,0.4812985,0.48546096,0.62498772,-0.9105816,0.097539102,-0.98674547,0.98710235,0.61323374,-0.90262603,-0.30588411,0.6182581,-0.98705964,-0.55218838,-0.96134662,-0.90132679,0.76644123,0.9562928,-0.89361999,-0.98357608,-0.89361999,-0.99331243,-0.95360089,-0.9974989,1,"sitting"
0.39281965,0.43370891,-0.22111662,0.41986657,-0.62990781,-0.32645795,0.46379792,0.46862799,0.47877527,0.62614858,-0.94519479,0.10489711,-0.92508943,0.92518522,0.55810315,-0.95600866,-0.30919487,0.6220655,-0.92491384,-0.57587818,-0.91911957,-0.95723704,0.76805035,0.91719229,-0.9566084,-0.86939576,-0.9566084,-0.99862551,-0.92074588,-0.99683292,1,"sitting"
0.37855379,0.43370891,-0.21772934,0.41503721,-0.63811378,-0.32332877,0.46379792,0.46423103,0.45347256,0.65132063,-0.56236174,0.11567687,-0.91918649,0.92446526,0.55810315,-0.99428267,-0.3167322,0.62745102,-0.92942809,-0.58403938,-0.78113131,-0.99471872,0.7535427,0.76592438,-0.99550157,-0.77753602,-0.99550157,-0.99994398,-0.76486965,-0.99491833,1,"sitting"
0.37855379,0.43508944,-0.2189352,0.41648854,-0.63568795,-0.32398842,0.46583901,0.46494774,0.45347256,0.65132063,-0.42516976,0.11136634,-0.55090347,0.54987335,0.55392299,-0.99914369,-0.31457502,0.62532313,-0.54856258,-0.58274265,-0.12224076,-0.9987991,0.75530727,0.046310231,-0.99906531,-0.085903518,-0.99906531,-0.99998966,-0.026527931,-0.99913054,1,"sitting"
0.37906927,0.43715959,-0.21916689,0.4168573,-0.63507009,-0.32348431,0.46583901,0.46439573,0.45297816,0.65179327,-0.3349185,0.11227705,-0.40849461,0.40933083,0.55365758,-0.99473344,-0.31488562,0.62577398,-0.41000953,-0.58374579,0.04957856,-0.99294616,0.75570059,-0.098345762,-0.9955942,-0.16874475,-0.9955942,-0.99994542,0.077227879,-0.99727992,1,"sitting"
0.15701761,0.11467318,0.0061411057,0.11359108,-0.965553,-0.21275283,0.32643081,0.33032214,0.32877176,0.89503171,0.091107372,0.71304125,-0.93960191,0.9503649,0.83656109,-0.95362659,-0.65435613,0.89093772,-0.9609344,-0.79143464,-0.96931555,-0.94319124,0.083786145,0.97226679,-0.94594716,-0.78085609,-0.94594716,-0.99800238,-0.97755888,-0.94073212,1,"sitting"
0.11045559,0.11750282,-0.0030485384,0.12558056,-0.95969232,-0.21119617,0.32643081,0.32520586,0.31816978,0.89495487,-0.68810256,0.67696952,-0.74034686,0.73839709,0.81832977,-0.94488385,-0.65078203,0.87653997,-0.73614716,-0.79800686,-0.93882482,-0.9585279,0.074987893,0.93399356,-0.94767986,-0.44963792,-0.94767986,-0.9981116,-0.93312137,-0.9331035,1,"sitting"
0.11069293,0.15705003,-0.013061244,0.14006721,-0.95174373,-0.21042962,0.32602192,0.32441057,0.31370149,0.89495487,-0.068030921,0.67268543,-0.52846339,0.54212387,0.80223406,-0.99538682,-0.64514606,0.87482213,-0.55575604,-0.79901352,-0.89737721,-0.99399387,0.10889969,0.89524956,-0.99577426,-0.20364601,-0.99577426,-0.99994806,-0.90013523,-0.95358879,1,"sitting"
0.11069293,0.16094201,-0.012405519,0.1392361,-0.95225008,-0.20965049,0.32550439,0.32357956,0.31338527,0.89682418,-0.23155646,0.67675121,-0.47499736,0.50269198,0.80246354,-0.99409828,-0.64657849,0.8764618,-0.53071067,-0.80006036,0.11191047,-0.99251046,0.10757519,-0.22071798,-0.9938755,-0.18671813,-0.9938755,-0.99991896,0.25946517,-0.98002791,1,"sitting"
0.11265524,0.16094201,-0.011866506,0.13843401,-0.95273563,-0.20955912,0.32550439,0.3233988,0.31226721,0.89708448,-0.22899227,0.67673141,-0.51000333,0.56064557,0.80246354,-0.99271444,-0.64706219,0.87645385,-0.61212863,-0.80028799,-0.075385241,-0.99185734,0.10489875,-0.016772114,-0.99281205,-0.1093684,-0.99281205,-0.99990101,0.050518082,-0.99353995,1,"sitting"
0.11441559,0.16114168,-0.014516278,0.14222283,-0.9504103,-0.20966409,0.32537929,0.32351271,0.31226721,0.89639725,-0.53852513,0.67406982,-0.5873242,0.59610041,0.80216168,-0.99326591,-0.64510509,0.87538094,-0.60475073,-0.80014484,-0.2364667,-0.99118565,0.11342894,0.16059432,-0.99324099,-0.45374278,-0.99324099,-0.99990846,-0.13285045,-0.99904452,1,"sitting"
0.11441559,0.16424515,-0.014783523,0.14258451,-0.95019443,-0.20853819,0.3216864,0.32194771,0.3122656,0.89639725,-0.57669161,0.67510457,-0.40609682,0.40703144,0.80274896,-0.99349154,-0.64633366,0.87579788,-0.40759922,-0.80210172,-0.34854513,-0.99145924,0.11103109,0.28684452,-0.99402631,-0.48135203,-0.99402631,-0.99992142,-0.26611325,-0.99649569,1,"sitting"
0.11452424,0.16424515,-0.014168187,0.14162959,-0.95078908,-0.20755542,0.3216864,0.3204761,0.31125911,0.89651331,-0.36229685,0.6755942,-0.29717333,0.30093447,0.80274896,-0.99681386,-0.64799745,0.87599536,-0.30454438,-0.8039431,-0.44843323,-0.99602734,0.10488539,0.39628192,-0.99767465,-0.44401078,-0.99767465,-0.99997345,-0.37912961,-0.99830147,1,"sitting"
0.11586273,0.16504084,-0.016451134,0.14485798,-0.94877602,-0.20766551,0.32193868,0.32053935,0.30950697,0.8963139,-0.28376706,0.67258341,-0.28927242,0.31540433,0.80180866,-0.99838757,-0.64625395,0.87478155,-0.34202382,-0.80386565,-0.28594459,-0.99810681,0.11148738,0.21981483,-0.99825604,-0.39816454,-0.99825604,-0.99998071,-0.19912359,-0.99884065,1,"sitting"
0.11586273,0.16844061,-0.016965715,0.14560336,-0.94831321,-0.20754128,0.3219711,0.32038708,0.31047821,0.8963139,-0.1916099,0.67249612,-0.16672522,0.17984323,0.80079378,-0.9971598,-0.64604389,0.87474639,-0.19277661,-0.80405487,-0.16087065,-0.99568965,0.11303704,0.083256247,-0.99653821,-0.36212949,-0.99653821,-0.9999587,-0.05847535,-0.99808823,1,"sitting"
0.11802751,0.16844061,-0.017046458,0.14572717,-0.94823201,-0.20844898,0.3219711,0.32162961,0.3119598,0.89443607,-0.28922021,0.67122109,-0.23832122,0.24958371,0.80079378,-0.99478688,-0.6448514,0.8742316,-0.26097663,-0.80250101,-0.092961733,-0.99354818,0.11570349,0.0037793292,-0.9949077,-0.36017673,-0.9949077,-0.99993519,0.028159998,-0.99885204,1,"sitting"
0.11814495,0.16910986,-0.018360329,0.14758583,-0.94705191,-0.20900476,0.32277681,0.32233576,0.3119598,0.89441143,-0.52365629,0.66876946,-0.28624944,0.29321832,0.80001788,-0.99365615,-0.64322033,0.87324201,-0.30028301,-0.80162052,-0.18801906,-0.9940028,0.12073486,0.10782532,-0.99486796,-0.40993323,-0.99486796,-0.99993461,-0.078919954,-0.99794342,1,"sitting"
0.11814495,0.16737981,-0.017047243,0.1456773,-0.94825608,-0.20796204,0.32198032,0.32087334,0.31101375,0.89441143,-0.44815828,0.67091688,-0.32427907,0.33456158,0.80081269,-0.99473486,-0.64545984,0.87410872,-0.34489949,-0.80344784,-0.0057622733,-0.99329207,0.113311,-0.092335612,-0.99536861,-0.14664073,-0.99536861,-0.99994205,0.12786813,-0.99849784,1,"sitting"
0.72922751,0.78650142,-0.55335148,0.77465873,0.21233212,-0.43287564,0.57843842,0.58977655,0.61912072,-0.28910234,0.49259942,-0.95357982,-0.85456849,0.85469944,-0.27190525,-0.83619631,0.43247853,-0.25504375,-0.85449568,-0.32464753,-0.18704589,-0.84740112,0.36861856,0.13531286,-0.83169609,-0.83227595,-0.83169609,-0.98426486,-0.13588974,-0.96200492,1,"laying"
0.72922751,0.78712383,-0.55036444,0.7739047,0.21002685,-0.42759273,0.57843842,0.58511978,0.57656471,-0.19419584,-0.38814507,-0.93565059,-0.96609175,0.9671714,-0.27190525,-0.97848445,0.39985328,-0.21014776,-0.96787663,-0.33579838,-0.33943902,-0.97996146,0.44045993,0.28103642,-0.97847045,-0.80863141,-0.97847045,-0.99955096,-0.26460546,-0.97684241,1,"laying"
0.72518563,0.78665169,-0.54672465,0.77171208,0.20332807,-0.43124421,0.58983598,0.58994727,0.57673721,-0.16510276,-0.19946053,-0.93504242,-0.67022545,0.67030484,-0.2721186,-0.99677722,0.39906577,-0.20876483,-0.67012313,-0.32474075,-0.038813065,-0.99632787,0.45006432,-0.031135897,-0.99609738,-0.57966858,-0.99609738,-0.99995265,0.038848688,-0.98814381,1,"laying"
0.72357116,0.78619681,-0.54647681,0.77109662,0.2014531,-0.43164599,0.59186563,0.59010467,0.57673721,-0.16510276,-0.38771752,-0.93543728,-0.48981882,0.50388785,-0.27787264,-0.99844942,0.39955483,-0.20956406,-0.51781959,-0.32437767,-0.22134889,-0.9990687,0.44727667,0.19499584,-0.99870535,-0.14075988,-0.99870535,-0.99998593,-0.22045403,-0.99440004,1,"laying"
0.72351873,0.78619681,-0.54671226,0.77103706,0.20127172,-0.43120727,0.59097868,0.58941397,0.57656984,-0.16347696,-0.27673377,-0.93504006,-0.4321042,0.46109629,-0.27787264,-0.99828295,0.3988886,-0.20874807,-0.49014427,-0.32597303,-0.14152631,-0.99775192,0.44683844,0.094176598,-0.99827359,-0.27101294,-0.99827359,-0.9999809,-0.10303751,-0.9991849,1,"laying"
0.72351892,0.78638623,-0.54685884,0.77129107,0.20204511,-0.43105379,0.59097868,0.58933471,0.57636895,-0.16308855,-0.00056944153,-0.93502487,-0.31455483,0.39091861,-0.27772943,-0.99650887,0.39889738,-0.20871697,-0.46771931,-0.32615618,0.3065737,-0.99500852,0.44737625,-0.38729701,-0.99587294,-0.20679161,-0.99587294,-0.99994911,0.38275484,-0.99921103,1,"laying"
0.72356338,0.78655448,-0.54671715,0.77135108,0.20222787,-0.43119994,0.59155497,0.58963487,0.57636895,-0.16325144,-0.033535332,-0.93498404,-0.38075541,0.42820276,-0.27768159,-0.99629933,0.39888109,-0.20863346,-0.4758431,-0.32546335,0.18113906,-0.99516517,0.44850184,-0.2619089,-0.99633327,-0.13900455,-0.99633327,-0.99995596,0.26680972,-0.9990098,1,"laying"
0.72356338,0.78504206,-0.54624972,0.7707487,0.2003948,-0.43166802,0.59170357,0.59001704,0.57733759,-0.16325144,-0.18833302,-0.93494815,-0.36691322,0.38887747,-0.27682849,-0.99533504,0.39877771,-0.20856027,-0.41110633,-0.32457967,-0.061545553,-0.9927993,0.44802796,0.0043893872,-0.99472458,-0.35004396,-0.99472458,-0.99993243,-0.0088032866,-0.99930934,1,"laying"
0.72298922,0.78503566,-0.54555047,0.76992271,0.19788152,-0.43219711,0.59236945,0.5904504,0.57733759,-0.16324532,-0.33115301,-0.93448046,-0.4052093,0.4391405,-0.27547292,-0.99435238,0.39801973,-0.20760682,-0.47366337,-0.32357803,0.18428729,-0.99178736,0.44877625,-0.27226019,-0.99389022,-0.37163997,-0.99389022,-0.99991921,0.28391531,-0.99860257,1,"laying"
0.72195521,0.78402049,-0.54467991,0.7692959,0.19597683,-0.43287147,0.59239306,0.59130586,0.57924446,-0.16163737,-0.36586373,-0.93386935,-0.39302869,0.44573729,-0.27528116,-0.99745177,0.39713425,-0.20636268,-0.49923111,-0.32159574,0.28657269,-0.99506529,0.45175234,-0.39519322,-0.99579684,-0.25336169,-0.99579684,-0.99994797,0.42245942,-0.99948559,1,"laying"
0.72215517,0.78402049,-0.54419774,0.7691518,0.1955391,-0.43343266,0.59331901,0.59214322,0.57924446,-0.16166286,-0.27195948,-0.93393651,-0.28753741,0.35036394,-0.27528116,-0.99729675,0.3973035,-0.20649916,-0.41426665,-0.31965605,0.032344474,-0.99666019,0.45333607,-0.12098446,-0.99701193,-0.28142794,-0.99701193,-0.99996508,0.14377715,-0.99925531,1,"laying"
0.7221935,0.78418985,-0.54444236,0.76962832,0.19698672,-0.43330166,0.5938509,0.59219232,0.57982023,-0.16166323,-0.20704416,-0.93419608,-0.20367747,0.26572422,-0.27572579,-0.9986522,0.39775801,-0.20702615,-0.32893297,-0.3195421,-0.29244596,-0.99804386,0.45374794,0.25473728,-0.99868238,-0.17189474,-0.99868238,-0.99998544,-0.26385359,-0.99872827,1,"laying"
0.7221935,0.78468248,-0.54399111,0.76946735,0.19649751,-0.43379089,0.59385436,0.59291655,0.58018749,-0.16166323,-0.27441241,-0.93417939,-0.21459646,0.25862799,-0.27609877,-0.99863947,0.39779057,-0.20699211,-0.30242409,-0.31786015,-0.17906128,-0.99823885,0.45531146,0.13842604,-0.99877904,-0.023755959,-0.99877904,-0.99998656,-0.15188958,-0.99858753,1,"laying"
0.74614387,0.64514204,-0.53610387,0.75845367,0.16687362,-0.36073577,0.34610209,0.50493607,0.53123587,-0.034266092,-0.86499754,-0.73088343,-0.96325118,0.96276768,0.36664438,-0.47576196,0.20575936,0.044743889,-0.96188107,-0.50055744,-0.78707117,-0.4624772,0.67438565,0.76528579,-0.41726279,-0.92272154,-0.41726279,-0.8259663,-0.75692061,-0.90071417,1,"laying"
0.74614387,0.76798308,-0.54409199,0.76866913,0.19457285,-0.38929322,0.54146828,0.54098815,0.53123587,-0.034266092,-0.83598551,-0.83216934,-0.95099456,0.95950622,-0.091058425,-0.91479967,0.27854399,-0.047727828,-0.9677794,-0.43315051,-0.92422416,-0.94552287,0.62064308,0.92013257,-0.92188864,-0.75423371,-0.92188864,-0.99618379,-0.92103117,-0.93156061,1,"laying"
0.71852391,0.74281751,-0.53412217,0.75554154,0.15464938,-0.39742768,0.54146828,0.54742535,0.59372508,-0.11339119,0.79665129,-0.82686368,-0.87709978,0.8791824,-0.091058425,0.085678963,0.27208294,-0.041699844,-0.88094999,-0.41898295,-0.70694805,-0.22544394,0.61378568,0.70255585,0.064073395,-0.87473186,0.064073395,-0.42883075,-0.7180372,-0.58158472,1,"laying"
0.71852391,0.63328245,-0.48844315,0.70262213,0.0088264581,-0.48705651,0.5426484,0.63722785,0.7636324,-0.36104164,0.83571925,-0.90455893,-0.89015655,0.89047435,-0.091207307,-0.11108042,0.37879154,-0.18770377,-0.89044929,-0.19458953,-0.72388207,-0.32305095,0.42927879,0.70661628,-0.1266784,-0.88146721,-0.1266784,-0.61367067,-0.70737813,-0.50770173,1,"laying"
0.67692652,0.63328245,-0.43127083,0.65518574,-0.12368006,-0.57287374,0.61363528,0.73110976,0.7636324,-0.36185847,0.78647415,-0.98216808,-0.98812158,0.99068891,-0.23357869,-0.80375155,0.50238617,-0.35145953,-0.99289579,0.044750533,-0.89421507,-0.80047739,0.23642641,0.88475333,-0.7780501,-0.96632529,-0.7780501,-0.9733478,-0.88203608,-0.84773805,1,"laying"
0.70576907,0.63874326,-0.46594003,0.6970974,-0.010086281,-0.53580206,0.63683422,0.70209116,0.76326619,-0.36185847,-0.25492708,-0.98113244,-0.75670115,0.75909936,-0.35176655,-0.73690231,0.49453529,-0.33939193,-0.76121314,-0.036409866,-0.6713583,-0.70248776,0.29590789,0.65527534,-0.70007559,-0.81357639,-0.70007559,-0.95241914,-0.66111836,-0.72768146,1,"laying"
0.72043391,0.57169654,-0.49613177,0.71643717,0.046019968,-0.50619728,0.62982101,0.6629796,0.74844315,-0.55514798,0.65804699,-0.9797757,-0.54546512,0.54860976,-0.35176655,0.28069657,0.50873322,-0.36048,-0.55164421,-0.1433678,-0.73872734,0.11447239,0.24799053,0.72911272,0.30788151,-0.71286733,0.30788151,-0.14018729,-0.73708679,-0.28225064,1,"laying"
0.72043391,0.15331707,-0.3366412,0.52510468,-0.35193478,-0.67268482,0.62982101,0.77976328,0.97046306,-0.70993531,0.23994439,-0.96519669,-0.57795179,0.58105559,-0.36339946,-0.10278022,0.66828427,-0.57349604,-0.58406354,0.21741493,-0.77030917,-0.043057933,0.10805683,0.777454,-0.040902739,-0.71306007,-0.040902739,-0.53500982,-0.80119481,-0.37551528,1,"laying"
0.50525393,-0.079831528,-0.034019619,0.16014065,-0.84957496,-0.92814826,0.77041697,0.94954331,0.99232072,-0.71024001,0.3300118,-0.93320926,-0.86945211,0.8703528,-0.68315372,-0.026812389,0.79297021,-0.74182101,-0.87092849,0.77241744,-0.97314374,-0.29136896,-0.14717129,0.97244422,-0.053417618,-0.67667935,-0.053417618,-0.54693476,-0.97357308,-0.6964543,1,"laying"
0.090769079,-0.080349227,0.12501854,-0.05899586,-0.99015441,-0.97719373,0.99103257,0.9993499,0.99232072,-0.71024001,-0.74555209,-0.92691522,-0.64093104,0.64100515,-0.8177253,-0.77156888,0.79692828,-0.75672502,-0.64067638,0.95305501,-0.94133069,-0.77148933,-0.3894917,0.95124593,-0.7499689,-0.93379009,-0.7499689,-0.96650477,-0.96588811,-0.93238462,1,"laying"
-0.071104201,-0.080349227,0.13180225,-0.068420491,-0.99407607,-0.97526294,0.99385755,0.99429673,0.98391227,-0.70250277,-0.40577154,-0.92726915,-0.18065974,0.17834097,-0.8177253,-0.91127373,0.79739372,-0.75607738,-0.17570203,0.93316945,-0.94963526,-0.93144618,-0.44783267,0.94753768,-0.91348682,-0.40861848,-0.91348682,-0.99541345,-0.94881034,-0.93964947,1,"laying"
-0.066390056,-0.032167846,0.11596031,-0.045998244,-0.99846457,-0.97723061,0.99409287,0.9957729,0.98073541,-0.70250277,0.013951068,-0.92589132,-0.48857554,0.48844837,-0.822801,-0.9894907,0.79917435,-0.75875146,-0.48813201,0.93894281,-0.94025391,-0.98811402,-0.49963631,0.94102703,-0.9901396,-0.28596384,-0.9901396,-0.9998513,-0.94601282,-0.94879508,1,"laying"
-0.060686767,-0.017830709,0.11174753,-0.040042686,-0.99904071,-0.97914858,0.99870606,0.99732192,0.98081657,-0.70197237,0.24278476,-0.92709147,-0.41620226,0.44210407,-0.82113745,-0.99151132,0.79725696,-0.75643925,-0.46852326,0.94500816,-0.6572685,-0.99207497,-0.51611649,0.62928047,-0.99211327,-0.021601562,-0.99211327,-0.99988873,-0.62336767,-0.98390964,1,"laying"
-0.0575499,-0.012459688,0.1079178,-0.034589346,-0.99946454,-0.98014271,0.99820036,0.99683535,0.98081657,-0.69884244,0.016112743,-0.92779747,-0.27762928,0.31581761,-0.82113745,-0.99567097,0.79641242,-0.75507694,-0.35478642,0.94310066,-0.35060743,-0.99486691,-0.53484545,0.30347558,-0.99519865,-0.051659786,-0.99519865,-0.99993947,-0.29864788,-0.99179933,1,"laying"
-0.25256414,-0.24815121,0.25243212,-0.24594143,-0.89948829,0.044098743,-0.04772735,-0.032164781,-0.02416681,0.96074833,-0.12484573,0.85197487,-0.31479624,0.40712903,0.88005207,-0.39958295,-0.77370661,0.94530277,-0.49650202,-0.99697332,-0.099754742,-0.23747109,-0.31710354,0.12924562,-0.23798068,-0.60671211,-0.23798068,-0.70487363,-0.22348866,-0.38959038,1,"walking"
-0.25256414,-0.24372211,0.25691881,-0.25203524,-0.893938,0.044637597,-0.04772735,-0.032883452,-0.031451563,0.95340699,-0.212158,0.8410625,-0.35804722,0.43125234,0.87317213,-0.42303003,-0.76716315,0.941113,-0.50188202,-0.99695208,-0.068161568,-0.19937051,-0.30669143,0.1135356,-0.21339031,-0.49268478,-0.21339031,-0.68575276,-0.22637429,-0.54904955,1,"walking"
-0.27006233,-0.24412591,0.2644517,-0.2642781,-0.88293505,0.039416823,-0.031593705,-0.025575066,-0.027423611,0.95340699,-0.18770425,0.8547949,-0.46272872,0.5336503,0.88473147,-0.43685834,-0.75741393,0.9463639,-0.60303819,-0.99804028,-0.11856801,-0.2462497,-0.28287591,0.14440002,-0.2575711,-0.32947675,-0.2575711,-0.71965984,-0.23280418,-0.52785959,1,"walking"
-0.27325496,-0.24412591,0.26085042,-0.25983791,-0.88716023,0.03973498,-0.033283992,-0.026131065,-0.027423611,0.96273657,-0.1957822,0.8706566,-0.39335064,0.4723513,0.88473147,-0.37621527,-0.76253431,0.95244515,-0.54890319,-0.99794929,-0.1069524,-0.18784769,-0.2817542,0.15313789,-0.19511453,-0.38061866,-0.19511453,-0.6711534,-0.26310812,-0.56475322,1,"walking"
-0.27359495,-0.23065832,0.25962894,-0.25710034,-0.88977821,0.041412489,-0.033283992,-0.028422611,-0.027033539,0.96076124,-0.22496592,0.85674401,-0.40075074,0.47400855,0.88234561,-0.38785963,-0.76396808,0.94712514,-0.54403881,-0.99763809,0.047689646,-0.22737599,-0.29329529,0.028930751,-0.21102536,-0.3785325,-0.21102536,-0.68391406,-0.17686054,-0.44523711,1,"walking"
-0.26542148,-0.22854594,0.25825832,-0.25477781,-0.8918914,0.040128173,-0.033246229,-0.026521446,-0.027033539,0.96076124,-0.15177642,0.85313658,-0.42751691,0.50791476,0.87717278,-0.37817216,-0.76618572,0.94574875,-0.58436483,-0.99790606,-0.046807442,-0.24195139,-0.30732913,0.13125696,-0.23776722,-0.28637991,-0.23776722,-0.70471339,-0.28485414,-0.52498103,1,"walking"
-0.25345705,-0.22668294,0.2512184,-0.24482976,-0.90066864,0.038105042,-0.027960583,-0.023627905,-0.023631945,0.96667248,-0.042306553,0.86479559,-0.28694323,0.38519347,0.87895496,-0.40610227,-0.77667683,0.95021213,-0.47786096,-0.99826854,-0.041294148,-0.20791903,-0.33349314,0.12292047,-0.23418525,-0.19637891,-0.23418525,-0.70196345,-0.27516794,-0.59407274,1,"walking"
-0.25323378,-0.2137148,0.24608543,-0.23690505,-0.90760669,0.037162294,-0.026755435,-0.022201127,-0.023631945,0.96117913,-0.04756858,0.86197819,-0.19755855,0.28393822,0.87912691,-0.42757093,-0.78422533,0.94913033,-0.36562617,-0.99842575,0.057596692,-0.23658768,-0.36090629,0.018359118,-0.23084634,-0.21272651,-0.23084634,-0.69939964,-0.16973337,-0.56072391,1,"walking"
-0.27383035,-0.2653281,0.26295137,-0.26205559,-0.88497202,0.035725938,-0.066073,-0.020235796,0.008912625,0.95787983,-0.20380286,0.85618709,-0.4923716,0.5678772,0.87654171,-0.46375538,-0.7601763,0.94691727,-0.64258496,-0.99749767,-0.23299274,-0.26177004,-0.29318366,0.24871294,-0.32073899,-0.68734168,-0.32073899,-0.76474809,-0.31873091,-0.54302656,1,"walking"
-0.27206794,-0.23106739,0.25875981,-0.25580058,-0.8909612,0.046412684,-0.050490922,-0.035627962,-0.011011014,0.96270813,-0.2104071,0.85605712,-0.32407559,0.40409421,0.87538079,-0.40834585,-0.76411341,0.94686993,-0.47964232,-0.99631064,0.038672294,-0.21169119,-0.27806247,0.020473143,-0.24223487,-0.59071195,-0.24223487,-0.70808264,-0.15133204,-0.56241717,1,"walking"
-0.27206794,-0.22684894,0.25819326,-0.25466811,-0.89201191,0.043972437,-0.050421949,-0.032057504,-0.02576121,0.96171457,-0.20248144,0.8522717,-0.21967869,0.29942422,0.87538079,-0.39548541,-0.76548846,0.9454189,-0.37215986,-0.99696455,0.08267645,-0.2810378,-0.29346859,-0.010890732,-0.2590426,-0.45353102,-0.2590426,-0.7207266,-0.13333122,-0.59253575,1,"walking"
-0.27410086,-0.22702946,0.25932627,-0.25575938,-0.89101783,0.040396555,-0.036270806,-0.026832917,-0.02576121,0.95376412,-0.19552448,0.84320045,-0.3008461,0.37621191,0.87181197,-0.4324654,-0.76460055,0.94193674,-0.44731263,-0.99781013,0.19166363,-0.26351646,-0.31116155,-0.13097868,-0.25305003,-0.46894159,-0.25305003,-0.71598817,-0.0081134283,-0.47328795,1,"walking"
-0.27426143,-0.23571488,0.2615288,-0.25840003,-0.88855539,0.04604602,-0.042618815,-0.034867064,-0.028137831,0.95275431,-0.25392212,0.83159392,-0.34509961,0.42135409,0.86906632,-0.37214606,-0.76024173,0.93746757,-0.49346853,-0.99665711,0.056898401,-0.21200014,-0.29111672,0.031283414,-0.21278856,-0.32828474,-0.21278856,-0.68530391,-0.19417491,-0.3547029,1,"walking"
-0.27708484,-0.24326033,0.26672866,-0.26621211,-0.88116487,0.045691901,-0.042618815,-0.03442325,-0.032913132,0.95275431,-0.23977983,0.83089034,-0.43183265,0.52090237,0.87263433,-0.31689723,-0.75288184,0.93719527,-0.60711071,-0.9967585,0.06634615,-0.10659188,-0.27161162,0.011601381,-0.14299831,-0.17369289,-0.14299831,-0.62777832,-0.16439577,-0.44461484,1,"walking"
-0.27328392,-0.24326033,0.2649955,-0.265399,-0.8819047,0.042851381,-0.033679861,-0.030585939,-0.032913132,0.95564078,-0.14487852,0.85862047,-0.44684363,0.53446706,0.88764409,-0.34641,-0.75597648,0.94782306,-0.62047045,-0.99737562,0.040677083,-0.14025196,-0.26363669,0.029603085,-0.15547409,-0.069104361,-0.15547409,-0.63844308,-0.17481133,-0.56042217,1,"walking"
-0.27328392,-0.23973123,0.25941575,-0.25851158,-0.88844298,0.042765051,-0.034244937,-0.030633221,-0.032929809,0.96774916,-0.12114117,0.88357718,-0.28806486,0.36863133,0.88908035,-0.40451684,-0.76399734,0.95736507,-0.44535383,-0.99736843,0.019268084,-0.26149451,-0.26386521,0.051523262,-0.22499279,-0.11763108,-0.22499279,-0.69474693,-0.19592825,-0.63534118,1,"walking"
-0.26921671,-0.22947635,0.25690064,-0.25421267,-0.89240575,0.040754297,-0.034244937,-0.027618421,-0.027354292,0.96367366,-0.12829917,0.87666171,-0.22327842,0.31127102,0.88908035,-0.38831632,-0.76801471,0.95473147,-0.39493393,-0.99777202,-0.0086342168,-0.27516616,-0.28865943,0.070779344,-0.20792297,-0.17945772,-0.20792297,-0.68137446,-0.20251951,-0.47187269,1,"walking"
-0.26817522,-0.22707415,0.25616716,-0.25147834,-0.89490199,0.038575391,-0.028294535,-0.024245992,-0.026381752,0.95769745,-0.11945886,0.85127808,-0.25899967,0.34630937,0.88010356,-0.38895614,-0.76947723,0.94502756,-0.43037509,-0.9982058,-0.047982991,-0.19857323,-0.32375621,0.10061525,-0.20806055,-0.25865419,-0.20806055,-0.68155932,-0.21961991,-0.52901144,1,"walking"
-0.25028837,-0.22282497,0.25140647,-0.24400324,-0.90138959,0.036180384,-0.028294535,-0.020724365,-0.018805382,0.95769745,-0.093376648,0.84687434,-0.17450801,0.27524324,0.87458005,-0.41830027,-0.77673604,0.9433439,-0.37116752,-0.99856109,-0.078947975,-0.32315594,-0.35670329,0.15926596,-0.24002292,-0.34774087,-0.24002292,-0.70642842,-0.30756481,-0.46560617,1,"walking"
-0.25028837,-0.21638974,0.24447112,-0.23438221,-0.909701,0.034676619,-0.023645876,-0.018602576,-0.018805382,0.96157546,-0.0324229,0.86070566,-0.19081473,0.2755117,0.87816668,-0.42225968,-0.78696273,0.94864827,-0.35562685,-0.99879314,0.05335379,-0.25935342,-0.37829991,0.020551892,-0.26627391,-0.30742108,-0.26627391,-0.726107,-0.17092483,-0.59685051,1,"walking"
-0.27561477,-0.23404071,0.26056458,-0.26000305,-0.88708008,0.031442044,-0.042939962,-0.014160474,0.020360247,0.96883594,-0.12876257,0.88108116,-0.29680914,0.38329917,0.88664463,-0.45130248,-0.76418507,0.9564181,-0.46523447,-0.99790871,0.087965479,-0.22349939,-0.28360572,-0.026423634,-0.20362526,-0.61583773,-0.20362526,-0.67778585,-0.10913823,-0.54768856,1,"walking"
-0.2794559,-0.24161521,0.26332065,-0.26356251,-0.88371542,0.048844258,-0.04870947,-0.039357122,-0.023615261,0.95310541,-0.21964029,0.86823533,-0.46756975,0.55392779,0.8854505,-0.40432436,-0.75699771,0.95149993,-0.63955734,-0.99586444,0.036057375,-0.22903125,-0.23811627,0.042628683,-0.1833052,-0.57648492,-0.1833052,-0.66147976,-0.19494486,-0.44030688,1,"walking"
-0.28078848,-0.24278362,0.26801857,-0.26841916,-0.87907397,0.046982881,-0.04870947,-0.036339041,-0.033806867,0.94866336,-0.27903348,0.83438739,-0.47984596,0.56611074,0.88316066,-0.42086558,-0.75073949,0.93851389,-0.65189355,-0.99639833,0.021924036,-0.2623978,-0.25796338,0.046105738,-0.24087174,-0.44507517,-0.24087174,-0.7069806,-0.18640903,-0.45871391,1,"walking"
-0.28655943,-0.24278362,0.26915125,-0.26936496,-0.87817806,0.04310044,-0.034724192,-0.030656862,-0.033806867,0.94866336,-0.35156811,0.82383499,-0.35075098,0.43513527,0.8663568,-0.36757695,-0.74996259,0.93447152,-0.51600117,-0.99737409,0.31556441,-0.20002766,-0.27835135,-0.25468845,-0.16345806,-0.10251396,-0.16345806,-0.64516819,0.10872601,-0.46914403,1,"walking"
-0.28658282,-0.24202413,0.26841942,-0.26882859,-0.87870246,0.042116144,-0.032932868,-0.029314983,-0.031802235,0.95110648,-0.26354976,0.83235857,-0.44487805,0.51688424,0.86989396,-0.31192581,-0.75120873,0.93776033,-0.58662278,-0.99756188,0.46163264,-0.15431834,-0.27706934,-0.41661272,-0.135501,-0.10027819,-0.135501,-0.62133749,0.28311062,-0.47333887,1,"walking"
-0.27842743,-0.24202413,0.26797457,-0.26828456,-0.87920924,0.040347067,-0.031123258,-0.026783007,-0.028008461,0.95110648,-0.22575629,0.83457756,-0.36061905,0.43803412,0.86989396,-0.33226361,-0.75218118,0.93861575,-0.51192705,-0.99789189,0.15184807,-0.14452073,-0.28366742,-0.08130552,-0.12111633,-0.20949024,-0.12111633,-0.60859074,-0.070218144,-0.6487415,1,"walking"
-0.2669119,-0.24165835,0.26152893,-0.25886389,-0.88799234,0.037684434,-0.028787288,-0.022928327,-0.020842818,0.95466474,-0.24925977,0.8401486,-0.45032806,0.52401226,0.88003559,-0.35198053,-0.7619169,0.94075878,-0.59591872,-0.99832605,0.1051848,-0.19129845,-0.31542939,-0.023129792,-0.1574232,-0.31203809,-0.1574232,-0.64007068,-0.13931732,-0.64785237,1,"walking"
-0.2669119,-0.22698277,0.25403912,-0.24907103,-0.8970499,0.034528797,-0.026003874,-0.018489407,-0.01939597,0.95547642,-0.16254522,0.86489209,-0.4696104,0.55389697,0.88649664,-0.38048312,-0.77319853,0.95022231,-0.63727139,-0.99879476,0.0021433569,-0.23433524,-0.33568635,0.069924373,-0.2251967,-0.43627325,-0.2251967,-0.69501738,-0.21237777,-0.57664863,1,"walking"
-0.26023389,-0.21821923,0.25108876,-0.24566304,-0.90006674,0.035313655,-0.025966988,-0.019715884,-0.01939597,0.97340828,-0.090361269,0.88217135,-0.26428855,0.37088712,0.88649664,-0.35713929,-0.77733154,0.9568354,-0.47210845,-0.99868406,0.22326216,-0.17919034,-0.32894732,-0.1491791,-0.15965905,-0.29029585,-0.15965905,-0.64191068,-0.0070585129,-0.6293353,1,"walking"
-0.25765371,-0.2224145,0.24935545,-0.24255418,-0.90276405,0.037651666,-0.025966988,-0.023026076,-0.026424335,0.96862127,-0.087758353,0.87387233,-0.19532425,0.28602035,0.8830456,-0.3876761,-0.77943645,0.95367537,-0.36958191,-0.99835347,0.026574291,-0.20296133,-0.33462127,0.035516382,-0.1863706,-0.3014199,-0.1863706,-0.66410442,-0.17106667,-0.42767143,1,"walking"
-0.25765371,-0.23696276,0.25555509,-0.25175686,-0.89441547,0.040457219,-0.035505487,-0.027116144,-0.026424335,0.96570391,-0.09515534,0.87016777,-0.3262529,0.40366683,0.88192907,-0.40762296,-0.77000474,0.95226274,-0.47712666,-0.99780893,-0.044242162,-0.22681743,-0.30141777,0.10136434,-0.25965723,-0.2955519,-0.25965723,-0.7211983,-0.22713284,-0.47510545,1,"walking"
-0.27423586,-0.23766547,0.26439169,-0.26440906,-0.88291717,0.046294293,-0.044046639,-0.035544763,-0.031452259,0.95842022,-0.1086301,0.85684005,-0.28845967,0.37466362,0.88192907,-0.41305487,-0.7560886,0.94715881,-0.45709824,-0.99655194,-0.0024538007,-0.27538364,-0.25435199,0.065772307,-0.24911625,-0.35011284,-0.24911625,-0.71330306,-0.19875909,-0.49264698,1,"walking"
-0.27087232,-0.23766547,0.26295042,-0.26163413,-0.88549687,0.047822052,-0.044046639,-0.037628,-0.031947624,0.95842022,-0.097957259,0.84766611,-0.24259907,0.33643484,0.87501694,-0.39688383,-0.75778247,0.94365045,-0.42573545,-0.99620482,0.0063033834,-0.25987459,-0.26306741,0.053256821,-0.25310151,-0.45044798,-0.25310151,-0.71628968,-0.18353915,-0.5795052,1,"walking"
-0.27450605,-0.24337952,0.26481403,-0.26420665,-0.8830278,0.048003415,-0.049278607,-0.037871942,-0.029771817,0.94045396,5.0067706e-05,0.84398839,-0.56577177,0.64596649,0.8888057,-0.27529782,-0.75507581,0.94214757,-0.72670667,-0.99606439,0.0088394199,-0.056263202,-0.25831956,0.038701805,-0.077856582,-0.33061738,-0.077856582,-0.56968929,-0.15855719,-0.5384388,1,"walking"
-0.28172208,-0.24337952,0.26945243,-0.26943482,-0.87810003,0.051664332,-0.049278607,-0.042872935,-0.038162741,0.94045396,-0.17066327,0.81642377,-0.49442526,0.57760342,0.86740799,-0.43790994,-0.74751728,0.93159584,-0.66059188,-0.99529683,-0.028187781,-0.34143117,-0.25104919,0.087414329,-0.2404174,-0.47476288,-0.2404174,-0.70653986,-0.21609336,-0.49603818,1,"walking"
-0.28707714,-0.24132339,0.26826977,-0.26925779,-0.87828593,0.045597275,-0.045943624,-0.034422365,-0.034268972,0.95062198,-0.20546643,0.8413158,-0.34773562,0.43143655,0.87494868,-0.44548666,-0.75069611,0.9412032,-0.51164983,-0.99675706,0.098810188,-0.33560256,-0.2556361,-0.043192637,-0.27993018,-0.39692836,-0.27993018,-0.73587081,-0.085027304,-0.52194645,1,"walking"
-0.27223115,-0.24132339,0.2654056,-0.26574318,-0.88161406,0.041470049,-0.032759038,-0.028554153,-0.027083505,0.96137323,-0.30058952,0.85458731,-0.2444326,0.32915651,0.87494868,-0.39052727,-0.75566247,0.94630634,-0.40757834,-0.99764607,-0.11728706,-0.20403065,-0.27104767,0.18431477,-0.22777514,-0.35818211,-0.22777514,-0.69701576,-0.31512789,-0.48394938,1,"walking"
-0.26764716,-0.23752323,0.25860267,-0.25529462,-0.89135147,0.037375875,-0.032759038,-0.022558174,-0.020509296,0.96082418,-0.28785287,0.85347998,-0.19323982,0.27714724,0.87444833,-0.39987027,-0.76618025,0.94588224,-0.35331174,-0.9983336,-0.026230655,-0.16675048,-0.31625912,0.092896102,-0.20178048,-0.38426217,-0.20178048,-0.67635055,-0.22949604,-0.62576702,1,"walking"
-0.26764716,-0.22685839,0.25658101,-0.25166426,-0.89472669,0.03447432,-0.022501436,-0.018301776,-0.020509296,0.95752574,-0.12522126,0.84486539,-0.20909883,0.30079797,0.87372448,-0.40652713,-0.76954206,0.94257515,-0.38594882,-0.998836,0.093353524,-0.24712237,-0.34385049,-0.042780514,-0.24842236,-0.31306075,-0.24842236,-0.71280128,-0.08183856,-0.65157002,1,"walking"
-0.26019008,-0.22685839,0.25505965,-0.24934122,-0.8967642,0.033260354,-0.022501436,-0.016543639,-0.016634804,0.95752574,-0.085524563,0.84456468,-0.23777287,0.33192182,0.87610052,-0.45611943,-0.7719047,0.94245852,-0.42179164,-0.99898166,0.054313332,-0.28972489,-0.35508112,0.0014726349,-0.28608766,-0.35883262,-0.28608766,-0.74020041,-0.1307672,-0.64431932,1,"walking"
-0.26019008,-0.22029619,0.25093636,-0.24400902,-0.90150755,0.032785826,-0.022754654,-0.015916994,-0.016634804,0.95958635,-0.12063984,0.85900581,-0.28754358,0.36747554,0.87770547,-0.46963574,-0.77791642,0.94799378,-0.44339013,-0.99902927,0.014168497,-0.33497358,-0.36059182,0.05157874,-0.31617456,-0.35572029,-0.31617456,-0.76152562,-0.18953238,-0.60632088,1,"walking"
-0.26026651,-0.22241649,0.25301468,-0.24777784,-0.89817424,0.033888562,-0.022754654,-0.017583652,-0.019271431,0.96916804,-0.22235861,0.86909792,-0.061520469,0.15624053,0.8796704,-0.45541626,-0.77476745,0.9518559,-0.24225656,-0.99890047,-0.016158582,-0.31338779,-0.33847707,0.071039062,-0.30732494,-0.36047639,-0.30732494,-0.75549291,-0.19408541,-0.62424531,1,"walking"
-0.25878406,-0.22241649,0.25368941,-0.24891956,-0.89716103,0.031546631,-0.018773361,-0.014215047,-0.013232,0.96936324,-0.13749204,0.87128393,-0.22212663,0.31045335,0.8815021,-0.46186526,-0.77410047,0.95268931,-0.39471407,-0.99917977,0.0040495378,-0.31075763,-0.34277518,0.067381677,-0.29851218,-0.43246343,-0.29851218,-0.74930212,-0.21128279,-0.6001613,1,"walking"
-0.25582598,-0.22215608,0.24898628,-0.24149087,-0.90364771,0.031598306,-0.021360431,-0.014232674,-0.012497513,0.96544132,-0.037127475,0.86619164,-0.35444066,0.4348346,0.8815021,-0.47647705,-0.78088346,0.95074425,-0.51267007,-0.9991254,0.062633726,-0.3836415,-0.36664177,0.002303114,-0.31235944,-0.52332083,-0.31235944,-0.75892546,-0.14374702,-0.58483197,1,"walking"
-0.25442954,-0.21242216,0.2467452,-0.23802568,-0.90665821,0.037846728,-0.034015423,-0.023208265,-0.012497513,0.96535582,-0.076227371,0.86401374,-0.18614913,0.28704377,0.88006761,-0.41643307,-0.78315381,0.94991264,-0.38308738,-0.99820652,0.064485903,-0.21985655,-0.35366762,-0.0026430771,-0.26403135,-0.52936585,-0.26403135,-0.72445374,-0.13403253,-0.60898605,1,"walking"
-0.25442954,-0.22004906,0.24786871,-0.24024162,-0.90474192,0.045255654,-0.043006771,-0.033980221,-0.030771691,0.96535582,-0.087127139,0.87149579,-0.25186547,0.34191301,0.88227103,-0.40865994,-0.77995361,0.95276814,-0.42808656,-0.99680238,-0.018115955,-0.27212217,-0.3133756,0.077219865,-0.25321409,-0.4167402,-0.25321409,-0.71635937,-0.20671842,-0.49442681,1,"walking"
-0.25447335,-0.2271541,0.25333715,-0.24835088,-0.89758744,0.048346543,-0.046841775,-0.038483845,-0.03390145,0.96514254,-0.12653714,0.86798294,-0.22377471,0.3064274,0.88227103,-0.44519626,-0.77136308,0.95142625,-0.3837718,-0.99606776,-0.055949142,-0.28873301,-0.28190033,0.10988885,-0.30455573,-0.55437475,-0.30455573,-0.75339,-0.23111591,-0.54110101,1,"walking"
-0.24563032,-0.23667873,0.25671218,-0.25003777,-0.89569227,0.04047408,-0.04961865,-0.026669006,-0.020682729,0.93229428,-0.58719381,0.8155045,-0.67502626,0.71831361,0.877629,-0.33831993,-0.76834002,0.93118552,-0.76144298,-0.99768248,-0.23943142,-0.23332092,-0.34781118,0.25214446,-0.18820842,-0.42866727,-0.18820842,-0.66556768,-0.31836727,-0.81172932,1,"walking_downstairs"
-0.24239658,-0.22562726,0.24204769,-0.2304889,-0.91280742,0.032582417,-0.0246176,-0.0155516,-0.01005597,0.93663451,-0.65961029,0.85668127,-0.61426119,0.66672427,0.88533288,-0.2920717,-0.79076448,0.94706198,-0.71839454,-0.99903357,-0.24156011,-0.14892143,-0.4000754,0.24771716,-0.11708516,0.1759343,-0.11708516,-0.6052251,-0.30652258,-0.83931602,1,"walking_downstairs"
-0.2269277,-0.20040846,0.23416634,-0.2204156,-0.92088067,0.03181717,-0.028986191,-0.014579347,-0.0093239301,0.97001624,-0.57536113,0.88867302,-0.30863908,0.36460785,0.89149757,-0.20700112,-0.80223567,0.95929939,-0.41511621,-0.99902088,-0.17733243,-0.080324667,-0.40649672,0.18505136,-0.047252457,-0.13098292,-0.047252457,-0.54102063,-0.24919207,-0.22463664,1,"walking_downstairs"
-0.2269277,-0.20032944,0.23163941,-0.21665616,-0.92381835,0.0432366,-0.051936443,-0.031045351,-0.0093239301,0.95943412,-0.49237294,0.8878665,-0.48945407,0.54046837,0.89149757,-0.2225121,-0.80361895,0.95898314,-0.58925471,-0.99677988,-0.19071488,0.092702345,-0.37331571,0.21590238,0.013313042,-0.13952609,0.013313042,-0.48146192,-0.29806302,-0.090036823,1,"walking_downstairs"
-0.23018371,-0.19548759,0.2330244,-0.2174464,-0.9232621,0.046864574,-0.051936443,-0.036024083,-0.018954152,0.95898424,-0.33774262,0.86288956,-0.54908633,0.60963773,0.89041087,-0.038304729,-0.80066823,0.9494625,-0.66835732,-0.9963068,-0.13266922,0.22134381,-0.37617384,0.18558793,0.18395782,-0.044616092,0.18395782,-0.2942153,-0.30124371,-0.53433506,1,"walking_downstairs"
-0.21335217,-0.19536675,0.22555373,-0.20692497,-0.93095217,0.040876867,-0.041757826,-0.027482422,-0.017658817,0.95898424,-0.26518235,0.87657845,-0.54100283,0.59937062,0.8991106,-0.034039418,-0.81288865,0.95466327,-0.65604491,-0.99759216,-0.12304698,0.26255105,-0.41756915,0.13170046,0.19543705,0.034258273,0.19543705,-0.28062805,-0.20071244,-0.045086961,1,"walking_downstairs"
-0.21335217,-0.19356126,0.2254286,-0.20727327,-0.93068237,0.047016364,-0.05251642,-0.036413327,-0.017658817,0.96170733,-0.36128272,0.88601132,-0.54043557,0.59275448,0.8991106,-0.18617267,-0.81139678,0.95827116,-0.64334493,-0.99607844,-0.11631289,0.080459823,-0.38582154,0.10929322,0.045663428,0.093149074,0.045663428,-0.44825317,-0.16237501,0.074047767,1,"walking_downstairs"
-0.22561488,-0.19356126,0.23205458,-0.21600426,-0.92437165,0.04364982,-0.05251642,-0.031406912,-0.022385891,0.96170733,-0.33365424,0.86364346,-0.50408101,0.56265834,0.88381909,-0.30703554,-0.80292139,0.94976646,-0.61829838,-0.99681463,0.052097774,-0.1130736,-0.39184306,-0.05063504,-0.098669794,0.042772249,-0.098669794,-0.58878307,-0.02339909,-0.85229369,1,"walking_downstairs"
-0.22736706,-0.19286442,0.22840498,-0.21071237,-0.92836696,0.031154035,-0.018851734,-0.0134879,-0.0041734518,0.9623019,-0.39535823,0.86850174,-0.42775511,0.48893105,0.88529275,-0.32405894,-0.81063529,0.95162211,-0.54620993,-0.99918393,0.10034817,-0.11303173,-0.45052634,-0.087986796,-0.13898659,0.065077598,-0.13898659,-0.62410362,0.00042477102,-0.86964881,1,"walking_downstairs"
-0.26775483,-0.2775093,0.26903773,-0.26701193,-0.87977617,0.058288331,-0.10129269,-0.051933496,-0.0074223689,0.92900964,-0.60947432,0.78876841,-0.56643409,0.6255739,0.86122098,-0.032966277,-0.74616191,0.92083549,-0.6832071,-0.99175308,-0.25239814,0.15986074,-0.2541099,0.29372775,0.24274736,-0.25379589,0.24274736,-0.22232323,-0.38984609,-0.78052857,1,"walking_downstairs"
-0.26775483,-0.2372788,0.26221497,-0.2575283,-0.88928999,0.029717335,-0.055646629,-0.011311073,0.006735699,0.92900964,-0.38206097,0.80515778,-0.54826231,0.60954239,0.86193314,-0.10633862,-0.76198546,0.92721895,-0.66914423,-0.99871946,-0.098365136,0.14118059,-0.36771874,0.14946797,0.15024177,-0.27757279,0.15024177,-0.3335313,-0.26574638,-0.7639086,1,"walking_downstairs"
-0.27425888,-0.255989,0.26627029,-0.26552471,-0.88178378,0.032871071,-0.052903401,-0.015999014,0.006735699,0.94470535,-0.37243064,0.8331705,-0.55841189,0.6214575,0.89573844,-0.14492281,-0.75577641,0.93801097,-0.68407759,-0.99801177,-0.20810864,0.065597075,-0.31272465,0.21639384,0.12467351,-0.11781556,0.12467351,-0.36259302,-0.27928296,-0.26565297,1,"walking_downstairs"
-0.27803545,-0.26016961,0.27312025,-0.27697935,-0.87042289,0.04607592,-0.05406701,-0.035236286,-0.020036574,0.94478221,-0.48653201,0.8461343,-0.65740493,0.71003887,0.89573844,-0.17078319,-0.74364203,0.94298012,-0.762772,-0.99612673,-0.21965206,0.077236791,-0.22907553,0.22357646,0.10625082,-0.098600452,0.10625082,-0.38258213,-0.28102423,0.19547923,1,"walking_downstairs"
-0.27970303,-0.26016961,0.27399058,-0.27671301,-0.87073493,0.041975445,-0.05406701,-0.029104678,-0.020393788,0.94422757,-0.47836992,0.82424581,-0.68968511,0.75039303,0.89471726,-0.14201012,-0.74323259,0.93458522,-0.81116922,-0.99717105,-0.34472622,0.046725187,-0.26232578,0.4065246,0.012738503,-0.25865926,0.012738503,-0.48212032,-0.51741464,-0.31241761,1,"walking_downstairs"
-0.27967171,-0.2442471,0.26723556,-0.26721322,-0.88022296,0.051523193,-0.066441378,-0.04285211,-0.022277468,0.94422757,-0.43671207,0.83311498,-0.59139897,0.65719938,0.88382428,-0.32634636,-0.75071346,0.93800984,-0.72225039,-0.99446393,-0.21513844,-0.049278851,-0.24480412,0.25867321,-0.042658894,-0.31050168,-0.042658894,-0.53667531,-0.35817206,-0.07727254,1,"walking_downstairs"
-0.261872,-0.24155342,0.26391824,-0.26240716,-0.88465789,0.051741178,-0.066441378,-0.043152518,-0.016176676,0.94463079,-0.42807866,0.83636036,-0.5857233,0.65513657,0.88382428,-0.16778508,-0.75537696,0.93926427,-0.72437742,-0.99434709,-0.17069731,0.075605067,-0.25464061,0.17456519,0.072816678,-0.21113426,0.072816678,-0.41949258,-0.23585088,-0.34627112,1,"walking_downstairs"
-0.25779844,-0.24017921,0.25543401,-0.24875006,-0.8971005,0.0347066,-0.048579293,-0.018502531,-0.013675378,0.94463079,-0.52200444,0.82608565,-0.61572862,0.67899622,0.8722925,-0.027737109,-0.77116188,0.93532883,-0.74123622,-0.99863605,-0.33185169,0.086664811,-0.36516215,0.35867512,0.13627899,-0.24614238,0.13627899,-0.34940613,-0.43356361,-0.79509762,1,"walking_downstairs"
-0.28334968,-0.26534344,0.2749719,-0.27642083,-0.87106981,0.050583388,-0.056483407,-0.041170073,-0.016957341,0.93395793,-0.67626346,0.79745839,-0.61323203,0.67123531,0.86509399,-0.22215207,-0.73992624,0.92422997,-0.72836498,-0.9952939,-0.10788673,-0.040329255,-0.25079217,0.15972211,-0.026147128,-0.49113795,-0.026147128,-0.52074525,-0.27634405,-0.80346659,1,"walking_downstairs"
-0.27441265,-0.24248641,0.26469515,-0.26237699,-0.88477601,0.035488357,-0.049272248,-0.019666744,-0.012996513,0.93673335,-0.62006346,0.82132655,-0.50485225,0.5688266,0.86907565,-0.27974165,-0.75769767,0.9334885,-0.63029521,-0.99838999,-0.063413715,-0.09317206,-0.32858465,0.10709518,-0.061657028,-0.46104885,-0.061657028,-0.55470986,-0.21614653,-0.78433921,1,"walking_downstairs"
-0.2629779,-0.24714395,0.25845668,-0.25496927,-0.89161254,0.038349993,-0.05024315,-0.023947567,-0.012996513,0.95216144,-0.48551505,0.85176212,-0.52530761,0.5814022,0.88566643,-0.32157475,-0.76622434,0.9452027,-0.63632152,-0.9976242,-0.26923653,-0.17219581,-0.31473681,0.26420364,-0.11528655,-0.10565911,-0.11528655,-0.60362661,-0.30900548,-0.23734197,1,"walking_downstairs"
-0.2629779,-0.2572369,0.26901477,-0.26799814,-0.87896163,0.0404382,-0.05024315,-0.026685084,-0.0039226425,0.90854443,-0.4099663,0.80813027,-0.6417099,0.69786243,0.88566643,-0.13070057,-0.75066909,0.92813939,-0.75432776,-0.99711036,-0.18671311,0.10606529,-0.30485228,0.17062155,0.051477845,-0.29710348,0.051477845,-0.44213717,-0.20942598,0.035132487,1,"walking_downstairs"
-0.25422571,-0.2572369,0.26985222,-0.2655418,-0.88118617,0.02665056,-0.043527437,-0.0068039971,-6.9132805e-05,0.90854443,-0.37331512,0.75610686,-0.69376764,0.75611985,0.86823587,0.017367981,-0.75120111,0.90796935,-0.81913524,-0.99916094,-0.33302032,0.13261574,-0.40123153,0.34182593,0.15527003,-0.43999933,0.15527003,-0.32770335,-0.39726137,-0.10763387,1,"walking_downstairs"
-0.25422571,-0.2356932,0.25640384,-0.24940844,-0.89652938,0.040068354,-0.06666016,-0.026064489,-6.9132805e-05,0.9112368,-0.48194038,0.81318932,-0.63995324,0.69309217,0.87884277,-0.24093073,-0.768861,0.93019322,-0.74615641,-0.99635659,-0.40459063,-0.043229275,-0.35084297,0.41092681,-0.058680362,-0.31746876,-0.058680362,-0.55188727,-0.45883643,-0.15883971,1,"walking_downstairs"
-0.25432613,-0.23407471,0.25777357,-0.25374076,-0.89266067,0.056051285,-0.06666016,-0.049375638,-0.033090372,0.94962239,-0.55702706,0.84489649,-0.55151886,0.6048981,0.87884277,-0.39046852,-0.7628088,0.94256743,-0.65638368,-0.99367018,-0.35945186,-0.14141798,-0.25519484,0.36996323,-0.17464507,-0.34875547,-0.17464507,-0.654471,-0.4254677,-0.72915171,1,"walking_downstairs"
-0.25926055,-0.23407471,0.25499331,-0.248511,-0.89736355,0.039774255,-0.066640099,-0.025796334,-0.008703256,0.94962239,-0.47331969,0.83205661,-0.52024901,0.58009806,0.8723397,-0.21122453,-0.77094316,0.93764095,-0.63718451,-0.99704375,-0.01771845,-0.11974317,-0.34187571,0.030087636,-0.079112664,-0.28476859,-0.079112664,-0.57094481,-0.11071917,-0.7898957,1,"walking_downstairs"
-0.26524516,-0.28969889,0.2757426,-0.28099607,-0.86534897,0.07579027,-0.12476275,-0.07822989,-0.059578785,0.91599599,-0.33593546,0.83711444,-0.71159037,0.74549269,0.90079381,-0.4221008,-0.73017965,0.93935459,-0.77938582,-0.98458909,-0.67526323,-0.31780032,-0.11025742,0.6950239,-0.33477144,-0.74737954,-0.33477144,-0.77422544,-0.73862376,-0.77872777,1,"walking_upstairs"
-0.3060979,-0.30348793,0.30321441,-0.31639379,-0.8278713,0.06548249,-0.076440816,-0.062484236,-0.059578785,0.91599599,-0.32409152,0.75564773,-0.69169637,0.7461133,0.85772789,-0.45970951,-0.69548078,0.90782845,-0.80059347,-0.99070497,-0.65351064,-0.42349724,-0.11682722,0.69523735,-0.38786699,-0.60756752,-0.38786699,-0.80831583,-0.76381062,-0.80883524,1,"walking_upstairs"
-0.34053938,-0.30348793,0.31183747,-0.32878069,-0.81374215,0.070519284,-0.081981827,-0.069753369,-0.064411555,0.91617452,-0.1982296,0.74410879,-0.68967339,0.73370248,0.83980952,-0.53649165,-0.68162013,0.90332145,-0.77724696,-0.98861492,-0.5259508,-0.37819319,-0.07243222,0.53905964,-0.43158019,-0.5850094,-0.43158019,-0.83430678,-0.58427823,-0.33731347,1,"walking_upstairs"
-0.33498294,-0.30234593,0.30824283,-0.32537586,-0.81777405,0.07046834,-0.082034394,-0.070078815,-0.04955857,0.91698645,-0.32873466,0.76841945,-0.73871388,0.77570897,0.85578691,-0.44179793,-0.68671499,0.91286572,-0.81257406,-0.98840607,-0.48313518,-0.31233251,-0.062455758,0.49721855,-0.31243126,-0.73840944,-0.31243126,-0.75903477,-0.54662748,0.062353386,1,"walking_upstairs"
-0.33498294,-0.30093719,0.30613251,-0.32327736,-0.82027272,0.058967406,-0.082034394,-0.05372889,-0.026393816,0.91705742,-0.3642974,0.78584776,-0.70075255,0.74206418,0.8587444,-0.4029539,-0.69326684,0.91968631,-0.78331129,-0.99232757,-0.40320614,-0.26970502,-0.098727022,0.41933258,-0.29191192,-0.71029855,-0.29191192,-0.74463754,-0.47601243,-0.46644099,1,"walking_upstairs"
-0.32447691,-0.29856637,0.30487801,-0.31989706,-0.82416716,0.04432452,-0.051330361,-0.032413446,-0.0065825392,0.91986778,-0.25798606,0.77250946,-0.65949369,0.69849569,0.8587444,-0.52382816,-0.69838906,0.91447109,-0.73689015,-0.99675285,-0.53304721,-0.43821383,-0.17489152,0.54589238,-0.40943463,-0.792386,-0.40943463,-0.82137271,-0.59087099,-0.67038048,1,"walking_upstairs"
-0.32447691,-0.29855774,0.3030356,-0.31665935,-0.82792136,0.036457046,-0.037780516,-0.021065113,-0.0018506481,0.91986778,-0.30520846,0.76889823,-0.60930969,0.65507854,0.85018603,-0.4887337,-0.70225292,0.91307417,-0.69986039,-0.99815134,-0.52551875,-0.3756256,-0.21629974,0.55425481,-0.39053748,-0.74780105,-0.39053748,-0.80993426,-0.61745679,-0.5266631,1,"walking_upstairs"
-0.32829126,-0.30968732,0.30912876,-0.32596046,-0.81695391,0.046414441,-0.067686063,-0.035425357,-0.0018506481,0.92270666,-0.2624055,0.76653947,-0.60228508,0.64577203,0.85018603,-0.45599537,-0.69189005,0.91214896,-0.6881149,-0.99559001,-0.45574,-0.39828021,-0.15444906,0.50443903,-0.38608182,-0.7505769,-0.38608182,-0.80719792,-0.59369674,-0.81758052,1,"walking_upstairs"
-0.27441919,-0.32780029,0.30165425,-0.31920065,-0.82232065,0.065570448,-0.095488575,-0.063759757,-0.053628123,0.91637494,-0.41418103,0.81843606,-0.6940075,0.73588676,0.90450272,-0.33008445,-0.69766239,0.93206988,-0.77785598,-0.98988589,-0.67423941,-0.19878828,-0.059181774,0.68675518,-0.22682976,-0.73990276,-0.22682976,-0.69627252,-0.7228219,-0.80084851,1,"walking_upstairs"
-0.35104229,-0.32780029,0.32717524,-0.35284871,-0.78372935,0.061988673,-0.071970767,-0.058087649,-0.053628123,0.91637494,-0.53704513,0.7505026,-0.66436549,0.71060955,0.85140038,-0.38779068,-0.6624351,0.90583998,-0.75660158,-0.99183756,-0.63949005,-0.32067291,-0.033401393,0.68440509,-0.32198846,-0.65049513,-0.32198846,-0.76558659,-0.75722921,-0.79618152,1,"walking_upstairs"
-0.36845172,-0.33418356,0.33047549,-0.3561928,-0.77941521,0.062285324,-0.071970767,-0.058276382,-0.050280256,0.90041159,-0.29162799,0.73179738,-0.64331685,0.68880634,0.83457614,-0.48039948,-0.65764544,0.89842695,-0.73363168,-0.99173032,-0.4965734,-0.38051597,-0.038070615,0.51310761,-0.4026472,-0.6059459,-0.4026472,-0.81732751,-0.56393124,-0.39399909,1,"walking_upstairs"
-0.3673901,-0.33418356,0.33079212,-0.355796,-0.77992375,0.059060388,-0.065195228,-0.053499951,-0.050280256,0.90041159,-0.25499679,0.72368026,-0.63275305,0.67556424,0.83068058,-0.50732136,-0.65803196,0.89521737,-0.71778719,-0.9929284,-0.54807865,-0.42958278,-0.058082952,0.56348709,-0.42796573,-0.61454243,-0.42796573,-0.83220867,-0.60997703,-0.071581457,1,"walking_upstairs"
-0.36506228,-0.32847934,0.32785803,-0.35213276,-0.78470507,0.05902543,-0.066896639,-0.053521841,-0.047043692,0.90859114,-0.36837864,0.7328869,-0.6454631,0.69412773,0.83408007,-0.54416815,-0.6622363,0.89888016,-0.74212562,-0.99287946,-0.47720213,-0.47306556,-0.060929073,0.47861698,-0.44135997,-0.68165903,-0.44135997,-0.83979472,-0.51435687,-0.29617382,1,"walking_upstairs"
-0.35897921,-0.32458162,0.32503511,-0.34765868,-0.79041053,0.055574652,-0.066896639,-0.048482583,-0.03349313,0.90859114,-0.34049034,0.73288371,-0.6007692,0.64634149,0.83408007,-0.49256875,-0.66711711,0.89888028,-0.69075024,-0.99385708,-0.45633756,-0.37466784,-0.086543997,0.47062797,-0.38761003,-0.71069021,-0.38761003,-0.80813476,-0.52122254,-0.357646,1,"walking_upstairs"
-0.35897921,-0.32892376,0.32488244,-0.34767434,-0.7903472,0.055298125,-0.059941662,-0.048123723,-0.03349313,0.91063928,-0.45820234,0.73560592,-0.62299141,0.6674236,0.83363914,-0.37076367,-0.66740046,0.89996176,-0.71091702,-0.99401205,-0.57784326,-0.38233295,-0.08538075,0.61586615,-0.31894997,-0.81864329,-0.31894997,-0.76352594,-0.68509015,-0.65940018,1,"walking_upstairs"
-0.35901861,-0.34011221,0.33266801,-0.35903232,-0.77555357,0.065948064,-0.087728581,-0.063491643,-0.038679946,0.90340838,-0.47959391,0.72465185,-0.6933458,0.73553943,0.83363914,-0.37800451,-0.65349636,0.89560464,-0.77714942,-0.99012151,-0.63342722,-0.3311633,-0.021851146,0.66649455,-0.34058163,-0.82351044,-0.34058163,-0.77809557,-0.7268245,-0.79612129,1,"walking_upstairs"
-0.37906566,-0.34011221,0.33851074,-0.36713357,-0.76494054,0.069627037,-0.087728581,-0.068768534,-0.053161587,0.90340838,-0.50304604,0.71311357,-0.67695211,0.7189013,0.8219323,-0.43161213,-0.64409123,0.89102832,-0.75997241,-0.98872857,-0.52599114,-0.30937051,0.0054489555,0.54828146,-0.37432701,-0.71249636,-0.37432701,-0.79989175,-0.60318198,-0.77103469,1,"walking_upstairs"
-0.29667249,-0.31897143,0.3046152,-0.32223589,-0.82023159,0.059935331,-0.085518724,-0.055344152,-0.047569446,0.91477593,-0.34939225,0.80137263,-0.7427579,0.78190413,0.89189045,-0.36809851,-0.6951592,0.92556435,-0.82113872,-0.99220394,-0.68088725,-0.36902996,-0.085936061,0.70376793,-0.33466647,-0.78367388,-0.33466647,-0.77415729,-0.75033817,-0.76869492,1,"walking_upstairs"
-0.35023616,-0.31958354,0.32223489,-0.34505404,-0.79371488,0.062046429,-0.071916992,-0.057998853,-0.049340074,0.91477593,-0.39512423,0.74939536,-0.65591675,0.69592184,0.84791417,-0.36217836,-0.66946551,0.90540474,-0.73535291,-0.99179667,-0.49341748,-0.33495694,-0.055642903,0.53294421,-0.28395851,-0.69497076,-0.28395851,-0.73897732,-0.60939492,-0.81520581,1,"walking_upstairs"
-0.35949153,-0.3309509,0.3267754,-0.35076356,-0.78640759,0.062107659,-0.072972983,-0.057967327,-0.038494415,0.90310935,-0.30258209,0.73521428,-0.6813629,0.72530748,0.83457602,-0.44796859,-0.66297323,0.89978807,-0.76857044,-0.99152511,-0.40064843,-0.28742925,-0.051022817,0.41298581,-0.31906248,-0.79452882,-0.31906248,-0.76359691,-0.46509167,-0.47487953,1,"walking_upstairs"
-0.35894558,-0.3309509,0.32884307,-0.35321481,-0.78327239,0.051988307,-0.072972983,-0.043385721,-0.031790672,0.90310935,-0.29115804,0.7302074,-0.700092,0.73719057,0.83457602,-0.45531018,-0.66245366,0.89780902,-0.77377165,-0.99475869,-0.54035764,-0.30264384,-0.087134831,0.56219168,-0.36831475,-0.78240172,-0.36831475,-0.7960927,-0.61603779,0.042189755,1,"walking_upstairs"
-0.34974295,-0.32632137,0.32196274,-0.34325537,-0.7958795,0.056063969,-0.069671471,-0.049161113,-0.031790672,0.9053845,-0.39706635,0.7364797,-0.66671996,0.70538486,0.83562655,-0.51907096,-0.67139987,0.90029946,-0.7435009,-0.99360482,-0.44486856,-0.35926551,-0.093959605,0.4614866,-0.42279772,-0.74030828,-0.42279772,-0.82923612,-0.51630678,-0.65353014,1,"walking_upstairs"
-0.34974295,-0.31342883,0.31895999,-0.33758462,-0.8030462,0.062474717,-0.071927364,-0.058038101,-0.030756301,0.90409427,-0.31771001,0.72338241,-0.62712874,0.66157765,0.83562655,-0.46716453,-0.67401303,0.8950979,-0.69540036,-0.99158851,-0.32784323,-0.35106829,-0.095641539,0.33143973,-0.37187814,-0.83866514,-0.37187814,-0.79832875,-0.37860486,-0.48607583,1,"walking_upstairs"
-0.35453055,-0.31707983,0.32217212,-0.34204157,-0.79750965,0.055110737,-0.071927364,-0.047549591,-0.030207444,0.90283853,-0.2993451,0.72037343,-0.63189293,0.66881889,0.82917445,-0.3828601,-0.67132627,0.89390779,-0.70491359,-0.99387917,-0.18882648,-0.24027966,-0.11385272,0.19586449,-0.26536176,-0.80587429,-0.26536176,-0.72537819,-0.25420338,-0.39059473,1,"walking_upstairs"
-0.36125164,-0.31933824,0.32338923,-0.3451352,-0.79364067,0.052108254,-0.056227902,-0.04348255,-0.030207444,0.90283853,-0.39212167,0.73405334,-0.66251084,0.70122988,0.83302655,-0.37182784,-0.67025574,0.89933954,-0.73902774,-0.99501086,-0.29275365,-0.32081949,-0.1058741,0.30475383,-0.2947213,-0.71684038,-0.2947213,-0.74663424,-0.36357547,-0.83303434,1,"walking_upstairs"
-0.36007293,-0.31941384,0.32367924,-0.34601613,-0.79252308,0.060558758,-0.080657497,-0.055663886,-0.04101284,0.91072594,-0.49292292,0.73624392,-0.47345561,0.51273804,0.83302655,-0.417556,-0.66780836,0.9002146,-0.54957027,-0.99210193,-0.19552076,-0.26130679,-0.069249768,0.18860388,-0.27083037,-0.74895866,-0.27083037,-0.72938762,-0.23352639,-0.76174242,1,"walking_upstairs"
-0.33799141,-0.31912647,0.31384947,-0.33682804,-0.80372223,0.01011299,-0.046267507,0.016850711,0.029626773,0.9385778,0.77518884,0.80989735,-0.96413594,0.96625316,0.87990029,-0.93372024,-0.68758294,0.92902391,-0.96800937,-0.99889042,-0.91165473,-0.92724115,-0.14885791,0.91928936,-0.92697005,-0.91559686,-0.92697005,-0.9966149,-0.93357013,-0.96596717,1,"standing"
-0.356545,-0.31912647,0.32153802,-0.34717939,-0.79104311,0.014515193,0.001033135,0.010435044,0.02856804,0.9385778,-0.084113497,0.79124019,-0.87990459,0.88740557,0.85171879,-0.95851614,-0.6766057,0.9218254,-0.89462419,-0.99963125,-0.81314786,-0.95709008,-0.16109586,0.79836801,-0.95970598,-0.79701189,-0.95970598,-0.99878543,-0.79560881,-0.98606429,1,"standing"
-0.35714658,-0.31845211,0.31888283,-0.34394546,-0.79512863,0.017799085,0.001033135,0.005662581,0.005107221,0.94282925,0.054811437,0.8014381,-0.51515653,0.52644026,0.85267231,-0.98466128,-0.68048708,0.92579791,-0.53783477,-0.99993584,-0.59655909,-0.98687184,-0.17538294,0.58080906,-0.98504729,-0.57948697,-0.98504729,-0.99973665,-0.59225675,-0.99101372,1,"standing"
-0.34877785,-0.31157106,0.31490527,-0.33822701,-0.8022494,0.013691468,0.0077676453,0.011640008,0.0051456928,0.94744733,0.29507157,0.8070524,-0.5294594,0.54629298,0.85604973,-0.97510709,-0.68619309,0.92797881,-0.56330058,-0.99991843,-0.33638126,-0.97505722,-0.18465538,0.32309008,-0.97259308,-0.24688881,-0.97259308,-0.99934858,-0.3554192,-0.95978798,1,"standing"
-0.34613617,-0.30683787,0.31090508,-0.33243089,-0.80934413,0.014964118,0.009109511,0.0097864055,0.0051456928,0.94840576,0.63100142,0.81224915,-0.61333721,0.6186535,0.85703051,-0.97226734,-0.69201661,0.92999424,-0.62380131,-0.99995035,-0.53602104,-0.96462938,-0.20150783,0.4993531,-0.96963677,-0.39294798,-0.96963677,-0.99923395,-0.49250712,-0.95502101,1,"standing"
-0.34613617,-0.31499306,0.31373338,-0.33647863,-0.80432461,0.01680354,0.0069139897,0.0071108915,0.00012640384,0.94501347,0.37933091,0.80806425,-0.27983251,0.27822538,0.85703051,-0.97243469,-0.68794328,0.92836922,-0.2764919,-0.99999489,-0.60013497,-0.96916598,-0.20050055,0.56289091,-0.97064995,-0.64940887,-0.97064995,-0.99927391,-0.55098203,-0.97917002,1,"standing"
-0.35464856,-0.31500079,0.31949771,-0.34470941,-0.7941724,0.01961812,-0.0021548031,0.0030156153,-0.00096598196,0.94488257,0.16288972,0.79922212,-0.083332047,0.088413241,0.85377451,-0.9858527,-0.67958604,0.92493645,-0.093772602,-0.99994706,-0.55315593,-0.98392893,-0.17802954,0.51056896,-0.98465845,-0.40606236,-0.98465845,-0.99972697,-0.49633652,-0.9872834,1,"standing"
-0.36159058,-0.31500079,0.31982772,-0.3452228,-0.79353717,0.023479353,-0.0024568629,-0.002604128,-0.0049136421,0.94488257,0.047751078,0.79907107,-0.35743995,0.3661169,0.85130175,-0.9916129,-0.6790157,0.92487803,-0.37463468,-0.99985364,-0.34274421,-0.98859562,-0.16575726,0.30913469,-0.99233,-0.49084446,-0.99233,-0.99989261,-0.31914708,-0.99065531,1,"standing"
-0.36122384,-0.3135784,0.31871103,-0.34363084,-0.79554278,0.023753058,-0.0024568629,-0.0030021075,-0.010494027,0.94560326,-0.12039263,0.80080194,-0.20397972,0.22609995,0.85130175,-0.99243376,-0.68062271,0.92555134,-0.24855492,-0.99985028,0.16097484,-0.98966382,-0.16772224,-0.14543019,-0.9901367,-0.43669148,-0.9901367,-0.99985122,0.04759377,-0.9942381,1,"standing"
-0.36122384,-0.3118252,0.31847137,-0.34315062,-0.79614669,0.022789621,0.00017177883,-0.0015969256,-0.009951521,0.94566282,-0.09186338,0.79968071,-0.038916344,0.10049521,0.85119647,-0.99146099,-0.68100363,0.92511537,-0.16321102,-0.99989775,0.1080499,-0.98799258,-0.17361944,-0.14200523,-0.9890659,-0.39280535,-0.9890659,-0.99982921,0.10274415,-0.9931605,1,"standing"
-0.36152571,-0.31262148,0.3188366,-0.34371509,-0.79543779,0.023873965,-0.003244595,-0.0031755353,-0.009951521,0.94566282,0.089968111,0.79955296,-0.29825057,0.33439065,0.8509039,-0.99242877,-0.68043619,0.9250657,-0.37061945,-0.9998406,0.018530506,-0.99016817,-0.16796388,-0.09979695,-0.99167203,-0.33979707,-0.99167203,-0.99988072,0.11658265,-0.99341968,1,"standing"
-0.35931017,-0.31262148,0.31841571,-0.34320849,-0.79607172,0.025274454,-0.003244595,-0.0052159348,-0.011522525,0.94599932,0.29045743,0.80117169,-0.42559639,0.45954441,0.85165013,-0.99331908,-0.68098471,0.92569508,-0.4938588,-0.99976745,-0.41707113,-0.99237234,-0.16267727,0.37611974,-0.99357701,-0.2468841,-0.99357701,-0.99991407,-0.37291106,-0.99177418,1,"standing"
-0.35930299,-0.3129672,0.31791099,-0.34243891,-0.7970362,0.025098201,-0.003143232,-0.0049576372,-0.013091451,0.94506773,0.41016083,0.80141323,-0.59093962,0.60947101,0.85165013,-0.99393089,-0.6817239,0.92578891,-0.62817566,-0.99977904,-0.66820436,-0.99289416,-0.16527691,0.65306891,-0.9941568,-0.10634553,-0.9941568,-0.99992338,-0.66002603,-0.9714769,1,"standing"
-0.35930299,-0.31623694,0.3195845,-0.34471813,-0.79416489,0.025221043,-0.0059762513,-0.0051335002,-0.013091451,0.94375174,0.14956475,0.79762768,-0.54938984,0.56816554,0.85164939,-0.99168058,-0.67929492,0.92431613,-0.58714984,-0.99976949,-0.570362,-0.98908975,-0.16144957,0.54716571,-0.99127751,-0.25584872,-0.99127751,-0.99987326,-0.55241471,-0.97213546,1,"standing"
-0.34853575,-0.39242723,0.33663542,-0.36886927,-0.76005751,0.052067472,-0.066435816,-0.044189398,-0.029762046,0.90349615,0.92110632,0.76551315,-0.86956843,0.86887491,0.85518111,-0.82701729,-0.65124697,0.91165931,-0.86783325,-0.99448954,-0.9569166,-0.89091752,-0.015842588,0.95804384,-0.83307338,-0.97906219,-0.83307338,-0.98450622,-0.96224435,-0.95016504,1,"standing"
-0.34853575,-0.32521335,0.31444188,-0.33745487,-0.80315114,0.041623348,-0.049312351,-0.028988205,-0.029762046,0.93811144,0.64870433,0.80445994,-0.86732387,0.86802655,0.85518111,-0.97989066,-0.68506822,0.9269698,-0.86838732,-0.99751633,-0.95006286,-0.97465528,-0.11232951,0.94903544,-0.97430646,-0.88429409,-0.97430646,-0.99941054,-0.95141916,-0.98370956,1,"standing"
-0.35038177,-0.31281082,0.31683141,-0.34107536,-0.79871371,0.043941874,-0.035602648,-0.032386937,-0.030017938,0.94595498,0.31519138,0.80269364,-0.47383326,0.48005128,0.85487882,-0.98252992,-0.68125025,0.92628592,-0.48632788,-0.99707476,-0.51975572,-0.98642015,-0.094731046,0.47319371,-0.98469243,-0.59482468,-0.98469243,-0.99972785,-0.45707534,-0.98757773,1,"standing"
-0.36009781,-0.31281082,0.31814719,-0.34285915,-0.79651002,0.046814074,-0.035602648,-0.036554964,-0.04131885,0.94530047,0.14835665,0.7990155,-0.36846743,0.40055976,0.85075524,-0.99658109,-0.67884758,0.92485665,-0.43271699,-0.99647758,-0.55838683,-0.99429242,-0.081498118,0.52596814,-0.99623485,-0.36892688,-0.99623485,-0.99995457,-0.52171368,-0.98850392,1,"standing"
-0.36009781,-0.31552698,0.31858003,-0.34337231,-0.79586302,0.045039815,-0.035202356,-0.033962551,-0.040053078,0.94410308,0.13147582,0.7975649,-0.23829744,0.2600947,0.85021628,-0.99451033,-0.67854439,0.92429226,-0.28220855,-0.99689322,-0.46293523,-0.99236979,-0.08811695,0.42712559,-0.99411316,-0.13183546,-0.99411316,-0.99992275,-0.42645992,-0.99259326,1,"standing"
-0.36109407,-0.31847188,0.3211037,-0.34708939,-0.79116298,0.045940993,-0.037850244,-0.035291532,-0.040053078,0.94314908,0.20838788,0.79474921,-0.092640916,0.0944657,0.84965167,-0.99272262,-0.67475318,0.92319593,-0.096276864,-0.99666921,-0.628849,-0.99258385,-0.076579841,0.60076284,-0.99367976,-0.4155425,-0.99367976,-0.99991548,-0.5966952,-0.99612783,1,"standing"
-0.36426556,-0.31847188,0.32210519,-0.34857415,-0.78928384,0.049120769,-0.039905173,-0.039925918,-0.043562617,0.94314908,0.28806218,0.79309037,-0.31113605,0.32133018,0.84851305,-0.99523418,-0.67271545,0.92255001,-0.33139985,-0.99588962,-0.56144365,-0.99663934,-0.061406478,0.52424877,-0.9966008,-0.38255122,-0.9966008,-0.99995956,-0.51508149,-0.99065073,1,"standing"
-0.36426116,-0.31799919,0.32102549,-0.34699961,-0.79128823,0.050938882,-0.041217794,-0.042563224,-0.049225434,0.94334821,0.28313328,0.79395927,-0.40615384,0.42435941,0.84852292,-0.9965522,-0.6738962,0.92288852,-0.44226297,-0.99540694,-0.50217082,-0.99633955,-0.057984329,0.4608825,-0.99766583,-0.4107939,-0.99766583,-0.99997351,-0.45150374,-0.99065423,1,"standing"
-0.36401001,-0.31474511,0.32039249,-0.34609368,-0.79243867,0.051842136,-0.041749487,-0.043875015,-0.051269714,0.94389701,-0.025297178,0.79468468,-0.37612061,0.39751992,0.84870143,-0.99851262,-0.67461259,0.92317108,-0.41845094,-0.99515551,-0.25127056,-0.99788764,-0.056395944,0.20159371,-0.99916074,-0.27832419,-0.99916074,-0.9999911,-0.19952355,-0.99330851,1,"standing"
-0.36141587,-0.31441593,0.31978158,-0.34517631,-0.79359657,0.051877598,-0.041749487,-0.043918442,-0.05092956,0.94396111,0.067716136,0.79512231,-0.40906781,0.42448918,0.8491699,-0.99771905,-0.67548134,0.92334149,-0.4395846,-0.99514672,-0.33385403,-0.99651357,-0.058443424,0.29368808,-0.99736386,-0.2979849,-0.99736386,-0.99996968,-0.29726069,-0.99179319,1,"standing"
-0.3610854,-0.31392737,0.31874423,-0.34365863,-0.79550708,0.051146057,-0.041742925,-0.042847295,-0.050511266,0.94403342,0.026883482,0.79649974,-0.56454561,0.5766542,0.85010033,-0.99720998,-0.6771266,0.92387765,-0.58845979,-0.99535329,-0.20982446,-0.99629927,-0.064396041,0.15749929,-0.99658767,-0.28311376,-0.99658767,-0.99995929,-0.15679783,-0.9920775,1,"standing"
-0.36047757,-0.31122792,0.31805261,-0.34272485,-0.79668031,0.050865197,-0.041135929,-0.042445587,-0.050503641,0.94492456,0.10132085,0.79822646,-0.55044461,0.56782674,0.85010033,-0.99673334,-0.67817866,0.92454971,-0.58499035,-0.9954309,-0.24935673,-0.9958615,-0.066712874,0.22421384,-0.99679782,-0.3037379,-0.99679782,-0.99996211,-0.24919922,-0.99135917,1,"standing"
0.3216863,0.10754742,-0.13014451,0.30427097,-0.79042976,-0.24711421,0.33523384,0.37265501,0.38995838,0.79100454,-0.96994244,0.4609748,-0.9756473,0.97521132,0.782639,-0.77292821,-0.49836738,0.78629073,-0.97437006,-0.73268259,-1,-0.754542,0.51348588,1,-0.74268586,-0.98355195,-0.74268586,-0.96459839,-1,-0.98942803,1,"sitting"
0.3216863,0.32665786,-0.14479274,0.32209718,-0.77605446,-0.23258583,0.34346916,0.35109138,0.37462693,0.79100454,-0.87428284,0.44160453,-0.93638904,0.93951484,0.71269578,-0.92789904,-0.49840221,0.77811941,-0.94230019,-0.76364412,-0.95937303,-0.94060532,0.48856252,0.95872192,-0.92804314,-0.84502084,-0.92804314,-0.99670304,-0.96086021,-0.98889358,1,"sitting"
0.27698835,0.32665786,-0.13508295,0.30836272,-0.79440933,-0.22913879,0.34346916,0.34595184,0.33785571,0.8041839,-0.38801831,0.45835762,-0.63725137,0.63580702,0.71269578,-0.99115404,-0.51262349,0.78539959,-0.6341051,-0.77091356,-0.8967643,-0.99024984,0.45153115,0.8950614,-0.99081907,-0.66132544,-0.99081907,-0.99986444,-0.90041666,-0.9913914,1,"sitting"
0.27710564,0.32900683,-0.13689363,0.3114416,-0.79052486,-0.23053226,0.34931879,0.34844109,0.33785571,0.80887064,-0.372093,0.45864086,-0.32919045,0.34375745,0.71268019,-0.99589736,-0.50918519,0.78552281,-0.35846487,-0.76757025,-0.14138128,-0.99411064,0.46678058,0.06113558,-0.9940672,-0.06920515,-0.9940672,-0.99992082,-0.035526338,-0.99594477,1,"sitting"
0.27710564,0.33260956,-0.13694797,0.31146614,-0.79049699,-0.23007489,0.34974507,0.34778302,0.33699624,0.80887064,-0.30533099,0.45885125,-0.30116992,0.31617352,0.71223643,-0.99648119,-0.50961215,0.7856137,-0.33109102,-0.76846252,-0.12268343,-0.99577935,0.46526361,0.049882122,-0.99533961,-0.058939566,-0.99533961,-0.99994147,-0.033087063,-0.99922748,1,"sitting"
0.2775645,0.33260956,-0.13670326,0.31117937,-0.79086176,-0.23007427,0.34974507,0.34783019,0.33707896,0.80953098,-0.074495793,0.45966309,-0.31427399,0.33612919,0.71223643,-0.99785418,-0.50987777,0.78596443,-0.35805332,-0.76839844,0.032531452,-0.99659627,0.46528532,-0.11912287,-0.99705047,-0.10241987,-0.99705047,-0.99996484,0.13942587,-0.99935637,1,"sitting"
0.27807879,0.33278015,-0.13767151,0.31260604,-0.78904482,-0.23024794,0.3497923,0.34817392,0.33708541,0.80920008,-0.019759078,0.45875628,-0.30539648,0.33034374,0.71209934,-0.99891722,-0.50864437,0.78557279,-0.35484813,-0.76793294,0.20603579,-0.99808642,0.46932495,-0.32134581,-0.99845431,-0.088362454,-0.99845431,-0.99998184,0.36032424,-0.99973501,1,"sitting"
0.27807879,0.33319885,-0.13755096,0.31233071,-0.78939563,-0.22975252,0.34826852,0.34740125,0.33708541,0.80920008,-0.1616719,0.45877016,-0.24434419,0.27549049,0.71208381,-0.99914571,-0.5093005,0.78557878,-0.30671304,-0.76897735,0.13131444,-0.99871058,0.46652416,-0.23764361,-0.99906415,-0.20435904,-0.99906415,-0.99999003,0.27266138,-1,1,"sitting"
0.27696004,0.33319885,-0.13724409,0.31174844,-0.79013903,-0.22883996,0.34788311,0.34601991,0.33559516,0.80927837,-0.25532008,0.4592818,-0.37657777,0.39585845,0.71208874,-0.99888805,-0.51060024,0.78579977,-0.41493696,-0.77084198,-0.15348057,-0.9985407,0.46167686,0.082295785,-0.99837362,-0.084853518,-0.99837362,-0.99998205,-0.065099606,-0.99965007,1,"sitting"
0.27696004,0.33343255,-0.13747018,0.31204932,-0.78975623,-0.22849892,0.34788311,0.34556065,0.33415604,0.80954508,-0.19207233,0.45939862,-0.43352472,0.46127533,0.71208874,-0.99824889,-0.51071551,0.78585024,-0.48855941,-0.77146068,-0.10110489,-0.99720404,0.46136381,0.032731366,-0.99815493,0.035012666,-0.99815493,-0.99997949,-0.022310412,-0.99945836,1,"sitting"
0.2778356,0.3334309,-0.13740687,0.31197396,-0.78985182,-0.22880441,0.34800799,0.34597708,0.33477615,0.80901644,-0.20827747,0.4591084,-0.39165299,0.44669394,0.71188356,-0.99758346,-0.51046111,0.78572489,-0.50254132,-0.77090018,-0.022482595,-0.99659797,0.46203085,-0.059483482,-0.99798302,-0.21380071,-0.99798302,-0.99997741,0.078786171,-0.99926423,1,"sitting"
0.75967401,0.7995389,-0.58771761,0.80189333,0.2971341,-0.35850989,0.48644454,0.50251109,0.54629292,-0.095019125,-0.12195144,-0.87240843,-0.95741176,0.96371108,-0.12386769,-0.92967635,0.319305,-0.10308768,-0.96973151,-0.51072187,-0.48164453,-0.92856804,0.50160015,0.43405118,-0.92583219,-0.93186128,-0.92583219,-0.99652058,-0.41948304,-0.96108447,1,"laying"
0.75967401,0.81006569,-0.58428327,0.80003329,0.29122631,-0.3488254,0.48644454,0.49135427,0.48302955,-0.066607945,-0.89160971,-0.84398394,-0.80285934,0.80037281,-0.11688628,-0.94210789,0.2893005,-0.06299006,-0.79757545,-0.53334853,-0.58498308,-0.95326985,0.5438425,0.54483726,-0.94489233,-0.89005772,-0.94489233,-0.99793498,-0.53089299,-0.95909638,1,"laying"
0.74936955,0.81006569,-0.57777093,0.79567669,0.27746158,-0.35110356,0.49601757,0.49463892,0.48302955,-0.01094845,-0.47317145,-0.83308194,-0.87987753,0.8876819,-0.11688628,-0.99669229,0.27854931,-0.048389323,-0.89523535,-0.5270562,-0.53888371,-0.99624045,0.5688648,0.50124819,-0.99594648,-0.68262638,-0.99594648,-0.99995044,-0.49307938,-0.97780927,1,"laying"
0.74736375,0.81045223,-0.57805995,0.79574623,0.27767916,-0.35056627,0.49566519,0.49388979,0.48177581,-0.006818482,-0.31136635,-0.83272089,-0.24806961,0.25698954,-0.11612852,-0.99657167,0.27813235,-0.047927566,-0.26600251,-0.52850532,0.17009435,-0.99554654,0.56793986,-0.21263927,-0.9952356,-0.26554236,-0.9952356,-0.99994018,0.17654228,-0.99208177,1,"laying"
0.74729201,0.81005646,-0.5781225,0.7954083,0.27661843,-0.34996235,0.49381164,0.49292579,0.48124658,-0.0063605256,-0.27062988,-0.83176745,-0.29815039,0.3193454,-0.11604333,-0.99767611,0.27705205,-0.046712688,-0.34094438,-0.53036334,0.14300637,-0.99677585,0.56678241,-0.13089017,-0.99684745,-0.20165687,-0.99684745,-0.99996294,0.038238924,-0.99968563,1,"laying"
0.74673063,0.80953142,-0.57817875,0.79482223,0.27477961,-0.34973662,0.49381164,0.49227442,0.48036934,-0.0051435297,-0.046507611,-0.8316928,-0.43854112,0.44928448,-0.11604333,-0.99820737,0.2767261,-0.04661734,-0.45989017,-0.53161939,0.13105796,-0.99755764,0.56363371,-0.081699434,-0.99847785,-0.21325634,-0.99847785,-0.99998334,-0.050093015,-0.99874711,1,"laying"
0.74642227,0.80950676,-0.57772171,0.7945045,0.27378316,-0.35011159,0.49413458,0.49275908,0.48037507,-0.0051435297,-0.35702484,-0.83135364,-0.40757839,0.41852735,-0.11524398,-0.996219,0.27641877,-0.046186846,-0.4293437,-0.53068635,-0.0023605341,-0.99501086,0.56489376,-0.039138008,-0.99654755,-0.037301857,-0.99654755,-0.9999589,0.013916529,-0.99765984,1,"laying"
0.74694695,0.80950676,-0.57760254,0.79494079,0.27515176,-0.35019265,0.49519977,0.49317659,0.48089974,-0.0043721036,-0.4226743,-0.83101515,-0.23742831,0.25716861,-0.11524398,-0.99686808,0.27630488,-0.045756393,-0.27707819,-0.52988167,0.12631504,-0.99575755,0.56802187,-0.20807112,-0.99584106,0.15436815,-0.99584106,-0.99994883,0.21732259,-0.99952835,1,"laying"
0.74694695,0.80977844,-0.57782385,0.79503831,0.27545752,-0.35010314,0.49455587,0.49301931,0.48089974,-0.0043802861,-0.37109113,-0.83139559,-0.23877095,0.30983148,-0.11569042,-0.9986614,0.27664001,-0.046239328,-0.38228594,-0.53018451,0.10687862,-0.99834498,0.56693779,-0.18206403,-0.99814675,-0.0025885652,-0.99814675,-0.99997926,0.18595182,-0.999362,1,"laying"
0.74646861,0.80974965,-0.57768574,0.79462305,0.2741548,-0.35019491,0.49455587,0.49294839,0.48091058,-0.0047818152,-0.36535935,-0.83138046,-0.36260323,0.39687203,-0.11579812,-0.99885683,0.27650352,-0.046220173,-0.4316176,-0.53032126,0.0067095568,-0.99774418,0.56565745,-0.044796269,-0.99900312,-0.263119,-0.99900312,-0.99998936,0.016205499,-0.99915313,1,"laying"
0.74685346,0.80973879,-0.57746589,0.79471389,0.27443975,-0.35060889,0.4948363,0.49361047,0.48124772,-0.0050171594,-0.1160785,-0.83160504,-0.43379924,0.44956589,-0.11579812,-0.99726631,0.27682914,-0.046505809,-0.46534431,-0.52904433,-0.024919749,-0.99660901,0.56712399,-0.013682456,-0.99731759,-0.066783488,-0.99731759,-0.99996909,-0.012952259,-0.99944285,1,"laying"
0.74697341,0.80973879,-0.5774644,0.79508264,0.27559656,-0.35042803,0.49554012,0.4936137,0.48124772,-0.0050171594,-0.03128871,-0.8310682,-0.48592329,0.50459336,-0.11425978,-0.99708387,0.27645911,-0.045825016,-0.52340589,-0.52903826,-0.11245037,-0.99646898,0.56944312,0.047518546,-0.99747605,-0.25204206,-0.99747605,-0.99997108,-0.039915296,-0.99856485,1,"laying"
0.073452504,0.058506286,0.034761896,0.071334492,-0.9832649,-0.16400404,0.2111523,0.26162794,0.35705965,0.84740386,0.22242522,0.77642765,-0.9573549,0.95815778,0.86077541,-0.76289686,-0.73369356,0.91575268,-0.95858797,-0.86438135,-0.88857456,-0.82488897,-0.16680451,0.89940293,-0.76827267,-0.96940255,-0.76827267,-0.97106138,-0.91868239,-0.95849743,1,"sitting"
0.073452504,0.093988672,0.018601993,0.094979379,-0.97521438,-0.1347856,0.2111523,0.2216238,0.22680001,0.94463265,-0.42174484,0.80876805,-0.87746411,0.88372979,0.86077541,-0.97304604,-0.76153551,0.9286387,-0.8896848,-0.90754285,-0.93093517,-0.97760867,-0.18470892,0.92411352,-0.97366839,-0.96242776,-0.97366839,-0.99938798,-0.92165107,-0.94051814,1,"sitting"
0.072667886,0.11712315,0.017871488,0.095960176,-0.97489078,-0.14409832,0.21780005,0.23443716,0.23222272,0.94156839,-0.15090042,0.79562477,-0.55518328,0.56463765,0.85226871,-0.98693969,-0.74944192,0.9235361,-0.57413626,-0.89632496,-0.6931984,-0.98333202,-0.15761926,0.66328318,-0.98621451,-0.60772692,-0.98621451,-0.99976522,-0.65275486,-0.95619543,1,"sitting"
0.078233772,0.11712951,0.014641909,0.10068558,-0.97273002,-0.14953969,0.24012884,0.24209162,0.23284402,0.94037297,-0.35752369,0.78888992,-0.084407439,0.10816563,0.84884589,-0.99079507,-0.7404593,0.92091184,-0.13267711,-0.8894064,-0.52068821,-0.98818136,-0.12937991,0.47351155,-0.99069687,-0.36544,-0.99069687,-0.99986215,-0.45667779,-0.97753935,1,"sitting"
0.07875758,0.12684736,0.010155365,0.10714227,-0.96974348,-0.14958441,0.2430839,0.24208286,0.23284402,0.93989972,-0.2663338,0.78486405,-0.26657881,0.30900313,0.84572249,-0.99524037,-0.73730326,0.91934116,-0.35215397,-0.88941686,-0.29336883,-0.9929024,-0.11488976,0.22756655,-0.99305487,-0.0057777713,-0.99305487,-0.9999053,-0.20676231,-0.99240971,1,"sitting"
0.079301006,0.13221826,0.0094325248,0.10814091,-0.96926645,-0.14924849,0.2430839,0.24152913,0.23195971,0.93895274,-0.12708153,0.78344797,-0.35428189,0.38226244,0.84453652,-0.99462309,-0.73720647,0.91878808,-0.41046286,-0.88993611,-0.31328647,-0.99372173,-0.114721,0.2514988,-0.99298246,-0.024943012,-0.99298246,-0.9999036,-0.23314301,-0.99930024,1,"sitting"
0.085898947,0.13221826,0.0076223379,0.11075236,-0.96795954,-0.14970865,0.24365591,0.24215779,0.23196155,0.93836228,-0.2168327,0.7815463,-0.43551569,0.45744628,0.84426455,-0.99335271,-0.7353437,0.91804484,-0.47933797,-0.88934933,-0.28666669,-0.99281356,-0.10737866,0.21642287,-0.99395981,-0.0298155,-0.99395981,-0.99992017,-0.19124196,-0.99819017,1,"sitting"
0.085926003,0.13502806,0.005038982,0.11451262,-0.96608033,-0.1491778,0.24267068,0.24147053,0.23196155,0.93836228,-0.56596121,0.78111647,-0.4589375,0.464512,0.844375,-0.99693031,-0.73410939,0.91787683,-0.46978755,-0.88999058,-0.46524299,-0.99768235,-0.099326744,0.41271486,-0.99804364,-0.31500443,-0.99804364,-0.9999781,-0.39398936,-0.99661767,1,"sitting"
0.086938183,0.13865191,0.0046902748,0.1150413,-0.9658128,-0.14871851,0.2426673,0.24087721,0.23069388,0.93824122,-0.43930786,0.78206949,-0.36654065,0.36889906,0.844375,-0.99508529,-0.73441166,0.91824934,-0.37115324,-0.89054432,-0.20049222,-0.99371778,-0.09876014,0.12281702,-0.99616691,-0.41907842,-0.99616691,-0.99995364,-0.095569803,-0.99944348,1,"sitting"
0.088276627,0.13865191,0.0036063741,0.1165863,-0.96500992,-0.14877367,0.24254226,0.24091689,0.23069388,0.937953,-0.40367553,0.7806793,-0.33693315,0.34474268,0.84435762,-0.99606766,-0.73353702,0.91770587,-0.3525452,-0.89050736,-0.41651015,-0.99531943,-0.095503528,0.36094398,-0.99712128,-0.45220411,-0.99712128,-0.99996641,-0.34220201,-0.9987723,1,"sitting"
0.088276627,0.14105564,0.0030167146,0.11742018,-0.96458057,-0.14807169,0.24092231,0.23991183,0.23056836,0.937953,-0.44838598,0.78059997,-0.26229608,0.26591944,0.8436243,-0.99357898,-0.73394659,0.91767493,-0.26911813,-0.89143904,-0.72311167,-0.99314449,-0.09598414,0.70082512,-0.99526772,-0.29987824,-0.99526772,-0.99994053,-0.69619734,-0.99863544,1,"sitting"
0.0928337,0.14105564,0.0016717346,0.11931644,-0.96356698,-0.14716862,0.24043056,0.23858067,0.22907455,0.93683362,-0.18507557,0.77948087,-0.28178872,0.29280114,0.8436243,-0.99182712,-0.73401796,0.91723704,-0.30372043,-0.89267071,-0.56947707,-0.99092107,-0.095233579,0.53075001,-0.99246581,-0.40477774,-0.99246581,-0.99989505,-0.51934865,-0.9923469,1,"sitting"
0.86599946,0.83766073,-0.75428494,0.87234565,0.53179329,-0.097477218,-0.22068804,0.15782376,0.45087351,-0.14042517,0.46136389,-0.83647134,-0.68253261,0.68235955,-0.079814823,-0.14363695,0.26954478,-0.055034629,-0.68196198,-0.85998705,-0.52839724,-0.21344265,0.049798124,0.49221736,-0.11779886,-0.91371209,-0.11779886,-0.60581493,-0.48628006,-0.3789135,1,"laying"
0.88001315,0.89378867,-0.8048647,0.91490323,0.67960582,0.14403351,-0.31400941,-0.16464523,0.14035366,-0.25035687,-0.19736972,-0.90294148,-0.86922333,0.86838559,-0.079814823,0.029689026,0.36427666,-0.16876892,-0.86718978,-0.89464194,-0.52215338,-0.15552906,-0.10550437,0.48898291,0.022248669,-0.87806253,0.022248669,-0.47243193,-0.48702632,-0.76276363,1,"laying"
0.88062299,0.93159255,-0.77169117,0.92885299,0.72983827,0.23656311,-0.31400941,-0.29541016,-0.23555746,-0.25035687,-0.14563666,-0.96387338,-0.97417213,0.97628235,-0.25952788,-0.91750398,0.45077589,-0.27793837,-0.9780302,-0.82013266,-0.66202167,-0.91635562,-0.01319947,0.63273092,-0.91629205,-0.97279594,-0.91629205,-0.99567849,-0.62510346,-0.87031415,1,"laying"
0.88618789,0.93872016,-0.77716051,0.9304777,0.73576832,0.2327786,-0.30548263,-0.29007455,-0.25421168,-0.24931088,0.6358474,-0.967909,-0.70226924,0.70171596,-0.35127683,-0.77267166,0.45779998,-0.28781038,-0.70072929,-0.8266711,-0.84185333,-0.8213644,-0.042027787,0.82829263,-0.78262396,-0.96815821,-0.78262396,-0.97439876,-0.82481172,-0.77888364,1,"laying"
0.89576374,0.93872016,-0.79860273,0.93756427,0.76192499,0.20589471,-0.30228121,-0.25336946,-0.2151838,-0.24343742,0.44962245,-0.96503014,-0.85212441,0.85229767,-0.33081903,-0.74593604,0.45167239,-0.27981806,-0.8521365,-0.86468092,-0.86129233,-0.81210842,-0.10549321,0.84951716,-0.75820854,-0.98049594,-0.75820854,-0.9686023,-0.84660586,-0.84938807,1,"laying"
0.89576374,0.9520597,-0.81776067,0.94630484,0.79416356,0.17855129,-0.24306962,-0.21665214,-0.2151838,-0.23576246,0.35596675,-0.96000128,-0.60103345,0.59887095,-0.32942514,-0.95993478,0.44189198,-0.26612231,-0.59651772,-0.90212711,-0.56169884,-0.96055204,-0.15353233,0.51993661,-0.96069102,-0.9543572,-0.96069102,-0.9988342,-0.50596405,-0.96443023,1,"laying"
0.89572849,0.95484295,-0.81477122,0.94546379,0.79103247,0.17958361,-0.22557301,-0.21812437,-0.21519539,-0.21472484,-0.21508063,-0.95711661,-0.65826665,0.65920518,-0.32142424,-0.98673917,0.43649308,-0.25863635,-0.65976911,-0.9009256,-0.14359806,-0.98526251,-0.13748735,0.10167988,-0.98655042,-0.80163528,-0.98655042,-0.9997732,-0.11697073,-0.97840718,1,"laying"
0.89297316,0.95312382,-0.80710001,0.94214079,0.77869965,0.18765472,-0.23533358,-0.22900956,-0.22628186,-0.21403178,-0.36690973,-0.95552497,-0.50725046,0.50474073,-0.32126784,-0.98495337,0.43354061,-0.25465591,-0.50203045,-0.89103827,-0.090875289,-0.98496411,-0.1097712,0.0071898512,-0.98560455,-0.69350158,-0.98560455,-0.99975061,0.018673925,-0.96874204,1,"laying"
0.88996558,0.95176059,-0.80351655,0.94101831,0.77453852,0.19219988,-0.24343674,-0.23524917,-0.2357367,-0.21316596,0.78027258,-0.95564457,-0.85484424,0.87896186,-0.32126784,-0.78869229,0.43380479,-0.25494683,-0.90311218,-0.88523701,-0.84552282,-0.81933001,-0.096706154,0.84452554,-0.78444947,-0.91834915,-0.78444947,-0.97480487,-0.8541414,-0.89283103,1,"laying"
0.88996558,0.92594861,-0.78632161,0.93317912,0.74584806,0.21739001,-0.35317089,-0.26905586,-0.23938236,-0.26154422,0.67957867,-0.96116739,-0.93602371,0.93699858,-0.32396176,-0.74078957,0.44449034,-0.26976596,-0.93762693,-0.84740237,-0.85051481,-0.86747506,-0.056156831,0.83528539,-0.76047367,-0.96075827,-0.76047367,-0.96916532,-0.82947678,-0.85539008,1,"laying"
0.88591939,0.92383965,-0.75058451,0.91828313,0.69155297,0.26579492,-0.36794753,-0.33406763,-0.25436532,-0.28064783,0.91641062,-0.97252507,-0.85261295,0.85048267,-0.32954983,-0.81023632,0.46914411,-0.30336177,-0.84799613,-0.76866933,-0.80111282,-0.82961476,0.012504665,0.78025987,-0.80367303,-0.9593452,-0.80367303,-0.97891954,-0.77190053,-0.97437702,1,"laying"
-0.32207599,-0.29697788,0.30010432,-0.31690418,-0.82758816,0.10723582,-0.14926116,-0.12403738,-0.11580866,0.93978414,-0.1244375,0.79769019,-0.36054433,0.43279912,0.85774843,-0.46036622,-0.68104788,0.92433486,-0.50271543,-0.96633333,-0.17664064,-0.38807253,0.080773957,0.19796218,-0.33820437,-0.28646572,-0.33820437,-0.77651652,-0.27669904,-0.62483984,1,"walking"
-0.32911392,-0.29697788,0.30193551,-0.31931477,-0.82486643,0.10084302,-0.11930366,-0.11472956,-0.11580866,0.93978414,-0.21853886,0.79655769,-0.12162164,0.20544216,0.85433695,-0.45785071,-0.6821054,0.9238966,-0.28222986,-0.97131755,-0.10057515,-0.3808994,0.061606297,0.13921934,-0.26350047,0.12754898,-0.26350047,-0.72405027,-0.24070882,-0.67895024,1,"walking"
-0.32805571,-0.29130045,0.29744498,-0.3125677,-0.83267803,0.10094458,-0.11930366,-0.11473196,-0.11583895,0.94097638,-0.18095761,0.79915885,-0.17487428,0.2625836,0.85433695,-0.42495693,-0.68813867,0.92491028,-0.34432768,-0.97131704,-0.044976871,-0.3517299,0.045239503,0.06530504,-0.28214793,0.09261899,-0.28214793,-0.73766353,-0.15034256,-0.64306691,1,"walking"
-0.32322061,-0.28826387,0.29838515,-0.31295626,-0.8322259,0.097085004,-0.11755177,-0.10879743,-0.10574986,0.93444682,-0.13600988,0.78850347,-0.25394571,0.34025483,0.85159057,-0.44131389,-0.68890993,0.92075648,-0.42237836,-0.97401116,-0.086849284,-0.3006719,0.02244971,0.13082259,-0.26677264,-0.21195559,-0.26677264,-0.7261098,-0.2393489,-0.66548955,1,"walking"
-0.31634806,-0.28826387,0.29474984,-0.30673595,-0.83911946,0.090308611,-0.11347599,-0.098665703,-0.093985315,0.93444682,-0.06322806,0.78468789,-0.30778156,0.39356108,0.85188251,-0.43218345,-0.69728658,0.91926719,-0.47675725,-0.97836665,-0.070635207,-0.26951782,-0.024378763,0.12060049,-0.25692169,-0.24315001,-0.25692169,-0.71892165,-0.23656991,-0.56344897,1,"walking"
-0.31628142,-0.27207877,0.28952798,-0.29937171,-0.84735271,0.090365284,-0.11035363,-0.098759897,-0.093985315,0.93505072,-0.0041112577,0.79282622,-0.30584759,0.39300043,0.85417455,-0.44711479,-0.70441377,0.92244172,-0.47765302,-0.97832615,0.13526115,-0.31399225,-0.038021067,-0.066837071,-0.28351759,-0.13475414,-0.28351759,-0.73863233,-0.076554704,-0.60607661,1,"walking"
-0.31628142,-0.27873559,0.2925417,-0.30357378,-0.84272954,0.095092656,-0.11035363,-0.10551032,-0.10556578,0.93102244,-0.1161309,0.78493602,-0.28332633,0.36122225,0.85417455,-0.40103145,-0.69789993,0.91935585,-0.43661609,-0.97552768,0.17543968,-0.25810704,-0.014506222,-0.13155223,-0.22310314,-0.018619044,-0.22310314,-0.69336454,0.0094020807,-0.66861253,1,"walking"
-0.32027507,-0.27873559,0.29368831,-0.30504418,-0.84112329,0.096077859,-0.11088261,-0.10686179,-0.108204,0.93102244,-0.11787481,0.78075212,-0.31764805,0.39638297,0.84902831,-0.38494832,-0.695827,0.91772734,-0.47288058,-0.97494341,0.15709457,-0.22846948,-0.010033441,-0.11072731,-0.25003269,0.036476351,-0.25003269,-0.71401117,-0.013739937,-0.65181273,1,"walking"
-0.31173469,-0.28353146,0.2919864,-0.30401656,-0.84215692,0.075838924,-0.11423381,-0.078246278,-0.037726372,0.93709882,0.023529784,0.81087336,-0.35295475,0.43959345,0.86751859,-0.45583425,-0.70754928,0.92943207,-0.52472354,-0.98412335,-0.10373918,-0.32627543,-0.066779257,0.14940724,-0.299826,-0.61849084,-0.299826,-0.7501404,-0.25846423,-0.62207457,1,"walking"
-0.32488169,-0.28353146,0.29827941,-0.31208854,-0.83323366,0.097394985,-0.11716647,-0.10896344,-0.089207172,0.93034777,-0.13616015,0.77978905,-0.21554946,0.29569383,0.85564155,-0.38226598,-0.68889282,0.91735078,-0.37209578,-0.97382509,0.13477,-0.17946097,0.013987963,-0.067791174,-0.19440932,-0.39363547,-0.19440932,-0.67050731,-0.076210386,-0.56551517,1,"walking"
-0.32271507,-0.2834745,0.29712772,-0.3101711,-0.83538959,0.095548635,-0.11716647,-0.10620472,-0.10470775,0.93034777,-0.19421704,0.77911369,-0.34323141,0.42437357,0.85439599,-0.38192078,-0.69141602,0.91708209,-0.50328537,-0.97514931,0.2191232,-0.25875546,0.00089275755,-0.16871948,-0.23419562,-0.30839006,-0.23419562,-0.70197876,0.039812251,-0.57320199,1,"walking"
-0.32090594,-0.27894839,0.29294262,-0.30575951,-0.84033284,0.095200917,-0.11992676,-0.10629484,-0.10470775,0.93038776,-0.2317681,0.80454895,-0.40908583,0.4898615,0.86599523,-0.46823901,-0.69729805,0.92698246,-0.56958278,-0.97513713,0.10627906,-0.33883677,0.0081911783,-0.061224744,-0.32816169,-0.36933133,-0.32816169,-0.76973962,-0.056566387,-0.61602362,1,"walking"
-0.32090594,-0.27678394,0.29132821,-0.30525506,-0.84089881,0.10068126,-0.123796,-0.11494269,-0.11173959,0.9494377,-0.14297423,0.8264375,-0.26840372,0.35504504,0.8661885,-0.45248433,-0.6965466,0.93547823,-0.43727972,-0.97119038,0.24160567,-0.28195754,0.046265834,-0.19618173,-0.27097047,-0.29504022,-0.27097047,-0.72952696,0.072036733,-0.57009277,1,"walking"
-0.31457532,-0.27678394,0.28980506,-0.3023205,-0.84410057,0.096039994,-0.123796,-0.10791639,-0.098331399,0.94468973,-0.038081169,0.8219147,-0.2851903,0.37294299,0.8661885,-0.39036034,-0.70112185,0.93372745,-0.45714036,-0.97424029,0.18046729,-0.20856953,0.016155272,-0.12037493,-0.23357208,-0.29651707,-0.23357208,-0.70148122,-0.018153993,-0.48939836,1,"walking"
-0.30606823,-0.27335119,0.28582479,-0.29501043,-0.85201924,0.088662201,-0.10963491,-0.096647899,-0.098331399,0.94456604,-0.078550125,0.81078882,-0.32847062,0.41312093,0.8633911,-0.39838608,-0.71032462,0.92942237,-0.49571397,-0.9792544,0.08764849,-0.23268886,-0.042084669,-0.02402246,-0.24067096,-0.14787318,-0.24067096,-0.70693123,-0.11507596,-0.53031277,1,"walking"
-0.3057337,-0.26761166,0.28335895,-0.29215241,-0.85506458,0.086692123,-0.096765622,-0.094051569,-0.094970722,0.94456604,-0.11876021,0.82412595,-0.24963937,0.33546343,0.86783058,-0.43342615,-0.7146679,0.93457407,-0.41845364,-0.98032208,0.015966805,-0.27231053,-0.046877111,0.031926212,-0.23784922,0.10637991,-0.23784922,-0.70474083,-0.14951731,-0.53076134,1,"walking"
-0.3057337,-0.27613092,0.28610361,-0.29665225,-0.85023542,0.088706845,-0.10617737,-0.097171344,-0.094970722,0.94670359,-0.1255801,0.82665821,-0.1399674,0.23031619,0.86783058,-0.41140777,-0.709921,0.93555671,-0.31623318,-0.9790126,-0.10621389,-0.28173725,-0.024431472,0.15475702,-0.20854601,-0.12942663,-0.20854601,-0.68194978,-0.26551045,-0.52414667,1,"walking"
-0.31681267,-0.27865855,0.29125043,-0.30419659,-0.84204261,0.094190456,-0.11331869,-0.10516706,-0.10141224,0.94670359,-0.10261166,0.81836879,-0.26174241,0.35346896,0.86438865,-0.34398211,-0.70012483,0.9323586,-0.44264076,-0.97563656,0.023015681,-0.20052412,0.011271377,0.021661811,-0.18246415,-0.26326434,-0.18246415,-0.66088229,-0.13537885,-0.57683144,1,"walking"
-0.31917153,-0.27865855,0.2911716,-0.30466961,-0.84153127,0.095626185,-0.11331869,-0.10747332,-0.10627116,0.94985185,-0.00030257242,0.82510984,-0.31618906,0.40417055,0.86438865,-0.37266264,-0.69948474,0.9349668,-0.48962936,-0.97465926,0.2393205,-0.22311937,0.023733828,-0.1928691,-0.22709309,-0.1729153,-0.22709309,-0.6964747,0.066038389,-0.51988177,1,"walking"
-0.31917153,-0.27826081,0.29216597,-0.30442391,-0.84180536,0.096995131,-0.11544047,-0.10878837,-0.10627116,0.92250489,0.015236016,0.80185283,-0.31440184,0.40746074,0.86400842,-0.3983134,-0.6974121,0.92591011,-0.50022107,-0.97405782,0.19856659,-0.19030435,0.0091650609,-0.13194715,-0.19972565,0.089221858,-0.19972565,-0.67486341,-0.014984247,-0.496145,1,"walking"
-0.32199474,-0.28622775,0.29722651,-0.30979655,-0.83581037,0.099864376,-0.11544047,-0.11218103,-0.11380172,0.92250489,-0.14402618,0.77023126,-0.27695814,0.37970863,0.85370136,-0.39073218,-0.68901749,0.91358989,-0.48301314,-0.97253094,0.19473828,-0.2312725,0.0091294364,-0.14419549,-0.1796691,0.19516893,-0.1796691,-0.6586237,0.013801696,-0.51975091,1,"walking"
-0.33650805,-0.33154633,0.31252256,-0.33413817,-0.80699939,0.12172669,-0.18509303,-0.14472451,-0.056954933,0.90977891,-0.33559991,0.76304654,-0.3211043,0.40456956,0.85965435,-0.34992462,-0.65582461,0.91071441,-0.48803911,-0.95193679,-0.090735892,-0.24753433,0.15666101,0.11816201,-0.11865357,-0.27578887,-0.11865357,-0.60658196,-0.21008874,-0.20238248,1,"walking"
-0.3483829,-0.33647365,0.32473847,-0.34974781,-0.78750719,0.12900605,-0.18509303,-0.1543938,-0.12153617,0.90456433,-0.19348167,0.71970232,-0.36485771,0.42925753,0.83266707,-0.41025,-0.63506427,0.8936393,-0.49275119,-0.94799641,-0.16496614,-0.26497845,0.19205339,0.15577018,-0.24409656,-0.46475821,-0.24409656,-0.70950821,-0.20365128,-0.32671502,1,"walking"
-0.33596591,-0.33647365,0.31701024,-0.33822586,-0.80153881,0.1100954,-0.15945503,-0.12705445,-0.12153617,0.90456433,-0.082572058,0.73940767,-0.42575099,0.50262565,0.84248903,-0.34324033,-0.65664237,0.90141396,-0.57920231,-0.96481521,-0.14693495,-0.18049248,0.10266176,0.13918637,-0.17257626,-0.40817812,-0.17257626,-0.65273955,-0.18956284,-0.51456471,1,"walking"
-0.33596591,-0.29718141,0.30544386,-0.32276205,-0.82089089,0.10793844,-0.13131457,-0.12430903,-0.12565824,0.92516873,-0.14891312,0.76853129,-0.32035956,0.4071558,0.84248903,-0.29063619,-0.6734661,0.91294515,-0.49139695,-0.96656275,0.068596285,-0.15405635,0.075505816,-0.047973066,-0.098347003,-0.095916144,-0.098347003,-0.58849893,-0.045923488,-0.46478711,1,"walking"
-0.31925974,-0.29602206,0.30093534,-0.31621827,-0.82836239,0.10482437,-0.13131457,-0.11977087,-0.11570175,0.9314005,-0.079590777,0.77563916,-0.28830454,0.37796784,0.85473596,-0.39195778,-0.68128968,0.91572498,-0.46497196,-0.96877959,0.016545155,-0.21126851,0.050954612,0.04441732,-0.14864782,-0.30630336,-0.14864782,-0.63264397,-0.17829065,-0.46118251,1,"walking"
-0.31558389,-0.28550841,0.29248229,-0.30421645,-0.84198875,0.097766573,-0.12276628,-0.10963384,-0.10678578,0.93325049,-0.15027876,0.79257528,-0.37057232,0.43861961,0.855733,-0.39291139,-0.69657221,0.92233892,-0.50445543,-0.97365703,-0.087633812,-0.2653274,0.003993633,0.14005726,-0.17181129,-0.4099068,-0.17181129,-0.65184887,-0.25806674,-0.57886264,1,"walking"
-0.31558389,-0.28989173,0.29440179,-0.30944829,-0.83604872,0.097192155,-0.1173534,-0.10980202,-0.10678578,0.9419033,-0.22412277,0.82129172,-0.4407537,0.50837108,0.87167533,-0.35587432,-0.69427241,0.93346665,-0.57485843,-0.97358236,-0.050153085,-0.22259947,0.040048626,0.10373748,-0.16514114,-0.27095769,-0.16514114,-0.64634584,-0.22502109,-0.52320781,1,"walking"
-0.32679213,-0.28989173,0.29989827,-0.31747186,-0.82705785,0.095159817,-0.1173534,-0.10691962,-0.09848321,0.93404757,-0.0032293637,0.81604856,-0.45665636,0.53150643,0.87167533,-0.38153776,-0.68783042,0.9314127,-0.6067936,-0.97483176,-0.081850467,-0.21312269,0.050185983,0.15237887,-0.22118367,-0.28157605,-0.22118367,-0.69165582,-0.28913793,-0.57298172,1,"walking"
-0.3043929,-0.28929985,0.29253422,-0.30392369,-0.84201004,0.089193684,-0.10245754,-0.097183662,-0.097626495,0.93401483,-0.00056232374,0.7926873,-0.3764157,0.44633609,0.86573709,-0.42559856,-0.70086848,0.92237373,-0.51615906,-0.97904691,-0.060928631,-0.28517635,-0.030002208,0.11900856,-0.19873858,0.068234458,-0.19873858,-0.67411455,-0.24554366,-0.59098882,1,"walking"
-0.30422888,-0.27553279,0.28502367,-0.29221982,-0.85494196,0.087985486,-0.099383335,-0.095068406,-0.097626495,0.93401483,-0.10233987,0.79069454,-0.21667248,0.29637072,0.85490363,-0.36097175,-0.71175472,0.9216101,-0.37383685,-0.97992115,-0.024280794,-0.24311795,-0.068905927,0.094369775,-0.15519978,0.16715446,-0.15519978,-0.63804712,-0.23648009,-0.62842217,1,"walking"
-0.30422888,-0.2763623,0.28920797,-0.29921642,-0.84742083,0.08863768,-0.099383335,-0.096390207,-0.098994717,0.93858199,-0.14042118,0.79802726,-0.1762711,0.26812507,0.85784936,-0.38419534,-0.70570209,0.92446366,-0.35455461,-0.97939895,0.0004494897,-0.24804105,-0.040886682,0.041671956,-0.23621482,-0.070491121,-0.23621482,-0.70352794,-0.15313454,-0.69396992,1,"walking"
-0.32086517,-0.28297442,0.29447907,-0.30828918,-0.83750263,0.090791941,-0.10450483,-0.10006402,-0.10028849,0.94338147,-0.16752951,0.80888636,-0.18292136,0.26028097,0.85784936,-0.42614079,-0.69742212,0.92868934,-0.33289233,-0.97787631,0.17137133,-0.28644636,0.0016938469,-0.13684654,-0.25503708,0.093455927,-0.25503708,-0.71777191,0.025514439,-0.65781912,1,"walking"
-0.30663927,-0.28297442,0.29200229,-0.3049341,-0.84112145,0.094145351,-0.10980788,-0.10497188,-0.10718852,0.94725775,-0.16762957,0.81299332,-0.19435985,0.27784707,0.86051463,-0.46854498,-0.69912393,0.93028058,-0.3566663,-0.97578554,-0.076717425,-0.31908,0.0087567423,0.11841029,-0.29041141,0.20784986,-0.29041141,-0.74358266,-0.22574086,-0.68694466,1,"walking"
-0.31295107,-0.29592294,0.29596576,-0.31027753,-0.83498841,0.073314688,-0.12952143,-0.07477011,-0.033637077,0.94309812,-0.19918013,0.8133733,-0.27525745,0.34604296,0.86377105,-0.35812625,-0.70296573,0.93042115,-0.41365179,-0.98457813,-0.13403263,-0.21286583,-0.057163507,0.16423006,-0.19009424,-0.5408485,-0.19009424,-0.66713275,-0.25588041,-0.63158266,1,"walking"
-0.32801048,-0.29592294,0.30348717,-0.32217741,-0.82156726,0.1007373,-0.12952143,-0.11483682,-0.081720424,0.94309812,-0.17361404,0.8019402,-0.045225813,0.13817972,0.85580843,-0.36225891,-0.68005353,0.92599205,-0.22358167,-0.97083331,-0.038368126,-0.16297234,0.073696171,0.088491856,-0.17036832,-0.4632012,-0.17036832,-0.65078191,-0.2068531,-0.53930588,1,"walking"
-0.32916387,-0.29378536,0.30057561,-0.31810399,-0.82630024,0.10081377,-0.12875268,-0.1149785,-0.11111243,0.94418619,-0.13181116,0.80741829,-0.11827027,0.20729717,0.85808986,-0.33928193,-0.68396674,0.92811872,-0.28876506,-0.97110496,0.085921132,-0.17841774,0.067102349,-0.036409145,-0.16479027,-0.2512616,-0.16479027,-0.64611512,-0.084825195,-0.55726946,1,"walking"
-0.32430583,-0.2858199,0.29560984,-0.31015435,-0.83540108,0.092871573,-0.11244904,-0.1031604,-0.10225459,0.94499787,-0.1574729,0.80917682,-0.24995516,0.32963692,0.85808986,-0.36193937,-0.69484445,0.928801,-0.40558531,-0.97654106,0.036172779,-0.21888511,0.015247395,0.0050605336,-0.22607388,-0.13484504,-0.22607388,-0.69570567,-0.11412693,-0.62836399,1,"walking"
-0.3176473,-0.27870654,0.29111539,-0.30413854,-0.84211778,0.092717237,-0.11303182,-0.1030886,-0.10225459,0.94499787,-0.21615413,0.82115648,-0.25943165,0.34379652,0.87223114,-0.42199881,-0.70106323,0.93342206,-0.42618755,-0.97653129,0.13238045,-0.22016997,0.0076049379,-0.10456914,-0.23540808,-0.11532111,-0.23540808,-0.70286141,0.0036768733,-0.66324375,1,"walking"
-0.3176473,-0.27734941,0.28921606,-0.30245631,-0.84397327,0.098310467,-0.12059311,-0.11160265,-0.10492037,0.9483238,-0.20391403,0.83406032,-0.26709528,0.36021017,0.87223114,-0.36752882,-0.70069939,0.93841252,-0.45216966,-0.97271362,0.15606353,-0.21192189,0.035383154,-0.12196221,-0.18006455,-0.17345654,-0.18006455,-0.65894539,0.011824807,-0.57378832,1,"walking"
-0.31828309,-0.27734941,0.29130532,-0.30405775,-0.84221202,0.097360584,-0.12059311,-0.10966081,-0.099157466,0.93585846,-0.15617149,0.81373187,-0.19085137,0.28529251,0.87055325,-0.31211802,-0.69838453,0.9305479,-0.37799799,-0.97357798,0.089663238,-0.12965737,0.019420125,-0.035872054,-0.1242814,-0.10846817,-0.1242814,-0.61156645,-0.092236081,-0.44632815,1,"walking"
-0.31765898,-0.27693101,0.29220391,-0.30250261,-0.84391996,0.089228959,-0.10783825,-0.096890989,-0.093123929,0.9307309,-0.1575836,0.78119827,-0.12498051,0.22518339,0.85241384,-0.3381147,-0.70130477,0.91789362,-0.32079038,-0.97907519,0.13937504,-0.19286761,-0.043258322,-0.080293378,-0.10156082,0.039361302,-0.10156082,-0.59137731,-0.055559197,-0.50640972,1,"walking"
-0.31765898,-0.27905914,0.29336025,-0.30389345,-0.84237634,0.086438045,-0.10167131,-0.092812224,-0.093123929,0.9307309,-0.14272455,0.77788142,-0.24278197,0.33983262,0.85795109,-0.36597472,-0.70104058,0.91659698,-0.4345822,-0.98080244,0.068089576,-0.2556467,-0.052873466,-0.019848098,-0.14783902,0.069160976,-0.14783902,-0.63195338,-0.10105791,-0.54377553,1,"walking"
-0.3150726,-0.27905914,0.29109603,-0.30275478,-0.84361056,0.091996964,-0.11451575,-0.10153623,-0.096729897,0.93368783,-0.11199477,0.80434926,-0.3370577,0.42328948,0.86189423,-0.39780987,-0.70145388,0.92691117,-0.50758222,-0.97719582,-0.068362556,-0.25319211,-0.012820943,0.10524882,-0.20302442,-0.067431285,-0.20302442,-0.67755142,-0.20657019,-0.52318331,1,"walking"
-0.3150726,-0.28334303,0.29222853,-0.30446325,-0.84168425,0.10002005,-0.12293268,-0.11312103,-0.11147619,0.93131047,-0.15957506,0.79927962,-0.27898289,0.38020621,0.86189423,-0.3467188,-0.69569585,0.92493087,-0.4797886,-0.97203231,0.0078610116,-0.17896356,0.01896604,0.023485454,-0.11448692,0.17731571,-0.11448692,-0.60292,-0.1245577,-0.51171602,1,"walking"
-0.31640758,-0.28334303,0.29312532,-0.3054765,-0.84058016,0.10399146,-0.12293268,-0.11871857,-0.12137345,0.93131047,-0.18332948,0.79217288,-0.25888738,0.34501661,0.85839038,-0.40281156,-0.69227102,0.92217194,-0.43015276,-0.96939851,0.097302494,-0.22359597,0.031369391,-0.041824606,-0.14582411,0.17373719,-0.14582411,-0.63007963,-0.091629868,-0.49695257,1,"walking"
-0.31640758,-0.27716283,0.29016264,-0.30221994,-0.84422159,0.10414549,-0.12266217,-0.11936097,-0.12137345,0.93436504,-0.099513389,0.80861262,-0.28462933,0.3767099,0.85839038,-0.44558689,-0.69615684,0.92857814,-0.46790417,-0.96908693,0.023038793,-0.26454236,0.036561118,0.02285656,-0.26963299,0.0032197426,-0.26963299,-0.72854608,-0.14028758,-0.66907229,1,"walking"
-0.31692577,-0.27965835,0.29364589,-0.30644558,-0.8395636,0.10134793,-0.12149852,-0.11501664,-0.11338833,0.9311006,-0.053358655,0.79590042,-0.30326493,0.39394818,0.85757076,-0.35949476,-0.69305193,0.9236219,-0.48318862,-0.97115495,0.10537978,-0.23213852,0.026897382,-0.067064942,-0.21123385,-0.010664512,-0.21123385,-0.68408087,-0.04516665,-0.59416747,1,"walking"
-0.2790667,-0.28205738,0.27777637,-0.28085611,-0.86629185,0.074652363,-0.10149632,-0.075642926,-0.064818802,0.92705832,-0.46203614,0.79233645,-0.68080731,0.73633901,0.86082761,-0.15052923,-0.72783973,0.92222378,-0.79159353,-0.98634145,-0.40636694,0.0035902663,-0.15049157,0.46530789,-0.024974563,-0.48977765,-0.024974563,-0.51955407,-0.56967254,-0.85719527,1,"walking_downstairs"
-0.26751944,-0.24801787,0.26172929,-0.25879565,-0.88803821,0.090251249,-0.11188203,-0.098195482,-0.072530299,0.92706007,-0.36774002,0.81691778,-0.61091556,0.66919389,0.87184928,-0.19421705,-0.74214702,0.93175456,-0.72672099,-0.97830077,-0.18014677,-0.11957069,-0.13181017,0.23389709,-0.018405505,-0.1090751,-0.018405505,-0.51252336,-0.34796073,-0.85386251,1,"walking_downstairs"
-0.27724124,-0.31850047,0.3013814,-0.31513555,-0.82876078,0.084022249,-0.13413335,-0.089335579,-0.065461591,0.92394584,-0.43534843,0.76621126,-0.45882515,0.51474377,0.84383112,-0.15487469,-0.6910334,0.91203129,-0.56815567,-0.98110211,-0.29489921,0.095464237,-0.040413615,0.2987242,0.070183504,-0.18379693,0.070183504,-0.42233338,-0.3519033,-0.22629529,1,"walking_downstairs"
-0.2578756,-0.29375234,0.27250901,-0.27151452,-0.87409154,0.083506299,-0.12985336,-0.087581881,-0.065461591,0.92296306,-0.39478857,0.76916025,-0.56448429,0.62930561,0.86989309,-0.10800139,-0.73108043,0.91316615,-0.69412579,-0.98175874,-0.16633464,0.17026613,-0.16137529,0.15781778,0.14383491,-0.19924668,0.14383491,-0.34066682,-0.20664114,-0.39817371,1,"walking_downstairs"
-0.2578756,-0.26507734,0.26437019,-0.26322435,-0.8831189,0.096975044,-0.12985336,-0.10810343,-0.092602655,0.92296306,-0.36257501,0.82001065,-0.59837345,0.65540319,0.89391303,-0.13077663,-0.73473816,0.9328098,-0.71294208,-0.97397429,-0.19167286,0.13876124,-0.091279614,0.18745226,0.084711529,-0.3994804,0.084711529,-0.40669232,-0.23892008,-0.11709735,1,"walking_downstairs"
-0.27518191,-0.26507734,0.27582246,-0.28124111,-0.86609246,0.091632527,-0.1293986,-0.10113092,-0.091648331,0.93572706,-0.47728645,0.83077446,-0.66842064,0.72116914,0.89391303,-0.19953442,-0.72241008,0.93703699,-0.77411535,-0.97711767,-0.34443922,0.0011145306,-0.052855432,0.35360258,-0.0084987983,-0.33561455,-0.0084987983,-0.50341007,-0.40903236,-0.77206086,1,"walking_downstairs"
-0.27415318,-0.26459439,0.2672046,-0.26805555,-0.87906155,0.090627843,-0.10993518,-0.099342003,-0.091648331,0.93572706,-0.36485938,0.83100164,-0.61567175,0.68872126,0.88563473,-0.16541121,-0.73458338,0.93715008,-0.76149983,-0.9780584,-0.22341181,-0.0033125931,-0.093224978,0.25473148,0.016150415,0.19413896,0.016150415,-0.4784142,-0.341882,-0.79151717,1,"walking_downstairs"
-0.32231372,-0.34788044,0.31064417,-0.33329824,-0.80728542,0.12458672,-0.17657839,-0.14973037,-0.12674468,0.90585041,-0.38853199,0.784668,-0.74732272,0.78000957,0.87569674,-0.45060956,-0.6565092,0.91908992,-0.81287845,-0.95175432,-0.69933514,-0.35388546,0.1838617,0.70654012,-0.36054097,-0.77875729,-0.36054097,-0.79112706,-0.73512146,-0.80983385,1,"walking_upstairs"
-0.33180737,-0.35427256,0.33629362,-0.36604115,-0.76539101,0.10924634,-0.14520076,-0.126181,-0.11578451,0.88994647,-0.50172151,0.71631608,-0.72901792,0.77472498,0.87169982,-0.42330142,-0.63083735,0.89210214,-0.82083148,-0.96542587,-0.62041191,-0.2903395,0.15795739,0.66884642,-0.32560604,-0.74405912,-0.32560604,-0.76805717,-0.74710384,-0.80400377,1,"walking_upstairs"
-0.39673883,-0.36066261,0.35030952,-0.38315837,-0.7428657,0.10440598,-0.13068473,-0.11844362,-0.1125507,0.88994647,-0.38069258,0.67205453,-0.66327176,0.70861861,0.80914599,-0.42083058,-0.61392535,0.8745609,-0.75334208,-0.96941811,-0.61340873,-0.35035752,0.1500356,0.64650156,-0.33296119,-0.54729221,-0.33296119,-0.7730158,-0.70777188,-0.29013722,1,"walking_upstairs"
-0.38783925,-0.36841911,0.35075038,-0.38440483,-0.74098344,0.10268569,-0.13068473,-0.11620288,-0.1058327,0.88122774,-0.31001429,0.67825723,-0.70375273,0.74022041,0.82513318,-0.45420686,-0.61412029,0.87703007,-0.77649249,-0.97048447,-0.69671448,-0.36936691,0.15218113,0.71210666,-0.37602572,-0.68750163,-0.37602572,-0.8009434,-0.74916342,0.026072816,1,"walking_upstairs"
-0.38468129,-0.36841911,0.34582419,-0.37824168,-0.74949544,0.093474319,-0.12047153,-0.1032177,-0.09188646,0.88122774,-0.32654153,0.69860447,-0.72333293,0.76308281,0.82531125,-0.46117839,-0.62507136,0.88517447,-0.80272362,-0.97629611,-0.62526603,-0.36248112,0.11640831,0.64441672,-0.37717572,-0.73182441,-0.37717572,-0.80168133,-0.69025514,-0.50289394,1,"walking_upstairs"
-0.38468129,-0.36069748,0.34702908,-0.37831031,-0.74949998,0.086966541,-0.10268856,-0.093445023,-0.09102352,0.88425003,-0.33097461,0.68492033,-0.67284927,0.71900669,0.82531125,-0.46156463,-0.62602824,0.87967386,-0.7648215,-0.98049669,-0.46826639,-0.36395711,0.079904057,0.50341609,-0.35449316,-0.59029779,-0.35449316,-0.787216,-0.57636681,-0.27070288,1,"walking_upstairs"
-0.39572251,-0.36900111,0.3573398,-0.39144615,-0.7310141,0.085468048,-0.10268856,-0.091045015,-0.084534409,0.88425003,-0.43326843,0.65758376,-0.60424339,0.64559712,0.80487982,-0.40259186,-0.6120765,0.86870581,-0.6859571,-0.98138238,-0.42638686,-0.28170397,0.088072035,0.46938133,-0.28963883,-0.55455912,-0.28963883,-0.74304014,-0.55279547,-0.27340538,1,"walking_upstairs"
-0.40993109,-0.36913882,0.36007886,-0.39689479,-0.72315636,0.087803314,-0.1121601,-0.094827502,-0.084534409,0.88477571,-0.53533959,0.66635305,-0.59179628,0.64326868,0.80384412,-0.36147158,-0.60734083,0.87225827,-0.69350815,-0.97978054,-0.34587724,-0.2706564,0.1198067,0.3743024,-0.2603375,-0.54634038,-0.2603375,-0.72169897,-0.44642274,-0.84214152,1,"walking_upstairs"
-0.41151161,-0.38167319,0.3638207,-0.40261704,-0.71467627,0.096555818,-0.12668556,-0.10752489,-0.092199434,0.88250708,-0.54235809,0.65973652,-0.55467166,0.60387031,0.80308669,-0.28868445,-0.59859596,0.86958122,-0.65130735,-0.97436727,-0.40956394,-0.31928483,0.1641266,0.43842889,-0.2403416,-0.5904394,-0.2403416,-0.70667561,-0.50811595,-0.80348409,1,"walking_upstairs"
-0.35964675,-0.36628356,0.33414293,-0.36711853,-0.76417973,0.10553749,-0.15774443,-0.12235405,-0.085015581,0.89257929,-0.47328999,0.76338038,-0.73679407,0.77420298,0.86464233,-0.270797,-0.63567754,0.9107582,-0.81183988,-0.96646998,-0.67992033,-0.27457456,0.18653174,0.70484518,-0.21322933,-0.81560406,-0.21322933,-0.6856545,-0.7536331,-0.72124357,1,"walking_upstairs"
-0.38162573,-0.36628356,0.35367461,-0.39019197,-0.73270976,0.08718128,-0.11262929,-0.094494647,-0.084874131,0.89136011,-0.53364231,0.6977227,-0.68194293,0.73764248,0.84514167,-0.34518902,-0.61659762,0.88480962,-0.79362242,-0.97986257,-0.61474318,-0.2837048,0.12485049,0.66406921,-0.2585547,-0.75932138,-0.2585547,-0.72033919,-0.74339506,-0.81438259,1,"walking_upstairs"
-0.40507089,-0.37146773,0.35803868,-0.39366157,-0.72784163,0.083348769,-0.09882843,-0.088340502,-0.084874131,0.87952385,-0.2132183,0.66848961,-0.56741666,0.61760331,0.80423112,-0.41924615,-0.61186062,0.8731213,-0.66685014,-0.98241903,-0.49282558,-0.29439915,0.095352323,0.50745331,-0.32439212,-0.44880913,-0.32439212,-0.76713818,-0.55621603,-0.25856387,1,"walking_upstairs"
-0.40507089,-0.37146773,0.3591928,-0.39570514,-0.72485211,0.084755357,-0.10300219,-0.090470533,-0.082015668,0.87601619,-0.29825443,0.66983258,-0.64839087,0.68662422,0.81586597,-0.37773797,-0.60972248,0.87363124,-0.72442217,-0.98157587,-0.44415077,-0.24357673,0.10757405,0.46301418,-0.25852865,-0.58867102,-0.25852865,-0.72037602,-0.51914176,0.005687013,1,"walking_upstairs"
-0.40924977,-0.37144307,0.36005474,-0.39836718,-0.720995,0.081244726,-0.10300219,-0.085799694,-0.067604389,0.87601619,-0.42665954,0.68296371,-0.67703885,0.71588782,0.81586597,-0.38887766,-0.60974841,0.87892336,-0.75407282,-0.98320698,-0.34530707,-0.24086789,0.11249875,0.38574522,-0.27186743,-0.66572108,-0.27186743,-0.73006747,-0.4711786,-0.59252593,1,"walking_upstairs"
-0.37837441,-0.368957,0.35215215,-0.38578405,-0.73879769,0.07495079,-0.091675413,-0.076365232,-0.065350742,0.8902801,-0.27595432,0.68492645,-0.52738299,0.5748921,0.81398949,-0.45605774,-0.6230471,0.87974094,-0.62040134,-0.98645876,-0.56549836,-0.306104,0.054690419,0.59221676,-0.33976929,-0.61959377,-0.33976929,-0.77753443,-0.65022152,-0.41078859,1,"walking_upstairs"
-0.37837441,-0.36982299,0.34579963,-0.37585869,-0.75280168,0.07650864,-0.099146035,-0.078317189,-0.065350742,0.8902801,-0.41068382,0.68467059,-0.54893817,0.60304592,0.81301609,-0.42009417,-0.63154772,0.87963832,-0.65574262,-0.98568142,-0.61788324,-0.31504626,0.032755399,0.64667153,-0.31024184,-0.56546297,-0.31024184,-0.75751406,-0.70386386,-0.35539418,1,"walking_upstairs"
-0.37985567,-0.38094188,0.35815172,-0.39401951,-0.72667246,0.083390808,-0.10248606,-0.088451511,-0.071432243,0.88352341,-0.51684878,0.67011431,-0.60432409,0.65745425,0.81301609,-0.35949638,-0.61168583,0.87375668,-0.70943884,-0.98219199,-0.54018975,-0.28684333,0.097842771,0.57806075,-0.25804228,-0.60962726,-0.25804228,-0.71999471,-0.65033328,-0.85385774,1,"walking_upstairs"
-0.41799293,-0.38094188,0.3679233,-0.40731158,-0.70770209,0.085900616,-0.10248606,-0.092032114,-0.088402873,0.88010544,-0.5061465,0.64979764,-0.58567139,0.63397797,0.7976181,-0.31568111,-0.59697231,0.86555365,-0.68067903,-0.98100268,-0.43155857,-0.32846612,0.12773262,0.48767589,-0.25158782,-0.51149932,-0.25158782,-0.71514098,-0.58540026,-0.76722447,1,"walking_upstairs"
-0.36472675,-0.36638805,0.33694286,-0.37174042,-0.75801258,0.092885096,-0.15050175,-0.10417362,-0.067423678,0.89854032,-0.40915297,0.77272823,-0.72737371,0.76183108,0.8667405,-0.32349788,-0.63771723,0.91445818,-0.79629024,-0.97431456,-0.61645506,-0.2515283,0.15761846,0.64999954,-0.25864787,-0.83385368,-0.25864787,-0.72045121,-0.71225692,-0.78351625,1,"walking_upstairs"
-0.39006901,-0.37012533,0.356332,-0.39449518,-0.72653255,0.073182542,-0.089609315,-0.074466305,-0.067423678,0.89130938,-0.42553127,0.7048985,-0.7384312,0.78848135,0.83665757,-0.32323906,-0.61765998,0.88768718,-0.83867054,-0.98706352,-0.59818484,-0.37677577,0.088552571,0.63577038,-0.29541912,-0.8006408,-0.29541912,-0.74715126,-0.70340058,-0.83048599,1,"walking_upstairs"
-0.41127392,-0.38029959,0.36252399,-0.40046163,-0.71788509,0.072413222,-0.08784613,-0.072828718,-0.06765233,0.87770936,-0.28311286,0.67066844,-0.63710075,0.68262091,0.80791095,-0.42305316,-0.60907705,0.87399533,-0.72743625,-0.98764462,-0.49992461,-0.3103218,0.074050816,0.51281226,-0.28328362,-0.62969444,-0.28328362,-0.73845141,-0.55918284,-0.32607235,1,"walking_upstairs"
-0.39457943,-0.38029959,0.3614673,-0.39812968,-0.72119012,0.075793569,-0.089600021,-0.077482897,-0.070528953,0.87707784,-0.35550782,0.66353598,-0.62657047,0.66787972,0.80626866,-0.44913191,-0.60954528,0.87110643,-0.70841503,-0.98615314,-0.60265058,-0.34454289,0.074599249,0.62704709,-0.33397199,-0.59500396,-0.33397199,-0.77368062,-0.6801836,0.0021316811,1,"walking_upstairs"
-0.39050938,-0.379261,0.35364566,-0.38754963,-0.73638665,0.080006631,-0.10059125,-0.083536273,-0.071631768,0.87707784,-0.54694758,0.6774216,-0.58667004,0.62962237,0.81480093,-0.45739884,-0.61924862,0.87670526,-0.67135032,-0.98404642,-0.48899334,-0.32035532,0.07280916,0.50196642,-0.35517451,-0.639292,-0.35517451,-0.7876453,-0.55083582,-0.59932766,1,"walking_upstairs"
-0.39050938,-0.35759341,0.34939807,-0.38195233,-0.74452199,0.07963627,-0.10059125,-0.083062814,-0.06503512,0.89301053,-0.43239651,0.6875128,-0.47230178,0.51627779,0.81480093,-0.49172122,-0.62538691,0.88078238,-0.55808024,-0.98418917,-0.42177927,-0.37648349,0.064184002,0.43183348,-0.39219844,-0.59283193,-0.39219844,-0.8109816,-0.48029423,-0.33364579,1,"walking_upstairs"
-0.3960445,-0.35732147,0.35028311,-0.38332396,-0.74263155,0.077631578,-0.10057791,-0.080229533,-0.062780986,0.89301053,-0.49105345,0.68821081,-0.54632877,0.5946375,0.81361133,-0.4323536,-0.62481913,0.88106332,-0.64100735,-0.98496935,-0.26312299,-0.26033654,0.060878299,0.26736214,-0.31745893,-0.6777299,-0.31745893,-0.76250355,-0.31849588,-0.24031036,1,"walking_upstairs"
-0.39809706,-0.35849792,0.35113894,-0.38419705,-0.74140334,0.086801793,-0.11689562,-0.093275132,-0.062780986,0.89066242,-0.50119741,0.67956207,-0.59196758,0.63406892,0.81361133,-0.31060914,-0.62031177,0.87758132,-0.67452056,-0.97995289,-0.048469688,-0.28862108,0.091412363,0.053704851,-0.22197756,-0.76391052,-0.22197756,-0.69250837,-0.11748232,-0.82648446,1,"walking_upstairs"
-0.4003235,-0.36509432,0.35560539,-0.38953599,-0.73378854,0.093259469,-0.11689562,-0.10227457,-0.093120519,0.88338361,-0.41927432,0.66084805,-0.50142096,0.53860882,0.80417934,-0.32680477,-0.61147389,0.87003325,-0.57333949,-0.97673358,-0.31063947,-0.30424832,0.11544353,0.33432738,-0.24352603,-0.58053696,-0.24352603,-0.70910161,-0.40316347,-0.81349569,1,"walking_upstairs"
-0.30486805,-0.30302064,0.2951475,-0.30448229,-0.8412537,0.11301633,-0.14438078,-0.1298421,-0.098091555,0.90841573,-0.51981503,0.73596481,-0.6480799,0.70801719,0.84821109,-0.011067067,-0.68423981,0.9000755,-0.76758243,-0.96308206,-0.33467098,0.14637835,0.015902244,0.40819065,0.18444106,-0.62145664,0.18444106,-0.29359854,-0.53283451,-0.70346893,1,"walking_downstairs"
-0.30323389,-0.27014435,0.28267442,-0.28857121,-0.85882412,0.091860314,-0.14312727,-0.10048628,-0.081207758,0.91007038,-0.52768926,0.78823339,-0.64661323,0.7093999,0.87750879,-0.0063955036,-0.7129991,0.92047538,-0.77202453,-0.97693993,-0.25024009,0.12566363,-0.066519182,0.28311957,0.16777303,-0.48640178,0.16777303,-0.31314882,-0.3687497,-0.60732617,1,"walking_downstairs"
-0.28697968,-0.25991303,0.2756308,-0.28138588,-0.8661277,0.085931191,-0.11495651,-0.093066746,-0.081207758,0.94421895,-0.51111633,0.83963212,-0.50677266,0.57239281,0.87750879,-0.19557489,-0.72561528,0.94054784,-0.63688044,-0.9803866,-0.15164939,0.11160669,-0.067259177,0.1392982,0.049838889,-0.071596933,0.049838889,-0.44357102,-0.18344272,-0.13957309,1,"walking_downstairs"
-0.28697968,-0.2850307,0.28196516,-0.28981764,-0.85698039,0.089055776,-0.11495651,-0.097332779,-0.087358483,0.92901321,-0.37592395,0.82043287,-0.50121194,0.55970263,0.87205266,-0.30787395,-0.71540209,0.93310471,-0.61740415,-0.97874753,-0.21948788,-0.03501835,-0.047275316,0.20853398,-0.036861309,-0.18114877,-0.036861309,-0.53112573,-0.25069631,0.025352411,1,"walking_downstairs"
-0.29884878,-0.2850307,0.29097327,-0.30104945,-0.84526114,0.088406808,-0.10979623,-0.095817263,-0.087358483,0.92901321,-0.40322078,0.7871445,-0.58744245,0.64454142,0.87205266,-0.14767434,-0.70339167,0.92018181,-0.70097159,-0.97947736,-0.3069026,-0.054114048,-0.045673566,0.32413655,0.025305407,-0.21464361,0.025305407,-0.469023,-0.39079217,-0.61665195,1,"walking_downstairs"
-0.29579769,-0.28479143,0.28418958,-0.29290091,-0.85399066,0.10097199,-0.13815239,-0.11444597,-0.088948356,0.92956209,-0.42835119,0.80934311,-0.62410536,0.67731117,0.88587393,-0.28074564,-0.70597984,0.92876299,-0.73001969,-0.9708311,-0.13615674,-0.066594492,-0.0015235746,0.1327645,-0.069092678,-0.26771932,-0.069092678,-0.56164869,-0.18890089,-0.34911034,1,"walking_downstairs"
-0.29579769,-0.29368727,0.2906213,-0.30372669,-0.84193071,0.103141,-0.13815239,-0.11828271,-0.10224,0.93222314,-0.25113108,0.81961776,-0.65009339,0.70867742,0.88587393,-0.1830377,-0.69611677,0.93275798,-0.76750444,-0.96912182,-0.11095277,0.1085226,0.045809265,0.11018018,0.022979683,-0.33947949,0.022979683,-0.47165744,-0.17089361,-0.21614651,1,"walking_downstairs"
-0.29129389,-0.29368727,0.28999627,-0.30065529,-0.84511549,0.089754161,-0.12371771,-0.098110712,-0.092917429,0.93222314,-0.30870289,0.8003988,-0.65890182,0.72736981,0.87555741,-0.13766361,-0.70407501,0.92536905,-0.79610414,-0.97845435,-0.32243885,0.014939288,-0.030640954,0.3261112,0.048223721,-0.15965907,0.048223721,-0.4455345,-0.37704612,-0.81691586,1,"walking_downstairs"
-0.29129389,-0.27392436,0.27505142,-0.27888357,-0.86866585,0.084942685,-0.096607418,-0.091019497,-0.092734485,0.94165317,-0.3098778,0.81757217,-0.5714716,0.63296597,0.87825939,-0.1229962,-0.72689722,0.93203802,-0.69298732,-0.98148689,-0.15873822,-0.0065630854,-0.095888772,0.16208774,0.047635688,0.43065186,0.047635688,-0.4461938,-0.22400349,-0.84056343,1,"walking_downstairs"
-0.28077799,-0.3218687,0.28182795,-0.2846523,-0.86161013,0.076225792,-0.11048793,-0.077286778,-0.059606689,0.91353669,-0.56009339,0.76050842,-0.55298353,0.61364772,0.85493875,-0.19878062,-0.7215445,0.90974815,-0.67238045,-0.98552351,-0.4273871,0.073508839,-0.15977996,0.45651417,0.035408836,-0.25203429,0.035408836,-0.45891976,-0.52759881,-0.75853228,1,"walking_downstairs"
-0.28077799,-0.27060622,0.27546325,-0.27698157,-0.8702726,0.072277048,-0.10033026,-0.072072717,-0.059606689,0.92904301,-0.61134008,0.78808766,-0.5374647,0.60599963,0.85493875,-0.22117511,-0.7320426,0.9205884,-0.67242681,-0.98768093,-0.32558674,0.069445281,-0.17369792,0.34634995,0.0049633252,-0.15058392,0.0049633252,-0.48993963,-0.41503173,-0.41544127,1,"walking_downstairs"
-0.28956502,-0.27060622,0.28501941,-0.29310478,-0.85393328,0.090081207,-0.11879799,-0.098403444,-0.081606662,0.93807852,-0.60498564,0.80127933,-0.47617254,0.53088741,0.85957426,-0.26525706,-0.71071689,0.92572566,-0.58312731,-0.97814404,-0.29915862,-0.078478029,-0.049677286,0.3274255,-0.066201073,-0.37193501,-0.066201073,-0.55872036,-0.4056871,-0.14694292,1,"walking_downstairs"
-0.31138318,-0.27030353,0.28776737,-0.29716464,-0.8497285,0.10070092,-0.12236769,-0.11369725,-0.11213742,0.9283362,-0.50015504,0.79331949,-0.52904947,0.58530623,0.85957426,-0.22575746,-0.70133028,0.92261068,-0.63946584,-0.97178379,-0.13759021,0.0061054582,-0.0037760489,0.17553901,-0.0056435497,-0.4064711,-0.0056435497,-0.50048854,-0.27149187,-0.22971306,1,"walking_downstairs"
-0.3114415,-0.27282892,0.28986031,-0.29926353,-0.84745772,0.10366234,-0.13356317,-0.11755866,-0.11475678,0.9283362,-0.37472487,0.77731472,-0.38354639,0.44264117,0.84988974,-0.20653658,-0.69683961,0.91638183,-0.49784504,-0.96988104,-0.038151057,0.016739149,0.00026397918,0.095518259,-0.019678162,-0.010898739,-0.019678162,-0.5144271,-0.21950718,-0.25589017,1,"walking_downstairs"
-0.31318343,-0.27282892,0.2892392,-0.29931997,-0.84740197,0.099655998,-0.13388928,-0.11222612,-0.069299752,0.92942903,-0.36165155,0.79260762,-0.55483246,0.61221892,0.86443791,-0.26483255,-0.69993026,0.92233939,-0.6691019,-0.97181382,0.014354434,0.030886084,-0.0023756737,0.043908287,0.0049233365,-0.27209477,0.0049233365,-0.49001093,-0.17209391,-0.23035613,1,"walking_downstairs"
-0.28144689,-0.26844711,0.28283857,-0.28803831,-0.85911046,0.080207407,-0.13388928,-0.083576467,-0.059436035,0.92314735,-0.45820803,0.78331092,-0.6208119,0.68234074,0.86443791,-0.18622823,-0.71841233,0.91868692,-0.74379085,-0.98280852,-0.32206606,-0.019262673,-0.11658967,0.35048045,0.012254553,-0.28398309,0.012254553,-0.48254247,-0.42782094,-0.62423071,1,"walking_downstairs"
-0.27397083,-0.26227646,0.26956937,-0.26803107,-0.87913035,0.071696721,-0.082956651,-0.071058677,-0.059436035,0.92314735,-0.48546013,0.7874372,-0.59567983,0.66028894,0.86011156,-0.22721307,-0.74048689,0.92029884,-0.72378128,-0.98814548,-0.32084663,-0.18388832,-0.20127041,0.33927423,-0.037415797,0.024604481,-0.037415797,-0.5316034,-0.40593287,-0.79359212,1,"walking_downstairs"
-0.26663351,-0.34086636,0.26836677,-0.27325393,-0.87247512,0.0445423,-0.19029294,-0.033493074,0.087904781,0.95978204,0.19287405,0.89854661,-0.76673878,0.78020924,0.90891676,-0.61565826,-0.75078761,0.96296785,-0.79350973,-0.97740204,-0.86488397,-0.68570181,-0.068035924,0.85235713,-0.60619351,-0.62756874,-0.60619351,-0.91923862,-0.84840586,-0.8735282,3,"standing"
-0.26663351,-0.25438789,0.2689676,-0.27146065,-0.87576267,-0.032272475,-0.016132394,0.078170027,0.092939171,0.95839361,0.43763197,0.85160361,-0.45970057,0.46074244,0.89644801,-0.87045078,-0.74284374,0.94513347,-0.46176057,-0.98738424,-0.77289881,-0.87633203,-0.15093819,0.76046063,-0.86035556,-0.97387266,-0.86035556,-0.98892325,-0.76301704,-0.86369237,3,"standing"
-0.29650085,-0.25438789,0.27574901,-0.28140478,-0.86621643,-0.046135939,0.097077511,0.098272452,0.092939171,0.95839361,0.0097407317,0.83934365,-0.54415285,0.54792571,0.86762854,-0.98263198,-0.7274617,0.94045529,-0.55119863,-0.98300704,-0.72327003,-0.97937342,-0.083518208,0.70089841,-0.98157086,-0.86202828,-0.98157086,-0.99964346,-0.69626182,-0.96006902,3,"standing"
-0.29639147,-0.26045107,0.27503272,-0.28041065,-0.86721256,-0.042523353,0.086082912,0.093063263,0.088270001,0.95942041,0.21489681,0.84247579,-0.49450707,0.5500176,0.86762854,-0.93877247,-0.73011132,0.94166056,-0.60635853,-0.9848535,-0.53448668,-0.95107651,-0.09781951,0.49303045,-0.94121969,-0.55078264,-0.94121969,-0.9976903,-0.48129286,-0.98119555,3,"standing"
-0.29639147,-0.26654223,0.28073875,-0.28861947,-0.85867934,-0.03673595,0.078640876,0.084701862,0.084712828,0.95808362,0.30416785,0.83730729,-0.466094,0.51967701,0.86738283,-0.9192678,-0.72463777,0.9396718,-0.57393071,-0.9875514,-0.6150226,-0.90922058,-0.10169405,0.59253246,-0.91058555,-0.62586929,-0.91058555,-0.99513045,-0.59530273,-0.92985285,3,"standing"
-0.27559637,-0.26654223,0.27846597,-0.28529179,-0.86191667,-0.031529126,0.077286789,0.077148863,0.07355642,0.95808362,0.25919874,0.84157607,-0.49132368,0.53406282,0.87503965,-0.88693367,-0.72981618,0.94130964,-0.57753465,-0.98987294,-0.55675588,-0.87154296,-0.12776342,0.56020934,-0.87430888,-0.5686718,-0.87430888,-0.99089985,-0.59496188,-0.90816845,3,"standing"
-0.25857918,-0.26144555,0.26060977,-0.25932702,-0.88711992,-0.033397444,0.077286789,0.079765387,0.085295593,0.96035763,0.13698139,0.86046513,-0.53206064,0.57956482,0.87845914,-0.89282401,-0.75404347,0.94855074,-0.62786535,-0.98906561,-0.59754126,-0.86774636,-0.17735801,0.61459297,-0.87696182,-0.62490051,-0.87696182,-0.99125323,-0.661016,-0.84882108,3,"standing"
-0.25304338,-0.22379063,0.24686837,-0.23924146,-0.90557724,-0.044839714,0.079768874,0.096193115,0.10346421,0.96862291,-0.060028978,0.86843435,-0.51766412,0.57140826,0.87845914,-0.90728479,-0.76746525,0.95160266,-0.62592567,-0.98343497,-0.59352457,-0.87921985,-0.18213794,0.58624263,-0.89057433,-0.69121315,-0.89057433,-0.99295799,-0.60670944,-0.86154275,3,"standing"
-0.25304338,-0.21809235,0.24791535,-0.24059547,-0.90440389,-0.050546262,0.095790709,0.10434661,0.10346421,0.96720874,0.32679121,0.861768,-0.1709708,0.25457722,0.87797828,-0.87540649,-0.76290942,0.94905557,-0.33962654,-0.98063085,-0.45743793,-0.84807709,-0.16157219,0.4633599,-0.84735656,-0.46468609,-0.84735656,-0.98690946,-0.50734324,-0.86659436,3,"standing"
-0.26108294,-0.21809235,0.25057955,-0.2445012,-0.90108294,-0.046895311,0.095790709,0.099113478,0.10088284,0.96720874,0.21268303,0.86136113,-0.19411629,0.30634202,0.87694557,-0.8572143,-0.761361,0.94890036,-0.41976126,-0.98267059,-0.45325083,-0.82390034,-0.16524746,0.48403511,-0.83120583,-0.528441,-0.83120583,-0.98417745,-0.55470798,-0.86354418,3,"standing"
-0.26108294,-0.23436846,0.25342398,-0.24899157,-0.89699869,-0.043165293,0.086820025,0.093885833,0.090599466,0.96956935,0.15699474,0.86588229,-0.27349672,0.37435957,0.87737977,-0.89274009,-0.75944981,0.95062873,-0.4760601,-0.98453208,-0.52556112,-0.86754145,-0.16369845,0.51668446,-0.86222112,-0.37708872,-0.86222112,-0.98919497,-0.54026162,-0.85791557,3,"standing"
-0.26359609,-0.24604519,0.26250165,-0.2623037,-0.88478271,-0.047605884,0.086820025,0.10037915,0.13581717,0.95347402,0.24849656,0.855724,-0.54990464,0.57051163,0.87737977,-0.86191945,-0.7448509,0.94673214,-0.59134121,-0.98160605,-0.56163901,-0.8777634,-0.11769012,0.54828373,-0.85538459,-0.62406465,-0.85538459,-0.98817535,-0.56467114,-0.85055943,3,"standing"
-0.28550663,-0.25275165,0.27178708,-0.27559639,-0.87197203,-0.067405896,0.087305966,0.12890245,0.14351436,0.9514388,0.057006819,0.83137138,-0.47530194,0.47496091,0.87423647,-0.87330071,-0.72124526,0.93737145,-0.47438996,-0.96885425,-0.62006802,-0.88271473,-0.023376081,0.60628138,-0.87005343,-0.90602063,-0.87005343,-0.99031661,-0.61807836,-0.89292051,3,"standing"
-0.29729949,-0.25275165,0.27566864,-0.28138037,-0.86625229,-0.070832857,0.11940334,0.13393841,0.14351436,0.9514388,0.02189927,0.82676876,-0.60804437,0.63108279,0.86527637,-0.93541327,-0.71400932,0.93560613,-0.65409067,-0.96703908,-0.56412938,-0.92590591,0.0023928115,0.56517642,-0.92989546,-0.87894041,-0.92989546,-0.99685265,-0.59648471,-0.86732514,3,"standing"
-0.29868892,-0.25769104,0.27600391,-0.28180172,-0.86581672,-0.065339461,0.11940334,0.1259962,0.12886748,0.95106299,0.18718662,0.82896034,-0.53364555,0.61053928,0.86527637,-0.92905508,-0.71689957,0.9364531,-0.68872291,-0.97123762,-0.41501454,-0.90617655,-0.016056432,0.42824655,-0.91024983,-0.66717131,-0.91024983,-0.99509819,-0.4831277,-0.85661284,3,"standing"
-0.29901619,-0.26799029,0.2803747,-0.28789466,-0.85949611,-0.071952377,0.12264922,0.13543694,0.13021941,0.94902305,0.1065849,0.81625187,-0.36975575,0.48350305,0.86372347,-0.93175606,-0.7071105,0.93154212,-0.59937899,-0.96660131,-0.41710801,-0.90819923,0.016272459,0.42886703,-0.91304151,-0.64031842,-0.91304151,-0.99537076,-0.48221048,-0.92490497,3,"standing"
-0.26554524,-0.45425046,0.36265312,-0.40152052,-0.70851087,-0.031505982,0.039777504,0.07669843,0.17466509,0.85188376,0.34082594,0.68132274,-0.95149061,0.95629534,0.85393251,-0.68183013,-0.6103805,0.87781379,-0.96081659,-0.98770866,-0.99030011,-0.79776014,0.064566767,0.99148991,-0.6819419,-0.96089944,-0.6819419,-0.94668781,-0.99343869,-0.92966451,3,"standing"
-0.33472553,-0.41960623,0.32034928,-0.34584571,-0.78973384,-0.039207919,0.046030917,0.088514189,0.094020298,0.90099733,0.87738672,0.78503684,-0.83905623,0.83742846,0.85457229,-0.85085774,-0.66809529,0.91934239,-0.83546097,-0.98579337,-0.98228551,-0.86240765,0.024804942,0.98061552,-0.84060742,-0.94788144,-0.84060742,-0.98579776,-0.98007147,-0.98576382,3,"standing"
-0.33472553,-0.29794808,0.30501917,-0.32372106,-0.81973791,-0.042999418,0.088446372,0.093899246,0.094020298,0.9462477,0.14039751,0.80381143,-0.76707995,0.78221589,0.85457229,-0.97861052,-0.68820641,0.92672023,-0.79702401,-0.98449503,-0.86589992,-0.97960965,-0.006700679,0.87569135,-0.97969577,-0.77010597,-0.97969577,-0.99958886,-0.89539952,-0.96946642,3,"standing"
-0.34453638,-0.30656713,0.31013438,-0.33111101,-0.81094369,-0.03939319,0.088446372,0.088711295,0.082878059,0.94229135,0.33153187,0.79867388,-0.33235306,0.33567958,0.85130013,-0.98546732,-0.68241601,0.92472311,-0.33897559,-0.98633746,-0.70907042,-0.98162774,-0.0043353481,0.6872122,-0.98456727,-0.40606516,-0.98456727,-0.99972462,-0.68417562,-0.98034968,3,"standing"
-0.34836412,-0.30795309,0.31401112,-0.3366264,-0.80422716,-0.041466608,0.089182107,0.091721636,0.085200013,0.94093318,0.27778602,0.79167236,-0.36548238,0.37754674,0.85110091,-0.97848873,-0.67619335,0.92199595,-0.38979525,-0.98532892,-0.51548577,-0.97900455,0.013442014,0.47340099,-0.97794753,-0.33138996,-0.97794753,-0.99953423,-0.4623259,-0.89336792,3,"standing"
-0.34618512,-0.30795309,0.3135333,-0.33592584,-0.80507536,-0.043825235,0.095251302,0.095131799,0.087524694,0.94093318,-0.40864842,0.79112593,-0.64095129,0.68210213,0.850999,-0.96849771,-0.67595912,0.92178308,-0.72383056,-0.98415039,-0.67044388,-0.96330561,0.020242422,0.6667616,-0.96521212,-0.30812056,-0.96521212,-0.99904595,-0.68589302,-0.87510155,3,"standing"
-0.34136757,-0.30633659,0.30834694,-0.32855141,-0.81400182,-0.045287502,0.097627494,0.097243012,0.09050856,0.9417814,-0.46114491,0.79865069,-0.63078688,0.68076586,0.85145029,-0.97234863,-0.68263274,0.92471364,-0.73149469,-0.98339701,-0.60302648,-0.96357688,0.011492925,0.62428738,-0.96821601,-0.5159674,-0.96821601,-0.99917568,-0.67483856,-0.96778581,3,"standing"
-0.34130245,-0.29856442,0.30570704,-0.32472455,-0.8185937,-0.047428465,0.099505119,0.10031865,0.093941549,0.94442654,-0.25179427,0.80094311,-0.49872049,0.53390409,0.85145029,-0.97852139,-0.68542434,0.92560608,-0.56945728,-0.98225203,-0.60306209,-0.97199849,0.011035034,0.57689447,-0.97595019,-0.49784005,-0.97595019,-0.99946825,-0.5766909,-0.98184893,3,"standing"
-0.34130245,-0.30268063,0.30878001,-0.32914012,-0.81329888,-0.048856179,0.10301699,0.10240142,0.093941549,0.942725,0.42941338,0.79592594,-0.2724765,0.2751479,0.85130886,-0.97842243,-0.6805392,0.92365345,-0.2777877,-0.98147583,-0.63782802,-0.97838706,0.024836565,0.60557052,-0.97933375,-0.32580387,-0.97933375,-0.99957783,-0.59638189,-0.98244484,3,"standing"
-0.347818,-0.30268063,0.31092243,-0.33227186,-0.80955756,-0.049133574,0.10420606,0.10283183,0.094138003,0.942725,0.42932257,0.79337488,-0.39531444,0.39874317,0.84926248,-0.99270736,-0.67743873,0.92266071,-0.40205602,-0.98131056,-0.3943788,-0.99090738,0.032582285,0.33899046,-0.99293955,-0.13441068,-0.99293955,-0.99990327,-0.32207369,-0.98229146,3,"standing"
-0.34640884,-0.30188609,0.30909256,-0.32963491,-0.81273922,-0.049622294,0.10528718,0.1035263,0.094138003,0.94312006,0.34508705,0.79562756,-0.39403969,0.41697731,0.84928692,-0.99687073,-0.67977531,0.92353812,-0.44028248,-0.98104392,-0.2937921,-0.99691776,0.028964208,0.23787242,-0.99750704,0.017464283,-0.99750704,-0.99997069,-0.22760885,-0.98388964,3,"standing"
-0.34640884,-0.29906925,0.30850274,-0.32868106,-0.81388915,-0.049162407,0.10452264,0.10282406,0.094004923,0.94336995,0.18470293,0.79546008,-0.30315093,0.33626191,0.84928692,-0.99745824,-0.68079366,0.92347292,-0.36997415,-0.98131428,-0.42579997,-0.99674588,0.024372109,0.38234369,-0.99820885,-0.10874507,-0.99820885,-0.99997985,-0.37605128,-0.9920151,3,"standing"
-0.34671947,-0.29971717,0.30957255,-0.33018623,-0.81208035,-0.048540332,0.10390232,0.10192018,0.093046148,0.94324946,0.25450301,0.79389854,-0.32920844,0.34230451,0.84895632,-0.99712459,-0.67957053,0.92286482,-0.35553956,-0.98166068,-0.25175951,-0.99545193,0.024875011,0.18723448,-0.99600966,-0.12007357,-0.99600966,-0.99995143,-0.17055915,-0.99493596,3,"standing"
-0.34487789,-0.29971717,0.30909941,-0.32962473,-0.81275243,-0.048841556,0.10390232,0.10239003,0.093839868,0.94324946,-0.089769477,0.79577777,-0.21836157,0.22609964,0.8503615,-0.9973046,-0.68010095,0.92359637,-0.23391882,-0.98148022,-0.16218834,-0.99639614,0.026012384,0.086844245,-0.99737154,-0.24079227,-0.99737154,-0.99996969,-0.065022871,-0.99508571,3,"standing"
-0.34373968,-0.29874812,0.30711769,-0.32678831,-0.81614659,-0.048666508,0.098096398,0.10212926,0.093868166,0.94464203,0.5018794,0.79878377,-0.47843461,0.52863151,0.85055462,-0.95072642,-0.68293316,0.92476648,-0.5793494,-0.98157293,-0.67188576,-0.94712483,0.019863009,0.67570597,-0.94732218,-0.47957565,-0.94732218,-0.99808823,-0.70253151,-0.96444161,3,"standing"
0.047859079,-0.35056648,0.10231036,-0.026774002,-0.969052,-0.11469023,-0.0047373002,0.19167062,0.2494632,0.83498081,0.98927619,0.8174229,-0.98234315,0.98170245,0.88735097,-0.42958907,-0.81805781,0.93139929,-0.98064845,-0.9188055,-0.94414832,-0.45321392,-0.30085793,0.95458029,-0.37296297,-0.9895158,-0.37296297,-0.79898166,-0.96957616,-0.98289006,3,"sitting"
0.047859079,0.0043763286,0.072615419,0.01682111,-0.99485912,-0.13734571,0.20478937,0.22763691,0.2494632,0.96528189,0.7216823,0.86817219,-0.92058156,0.92912924,0.88735097,-0.81633552,-0.78391062,0.95148753,-0.93741649,-0.9015157,-0.9297945,-0.86601519,-0.33157744,0.92806377,-0.82125375,-0.95482837,-0.82125375,-0.98236544,-0.93109825,-0.98660095,3,"sitting"
-0.024665386,0.0043763286,0.092326162,-0.012283014,-0.99982443,-0.12627981,0.20478937,0.2103705,0.21155236,0.96509527,-0.047908398,0.85221561,-0.65262916,0.65940399,0.87384152,-0.97029639,-0.802033,0.94539933,-0.66590544,-0.91701546,-0.865675,-0.96764417,-0.46845731,0.88313464,-0.96687273,-0.85091093,-0.96687273,-0.99911897,-0.91096761,-0.98191775,3,"sitting"
-0.027427094,0.009230386,0.086883915,-0.004313032,-0.99958799,-0.13221715,0.2078779,0.21883974,0.21601028,0.96173723,-0.047838695,0.84837673,-0.23401279,0.24649608,0.8706033,-0.97968604,-0.79338685,0.94392635,-0.25926666,-0.91001417,-0.36776757,-0.97635954,-0.43239085,0.31483786,-0.97820376,-0.61650445,-0.97820376,-0.99954255,-0.30255705,-0.9869439,3,"sitting"
-0.022904069,0.025256174,0.083603154,0.00049169361,-0.99933072,-0.13757587,0.22330131,0.22637663,0.22014039,0.9613551,-0.59615061,0.84291441,-0.33818874,0.34240611,0.86964719,-0.97079185,-0.78557279,0.94182903,-0.34655665,-0.90360648,-0.56066951,-0.96890944,-0.403237,0.53873672,-0.97084024,-0.68111259,-0.97084024,-0.99928174,-0.54592842,-0.99606244,3,"sitting"
-0.004892342,0.026896121,0.07865254,0.0077337361,-0.99861813,-0.14249604,0.22942256,0.23321889,0.23374614,0.95474243,-0.77759784,0.83628392,-0.59516934,0.60304555,0.86637071,-0.95234106,-0.77801455,0.93927713,-0.61092882,-0.89749853,-0.80175712,-0.95117566,-0.37019454,0.78931097,-0.94987235,-0.74554844,-0.94987235,-0.99824496,-0.78989758,-0.98947383,3,"sitting"
0.086007462,0.031607584,0.060416529,0.034264504,-0.99314456,-0.15562255,0.23363985,0.25084524,0.29170932,0.90519386,-0.98628137,0.80740158,-0.92127307,0.92403223,0.86584174,-0.45920961,-0.75549073,0.92804449,-0.92647163,-0.8804288,-0.95209454,-0.59064112,-0.27264805,0.95696266,-0.45580129,-0.94942549,-0.45580129,-0.84788027,-0.96549601,-0.96254654,3,"sitting"
0.35488303,0.050005431,-0.024622632,0.15402201,-0.91648762,-0.20887892,0.24745876,0.31758838,0.41208406,0.70371625,-0.8590422,0.62162571,-0.86299638,0.86283639,0.85903712,-0.5221581,-0.63880269,0.85160108,-0.86236808,-0.80024076,-0.89331858,-0.68287647,0.083913492,0.88233025,-0.54400762,-0.88014434,-0.54400762,-0.89245309,-0.87805168,-0.95333452,3,"sitting"
0.44380672,0.14482837,-0.1752714,0.35706445,-0.70031202,-0.28333154,0.30762928,0.41095272,0.45818743,0.59683579,-0.94851622,0.26734524,-0.82632589,0.82445779,0.80669328,-0.36475029,-0.40989353,0.69555133,-0.8222719,-0.67043513,-0.86490833,-0.49003686,0.5847004,0.85222375,-0.36287703,-0.85226484,-0.36287703,-0.79261001,-0.84814903,-0.9662632,3,"sitting"
0.44380672,0.41754805,-0.25674616,0.46528206,-0.54854309,-0.3232588,0.42795535,0.46487907,0.46877296,0.59445076,-0.75004976,0.036944678,-0.78163851,0.77934408,0.6006634,-0.89940688,-0.2700962,0.58744543,-0.77672863,-0.58229217,-0.95134025,-0.90064144,0.81479164,0.94864913,-0.88668174,-0.62684177,-0.88668174,-0.99248769,-0.94917178,-0.99591586,3,"sitting"
0.44218025,0.47894294,-0.25716495,0.46481225,-0.5500656,-0.33630846,0.47380661,0.48009693,0.46877296,0.59445076,-0.21902048,0.0042438402,-0.56013307,0.571304,0.50114804,-0.98580037,-0.25465185,0.5709617,-0.58186365,-0.55475587,-0.18683018,-0.9808475,0.8224818,0.11176939,-0.97408044,-0.22789737,-0.97408044,-0.9994014,-0.088457142,-0.99724473,3,"sitting"
0.42719866,0.47894294,-0.25549308,0.46261283,-0.55423402,-0.33865955,0.48339962,0.4828826,0.47589739,0.59032045,0.082914786,0.0025869623,0.088268505,-0.077937051,0.50114804,-0.98955193,-0.25398233,0.57009544,0.067065648,-0.549514,0.11440402,-0.98685605,0.82228676,-0.20683837,-0.98090159,0.10559006,-0.98090159,-0.99962353,0.22808477,-0.99543268,3,"sitting"
0.18209007,0.047721583,0.017429973,0.095812876,-0.96591285,-0.097520936,0.10116205,0.16815987,0.26119103,0.89772995,-0.7738485,0.81637258,-0.42337923,0.42483234,0.89268468,-0.67599687,-0.80517681,0.93126851,-0.42634991,-0.94272366,-0.58851461,-0.71900577,-0.32024789,0.5466815,-0.67126096,-0.9051975,-0.67126096,-0.94316525,-0.53076224,-0.94361308,3,"sitting"
0.046253501,0.047721583,0.05421504,0.043313591,-0.99218219,-0.054567568,0.093984865,0.10879327,0.15035477,0.95821394,-0.73332584,0.89378816,-0.74090554,0.73911029,0.89268501,-0.9053508,-0.88496992,0.96122816,-0.73701972,-0.97809085,-0.95810541,-0.90750239,-0.56383686,0.95881984,-0.90584744,-0.91411973,-0.90584744,-0.9946524,-0.96249649,-0.96661352,3,"sitting"
0.050546573,0.054245671,0.03959921,0.064629886,-0.98627796,-0.044093732,0.093984865,0.093937488,0.088678953,0.97761874,-0.49865521,0.89454775,-0.46921939,0.47261368,0.89268501,-0.94233383,-0.8836838,0.96153142,-0.47595612,-0.98456598,-0.84647033,-0.95330815,-0.54506254,0.83655784,-0.94535597,-0.84846464,-0.94535597,-0.99796485,-0.83673749,-0.97495923,3,"sitting"
0.0506055,0.097880181,0.029871755,0.078699799,-0.98192582,-0.046067358,0.095025272,0.09666728,0.089397266,0.97761874,-0.48575861,0.88575429,-0.34450235,0.34825058,0.88564554,-0.98717303,-0.87166806,0.95819873,-0.35196162,-0.98359822,-0.80735412,-0.98362521,-0.50596844,0.80522751,-0.98663128,-0.51524163,-0.98663128,-0.99977497,-0.81638789,-0.98310478,3,"sitting"
0.051162568,0.10338021,0.02962946,0.079058544,-0.98179692,-0.047467188,0.099390962,0.098663131,0.093847536,0.97767693,-0.29616102,0.88524133,-0.18343089,0.19990331,0.88363361,-0.98600986,-0.87007285,0.958004,-0.2164181,-0.98287514,-0.41458349,-0.98123386,-0.50003563,0.3711664,-0.98551933,-0.44858657,-0.98551933,-0.99974815,-0.36548277,-0.99170525,3,"sitting"
0.053628705,0.10338021,0.028542597,0.080647526,-0.9811895,-0.050864574,0.099392388,0.10350024,0.099593842,0.97629723,-0.04085631,0.88342509,-0.43350593,0.46141778,0.88362924,-0.98625554,-0.86563931,0.95731352,-0.48971526,-0.98100915,-0.25863686,-0.98699696,-0.48412321,0.19145573,-0.98727623,-0.39297678,-0.98727623,-0.99979005,-0.17135195,-0.99328694,3,"sitting"
0.053628705,0.10640109,0.027564571,0.082063172,-0.98065378,-0.054222315,0.10645945,0.10826421,0.099593842,0.97627369,-0.087237724,0.88101943,-0.3961472,0.42040851,0.88255395,-0.99524889,-0.8613174,0.95639885,-0.44478477,-0.9791617,-0.50459444,-0.99340801,-0.46930806,0.4663978,-0.99628914,-0.46737063,-0.99628914,-0.99995511,-0.46011517,-0.99761613,3,"sitting"
0.053152355,0.10640093,0.027974,0.081428777,-0.980899,-0.054454322,0.10803594,0.1085526,0.099507685,0.97557134,-0.16113775,0.87961726,-0.51848935,0.53733621,0.88145584,-0.96273155,-0.86150488,0.95586538,-0.55571522,-0.9790467,-0.44785569,-0.96846086,-0.47128607,0.43694177,-0.96349053,-0.71910962,-0.96349053,-0.99896754,-0.46371382,-0.99505446,3,"sitting"
0.052471026,0.10373237,0.028249455,0.081035898,-0.98104853,-0.049781882,0.089340419,0.10192556,0.099256075,0.97557134,-0.29916827,0.88237819,-0.45013927,0.47133401,0.88517341,-0.96156247,-0.86638564,0.95691481,-0.49281311,-0.98154384,-0.52309421,-0.96381857,-0.48804291,0.51393349,-0.96185342,-0.75393925,-0.96185342,-0.99889058,-0.53735844,-0.99130833,3,"sitting"
0.052467923,0.099414218,0.030502575,0.077820032,-0.98224079,-0.040473898,0.083164967,0.088746612,0.095343591,0.97633019,-0.45951186,0.88998287,-0.37794653,0.39926954,0.88685857,-0.97546654,-0.87755597,0.95980349,-0.42098071,-0.9862152,-0.55805133,-0.97175665,-0.52643628,0.53134583,-0.97254622,-0.62430966,-0.97254622,-0.99934671,-0.53363008,-0.99528606,3,"sitting"
0.048372016,0.099414218,0.032082337,0.075524954,-0.98309547,-0.036783545,0.083164967,0.08349621,0.077376338,0.97940241,-0.22177041,0.8923293,-0.20313693,0.20227746,0.88685857,-0.99365591,-0.88262966,0.96069451,-0.20128526,-0.98799837,-0.2620028,-0.99109163,-0.54498489,0.19196013,-0.991607,-0.3091128,-0.991607,-0.99987947,-0.16864773,-0.99786455,3,"sitting"
0.049095073,0.099922552,0.030850298,0.077284441,-0.98245383,-0.038590137,0.084610357,0.086040778,0.077722653,0.97938916,-0.17844337,0.88973876,-0.17713056,0.18825271,0.88646168,-0.99524657,-0.87964017,0.95971181,-0.19960368,-0.98720592,0.06871782,-0.9928801,-0.53529721,-0.14508721,-0.99335835,-0.35508935,-0.99335835,-0.99991042,0.15180588,-0.99782717,3,"sitting"
0.049095073,0.10214708,0.030418739,0.07793338,-0.98221705,-0.039548588,0.089681587,0.087422822,0.078462396,0.97938916,-0.36235912,0.88998765,-0.14106419,0.15767214,0.88560533,-0.99737886,-0.87829928,0.95980632,-0.1738628,-0.98676725,-0.062502469,-0.99544723,-0.52966028,-0.0080298236,-0.99582161,-0.10593905,-0.99582161,-0.99994875,0.018220455,-0.99763996,3,"sitting"
0.049863692,0.10214688,0.030679393,0.07756362,-0.98235333,-0.040969403,0.090037454,0.089452087,0.085122484,0.97852389,-0.30952649,0.88988512,-0.28028596,0.29816383,0.88560533,-0.99118869,-0.87729949,0.95976734,-0.3163287,-0.98609189,-0.22147356,-0.9908988,-0.52531702,0.16010396,-0.99095308,-0.31908357,-0.99095308,-0.99986721,-0.14891339,-0.99734847,3,"sitting"
0.82476531,0.75433165,-0.54505907,0.77207768,0.20732067,-0.45073458,0.52802912,0.6131905,0.6260496,-0.28608097,0.58980678,-0.97654658,-0.9430081,0.94965058,-0.30693841,-0.83370822,0.47790888,-0.31618977,-0.95602129,-0.26831883,-0.90124988,-0.81102986,0.30659302,0.89659245,-0.79283117,-0.84529029,-0.79283117,-0.97664155,-0.89852238,-0.88989489,3,"laying"
0.7196532,0.75433165,-0.53511065,0.75793363,0.16192124,-0.46167616,0.61431553,0.62098933,0.62588127,-0.2829662,0.39449119,-0.97848482,-0.63254864,0.63204104,-0.38412697,-0.93946422,0.48114012,-0.32171341,-0.63128013,-0.25095566,-0.81755228,-0.92612703,0.27840062,0.80675891,-0.93460283,-0.7766739,-0.93460283,-0.99721629,-0.80785403,-0.97286831,3,"laying"
0.7196532,0.77249724,-0.53666594,0.76275314,0.17621116,-0.46064075,0.61431553,0.62258888,0.61669962,-0.28104324,0.48243326,-0.97971987,-0.70374973,0.71093692,-0.38513866,-0.96852723,0.48486444,-0.32615383,-0.7180453,-0.24711015,-0.70040722,-0.95972451,0.28722402,0.69335484,-0.96343746,-0.63932795,-0.96343746,-0.99896526,-0.70660165,-0.97297393,3,"laying"
0.71549914,0.77212818,-0.53117527,0.75798702,0.16187499,-0.46664721,0.62641223,0.62923341,0.61689305,-0.28104324,0.12844943,-0.98037459,-0.52557364,0.53477232,-0.3953846,-0.98787984,0.4865956,-0.32851918,-0.54378691,-0.23088329,-0.037683971,-0.9829747,0.28748728,-0.039995078,-0.98444889,-0.34488051,-0.98444889,-0.99972146,0.055584933,-0.98937938,3,"laying"
0.70995799,0.77212818,-0.53051568,0.7570917,0.15918901,-0.46714544,0.63092611,0.62952805,0.61689305,-0.28069819,-0.11978355,-0.97992878,-0.43391223,0.43977144,-0.39285186,-0.98922174,0.48535369,-0.32686995,-0.4455224,-0.23016111,-0.21566309,-0.98696353,0.28901459,0.20320808,-0.98771241,-0.25032457,-0.98771241,-0.99979994,-0.24373487,-0.9890108,3,"laying"
0.71041119,0.7723059,-0.53056651,0.75722125,0.15957639,-0.46661039,0.63011178,0.62901215,0.6158921,-0.27818217,0.14468105,-0.97874867,-0.4493728,0.44988186,-0.38417883,-0.98544811,0.48228182,-0.32263062,-0.45034925,-0.2314346,-0.40766639,-0.97771484,0.29613986,0.42557561,-0.98154009,-0.33819094,-0.98154009,-0.999643,-0.4857342,-0.9810062,3,"laying"
0.71229223,0.7723059,-0.53147713,0.75814714,0.16235053,-0.46507766,0.62669347,0.62743209,0.6158921,-0.27557983,0.33656576,-0.97734861,-0.39677577,0.39600203,-0.38371377,-0.98646406,0.47869195,-0.3176732,-0.39517369,-0.23531853,-0.43963213,-0.98096915,0.30396502,0.45535641,-0.9841024,-0.42328279,-0.9841024,-0.99971275,-0.5111912,-0.97405716,3,"laying"
0.71237943,0.77385933,-0.53309384,0.75954496,0.16653799,-0.46350936,0.62667199,0.62568864,0.61447949,-0.27399179,0.18908136,-0.97764482,-0.49978423,0.50690585,-0.38371377,-0.97433752,0.47943959,-0.31870751,-0.51390805,-0.2396055,-0.44773214,-0.96682079,0.3011134,0.47500531,-0.97148518,-0.40154258,-0.97148518,-0.99930663,-0.54251054,-0.96465587,3,"laying"
0.71237943,0.77006853,-0.53109209,0.75766349,0.16090968,-0.46574271,0.62667199,0.62804508,0.61693985,-0.27399179,0.40225828,-0.97799182,-0.68384489,0.7104458,-0.38417864,-0.96229759,0.48029993,-0.3199115,-0.73732804,-0.23380503,-0.53434201,-0.95271118,0.29998545,0.55708761,-0.9594841,-0.53354208,-0.9594841,-0.99877366,-0.61382242,-0.94123902,3,"laying"
0.71059472,0.77006853,-0.52884003,0.75561068,0.15476558,-0.4677435,0.63093794,0.63018789,0.61693985,-0.27342599,0.464449,-0.97714047,-0.66737993,0.70092453,-0.38380307,-0.95567317,0.47813346,-0.31694486,-0.73488729,-0.22853269,-0.40411936,-0.96059131,0.3058412,0.40879851,-0.94968558,-0.16164099,-0.94968558,-0.99823391,-0.45535496,-0.96799006,3,"laying"
0.71480096,0.77022027,-0.53064272,0.75740991,0.16015028,-0.4653681,0.62103963,0.62775234,0.61652988,-0.2679502,0.51115436,-0.97593531,-0.67242448,0.67792529,-0.37127468,-0.95853089,0.47520101,-0.31287598,-0.68330886,-0.23451492,-0.11051029,-0.96460067,0.31204349,0.076165971,-0.95376072,-0.15422473,-0.95376072,-0.99847015,-0.10176319,-0.97701109,3,"laying"
0.71621651,0.77252109,-0.53531562,0.76133611,0.17193006,-0.45943713,0.61796597,0.62108486,0.61612748,-0.26792168,0.52400071,-0.97342416,-0.51087591,0.50797043,-0.36697557,-0.97610696,0.46922315,-0.30471213,-0.50484091,-0.25080505,0.13515074,-0.97346987,0.32058813,-0.23768765,-0.97172816,-0.20059146,-0.97172816,-0.99931486,0.26796973,-0.98894002,3,"laying"
0.71650349,0.77738017,-0.53718838,0.76297445,0.17685077,-0.45710931,0.61796597,0.61851538,0.60731337,-0.26177552,-0.13446736,-0.97257359,-0.23952329,0.23630332,-0.36697557,-0.9831943,0.46719177,-0.30192641,-0.23302852,-0.2570916,0.098399294,-0.97889554,0.32352818,-0.18593159,-0.97844958,-0.099906668,-0.97844958,-0.99955018,0.20334174,-0.97591648,3,"laying"
0.71726014,0.77738017,-0.53731587,0.76351573,0.1784841,-0.45765547,0.61944455,0.61945453,0.60731337,-0.26351182,-0.34847482,-0.97417489,-0.56549308,0.5705558,-0.36888991,-0.95646427,0.47099001,-0.30704684,-0.57551187,-0.25481887,-0.24336937,-0.94798776,0.31766127,0.24638175,-0.94633979,-0.34569572,-0.94633979,-0.99802756,-0.30165147,-0.97092455,3,"laying"
0.86906664,0.86761845,-0.66881431,0.86870478,0.51778068,-0.31238594,0.40203655,0.45028338,0.44637308,-0.2478005,-0.82481481,-0.96086389,-0.91624446,0.92541554,-0.32059358,-0.9311449,0.44385636,-0.26888801,-0.93432705,-0.60854572,-0.88629696,-0.9269533,0.2246542,0.87603283,-0.91806724,-0.94801645,-0.91806724,-0.99584217,-0.87303377,-0.9777362,3,"laying"
0.81159609,0.86761845,-0.65945194,0.85811094,0.48102542,-0.3216007,0.45970752,0.45953797,0.45081289,-0.2320198,-0.65709242,-0.95960112,-0.84133561,0.84309831,-0.32059358,-0.97062343,0.44043247,-0.26522323,-0.84449634,-0.59250732,-0.82002212,-0.9718673,0.22766146,0.81871294,-0.9695638,-0.62444215,-0.9695638,-0.99923083,-0.82973115,-0.977535,3,"laying"
0.81159609,0.87301788,-0.66024761,0.86092969,0.49054932,-0.32303381,0.46102822,0.46250077,0.4514109,-0.23207843,-0.35386602,-0.96407742,-0.59839506,0.59747214,-0.33459042,-0.99093191,0.44938639,-0.27696099,-0.59635117,-0.58717253,-0.17012025,-0.99057764,0.22066191,0.095466721,-0.98977683,-0.2655351,-0.98977683,-0.99984397,-0.073510734,-0.98326238,3,"laying"
0.81140117,0.87401702,-0.66001692,0.86052731,0.48918415,-0.32374961,0.46484377,0.46326012,0.4514109,-0.23379328,-0.015180168,-0.96505101,-0.37613442,0.40781649,-0.34801602,-0.99695465,0.45128744,-0.27962596,-0.43985092,-0.58580433,-0.0018650556,-0.99609117,0.21647366,-0.083029913,-0.99648768,-0.098991132,-0.99648768,-0.99995793,0.10415275,-0.9917363,3,"laying"
0.81065662,0.87401759,-0.66031703,0.86048625,0.48904468,-0.3237025,0.46484377,0.46307538,0.45228422,-0.23595645,-0.031791846,-0.96562273,-0.29717443,0.3680564,-0.3482339,-0.99605541,0.45241798,-0.28123142,-0.4404664,-0.58613866,-0.1256608,-0.99613216,0.21278132,0.06610704,-0.99559294,-0.28484646,-0.99559294,-0.99994537,-0.063390179,-0.99636207,3,"laying"
0.81065662,0.87341489,-0.65948078,0.85994309,0.48720467,-0.32496807,0.46536262,0.46465365,0.45345327,-0.23781104,-0.073515615,-0.96636341,-0.34657422,0.42314702,-0.35024438,-0.99618577,0.45394671,-0.28332587,-0.50134609,-0.58327542,0.053664563,-0.99529423,0.21149604,-0.14029483,-0.99573397,-0.2778602,-0.99573397,-0.99994738,0.15945681,-0.99725974,3,"laying"
0.81057681,0.87341489,-0.65892999,0.85973371,0.48649511,-0.32581369,0.46746447,0.46578551,0.45345327,-0.23813551,0.051768094,-0.96686689,-0.53141804,0.55422168,-0.3524312,-0.99756605,0.45501765,-0.28476136,-0.57725201,-0.58122097,-0.010608228,-0.99670981,0.21119152,-0.064482627,-0.99736751,-0.28304043,-0.99736751,-0.99996954,0.075632214,-0.99828941,3,"laying"
0.81077725,0.87373934,-0.65962669,0.86049591,0.48907763,-0.32509091,0.46662673,0.46504359,0.4532278,-0.23813551,-0.020090596,-0.96689356,-0.44921872,0.4713696,-0.35335399,-0.99722322,0.45511902,-0.28483719,-0.49332223,-0.58256942,-0.12532302,-0.99585115,0.21113306,0.062203128,-0.99752084,-0.36987485,-0.99752084,-0.99997155,-0.055829689,-0.99744046,3,"laying"
0.81077725,0.8735161,-0.65974513,0.86013781,0.48786456,-0.32497012,0.46662673,0.46466506,0.45286918,-0.23853897,-0.23123955,-0.96693887,-0.35750202,0.40276279,-0.35335399,-0.99837929,0.45514501,-0.28496747,-0.44862826,-0.58325763,-0.11363625,-0.99745388,0.20889862,0.042910845,-0.99829939,-0.23157806,-0.99829939,-0.9999811,-0.028931971,-0.99827592,3,"laying"
0.81017445,0.8735161,-0.65941609,0.85965715,0.48623545,-0.32545071,0.46673858,0.46512455,0.45286918,-0.23902256,0.21419602,-0.96721645,-0.62920553,0.63918969,-0.35326686,-0.98638898,0.45568546,-0.28576543,-0.64887468,-0.58242306,-0.04003413,-0.98586004,0.2072867,-0.028399966,-0.98731025,-0.53820715,-0.98731025,-0.99979085,0.034948496,-0.99133572,3,"laying"
0.81303129,0.87381312,-0.66074623,0.86104294,0.49093542,-0.32342482,0.45911916,0.46287088,0.45286762,-0.23902256,0.37800677,-0.96595388,-0.56966473,0.56877846,-0.34371444,-0.98514096,0.45317475,-0.28221134,-0.56766684,-0.58649189,0.047499487,-0.98726766,0.21186232,-0.12626802,-0.9864982,-0.47666305,-0.9864982,-0.99977206,0.13710461,-0.98808429,3,"laying"
0.81317465,0.8748379,-0.66321303,0.86284441,0.49705018,-0.31991595,0.45835293,0.45859135,0.45184372,-0.23664336,0.063388676,-0.96423298,-0.53275181,0.53244847,-0.34369203,-0.99117207,0.44967464,-0.27737213,-0.53199863,-0.59419967,0.27081145,-0.99027826,0.21462471,-0.35304346,-0.98961415,-0.36052711,-0.98961415,-0.99984067,0.35191332,-0.9972177,3,"laying"
0.81317465,0.87610922,-0.66345067,0.86301299,0.49762223,-0.31999367,0.45835293,0.45869331,0.44905872,-0.23673939,-0.28110166,-0.96489478,-0.47755505,0.48191978,-0.34369203,-0.99306584,0.45101957,-0.27921621,-0.48628147,-0.59402124,0.34833028,-0.99072387,0.21180889,-0.40238669,-0.99086878,-0.31311902,-0.99086878,-0.99986525,0.36617257,-0.99618176,3,"laying"
0.81277455,0.87554949,-0.6620396,0.86211533,0.49457214,-0.32219445,0.46107756,0.46145095,0.45032172,-0.23685131,0.031890759,-0.96627091,-0.27795845,0.27894529,-0.34814711,-0.99636707,0.45382953,-0.28306548,-0.28001366,-0.58907121,0.12716502,-0.99637564,0.20933789,-0.18612006,-0.99490637,-0.22344444,-0.99490637,-0.99993521,0.17043468,-0.99616568,3,"laying"
0.81146645,0.87526083,-0.66122808,0.8613818,0.49208176,-0.32315313,0.46416786,0.46254211,0.45045336,-0.23685131,-0.22040302,-0.9664638,-0.34868314,0.3964872,-0.35170428,-0.99847395,0.45419503,-0.28360894,-0.4449494,-0.58710334,0.36622864,-0.99837008,0.20921653,-0.4412969,-0.99705458,-0.17601277,-0.99705458,-0.99996552,0.42712608,-0.9975427,3,"laying"
0.81199044,0.87526083,-0.66149276,0.86147034,0.49238247,-0.32276049,0.46270336,0.46200887,0.45045336,-0.23650545,-0.13666358,-0.96625235,-0.33346877,0.35793326,-0.35145632,-0.99616332,0.45374282,-0.28300724,-0.38270343,-0.58806508,0.38020152,-0.9945906,0.20918916,-0.4605881,-0.99541359,-0.074453809,-0.99541359,-0.99994271,0.45032952,-0.99676121,3,"laying"
-0.2630867,-0.23586438,0.25885447,-0.25669097,-0.89003053,0.08481759,-0.11814142,-0.091242197,-0.081777069,0.96009576,0.027184494,0.85414469,-0.63722342,0.68214705,0.87977872,-0.58149841,-0.74898204,0.94613051,-0.72642987,-0.98117702,-0.3643578,-0.4512787,-0.12846124,0.34004483,-0.50264281,-0.40858271,-0.50264281,-0.87251622,-0.35748667,-0.6528555,3,"walking"
-0.26961908,-0.23557967,0.25932779,-0.25759208,-0.88926336,0.094220915,-0.11725131,-0.10489307,-0.091570027,0.96009576,0.017788969,0.85193846,-0.54208095,0.58733549,0.87526418,-0.52579037,-0.74306269,0.94528949,-0.63115551,-0.97557807,-0.19711459,-0.39267136,-0.091155326,0.19533606,-0.44148975,-0.3762045,-0.44148975,-0.83993877,-0.24772811,-0.63875191,3,"walking"
-0.26961908,-0.23936998,0.25955522,-0.2575512,-0.8892811,0.10387834,-0.1233136,-0.11861126,-0.11053411,0.95223687,0.046544741,0.84020663,-0.51639405,0.57224821,0.87475566,-0.48034571,-0.73675537,0.94077472,-0.6266724,-0.96943096,-0.11988391,-0.42434497,-0.063291976,0.12770833,-0.38566464,-0.28700535,-0.38566464,-0.80697171,-0.19489573,-0.6652258,3,"walking"
-0.26537373,-0.23936998,0.26090367,-0.25912452,-0.88779634,0.11037056,-0.14031666,-0.12773179,-0.12566525,0.95223536,-0.14605459,0.82861639,-0.4008032,0.46892296,0.86695174,-0.46806981,-0.73067323,0.93632021,-0.53402638,-0.96471086,0.0062422503,-0.40676221,-0.043214505,-0.016309053,-0.36526784,-0.19842633,-0.36526784,-0.79400564,-0.041713168,-0.64347578,3,"walking"
-0.26290301,-0.23805308,0.25506045,-0.25082418,-0.89538292,0.11924362,-0.15090302,-0.14050549,-0.12855456,0.95223536,-0.15971219,0.83128409,-0.34431306,0.40308463,0.86695174,-0.4499342,-0.73168349,0.9373502,-0.45785452,-0.95762977,0.036300313,-0.41520234,-0.029642209,-0.038955214,-0.37148991,-0.19931954,-0.37148991,-0.79799446,-0.029186406,-0.56414192,3,"walking"
-0.26290301,-0.23531964,0.25712774,-0.25385758,-0.89262136,0.11893415,-0.15090302,-0.14009704,-0.13484806,0.95196357,-0.061801132,0.82982617,-0.27508172,0.33869545,0.86592324,-0.4362703,-0.72933547,0.93678815,-0.39715676,-0.95786662,0.019839521,-0.39409963,-0.023576836,-0.019140007,-0.37296823,-0.12898335,-0.37296823,-0.79903518,-0.049189337,-0.5426342,3,"walking"
-0.27615147,-0.23531964,0.26199066,-0.26060904,-0.88650802,0.11357707,-0.13611412,-0.13228207,-0.13381032,0.94336346,-0.15186937,0.82386672,-0.38060261,0.44332994,0.8655795,-0.42073165,-0.72706069,0.93448232,-0.50315209,-0.96234986,0.14922431,-0.35842029,-0.030558622,-0.14139113,-0.33337089,-0.18140692,-0.33337089,-0.77316344,0.057858762,-0.61800524,3,"walking"
-0.27680926,-0.23464986,0.26273403,-0.26102467,-0.88612377,0.11028115,-0.13447705,-0.12720464,-0.12320396,0.94336346,-0.15216949,0.81543558,-0.49220305,0.55616559,0.86531322,-0.42751188,-0.72838227,0.93121915,-0.61859736,-0.96502976,0.036604361,-0.31001675,-0.049272017,-0.032180316,-0.33106436,-0.12690266,-0.33106436,-0.77172529,-0.03988481,-0.654936,3,"walking"
-0.27847088,-0.23641156,0.26335379,-0.26237281,-0.88486018,0.10267132,-0.12694462,-0.11655385,-0.11253906,0.94344592,-0.19791766,0.8264614,-0.45333291,0.51466019,0.86982396,-0.42773157,-0.7325754,0.9354748,-0.57409918,-0.97034732,-0.08061487,-0.39443504,-0.065887322,0.08205073,-0.35518558,-0.14153804,-0.35518558,-0.78766365,-0.14264136,-0.59231516,3,"walking"
-0.27993538,-0.2384619,0.26453364,-0.264625,-0.88272069,0.098701852,-0.11566272,-0.11112708,-0.11253906,0.95563757,-0.33049018,0.8356456,-0.20602735,0.27548014,0.86982396,-0.41547055,-0.73348385,0.93902959,-0.34037988,-0.97301513,0.099872818,-0.25201229,-0.067436285,-0.088259147,-0.26459661,-0.10553089,-0.26459661,-0.72485704,0.0067601173,-0.59437174,3,"walking"
-0.28550492,-0.25376679,0.26992128,-0.27272021,-0.87481284,0.097643711,-0.11780248,-0.1097687,-0.10336405,0.95563757,-0.23842048,0.83434772,-0.025661399,0.10543785,0.86709448,-0.41387981,-0.72696651,0.93853171,-0.17701044,-0.97355987,-0.026275057,-0.26336747,-0.050039897,0.041055382,-0.24400555,-0.19202598,-0.24400555,-0.70945115,-0.12218863,-0.59515773,3,"walking"
-0.28047617,-0.25376679,0.27075217,-0.27395698,-0.87356537,0.091631005,-0.11780248,-0.10112523,-0.098150959,0.95658098,-0.12348678,0.83726569,-0.021293691,0.090824038,0.86709448,-0.50858033,-0.72925668,0.93965592,-0.15087004,-0.9772781,-0.095418201,-0.42771406,-0.067615498,0.099018104,-0.38277579,-0.31140329,-0.38277579,-0.80517945,-0.16484846,-0.58282394,3,"walking"
-0.28047617,-0.251532,0.2659684,-0.26646757,-0.88090597,0.095935944,-0.12978284,-0.10705056,-0.098150959,0.95382263,-0.18423334,0.83215943,-0.07363556,0.13202582,0.8670484,-0.54337516,-0.73322857,0.93768834,-0.18192483,-0.97453829,-0.19720711,-0.47675916,-0.075904462,0.20778813,-0.43814247,-0.32047751,-0.43814247,-0.83803765,-0.27351522,-0.63536177,3,"walking"
-0.2811655,-0.24920976,0.26733682,-0.26941616,-0.87805976,0.10690142,-0.13094184,-0.12329968,-0.11564391,0.95382263,-0.29565412,0.83802992,-0.28568709,0.35096518,0.87481939,-0.45641146,-0.72466289,0.93994338,-0.41144859,-0.96704022,-0.0073350397,-0.36780486,-0.020142141,0.025722338,-0.35017304,-0.24866554,-0.35017304,-0.78438915,-0.11108057,-0.72014656,3,"walking"
-0.28798788,-0.24937282,0.27020708,-0.27527019,-0.87237275,0.10742029,-0.13094184,-0.12492123,-0.1257456,0.95827867,-0.36485137,0.85867445,-0.28049784,0.35458328,0.88254823,-0.40516444,-0.72058241,0.94786257,-0.42439909,-0.96625848,0.06430904,-0.33222633,0.01531619,-0.046318139,-0.29930708,-0.10683638,-0.29930708,-0.74989439,-0.04290864,-0.67183523,3,"walking"
-0.26616392,-0.24937282,0.26441684,-0.26720738,-0.88007747,0.10608504,-0.12823781,-0.12315697,-0.1257456,0.96743564,-0.32397714,0.8723129,-0.25921068,0.32373723,0.88254823,-0.46166747,-0.72899586,0.95308034,-0.38361481,-0.96717316,-0.048255348,-0.39029681,-0.0012600992,0.06597106,-0.35112108,-0.095655878,-0.35112108,-0.7850176,-0.14950974,-0.60550755,3,"walking"
-0.23149669,-0.24040846,0.24449716,-0.23582271,-0.90768647,0.088991937,-0.11022762,-0.097200275,-0.08472405,0.9558674,-0.076257448,0.8672282,-0.55724163,0.60430429,0.88506423,-0.57648469,-0.7658107,0.95112743,-0.65103227,-0.97876298,-0.31016068,-0.45584945,-0.15960224,0.28909148,-0.4830533,-0.3236759,-0.4830533,-0.8624015,-0.31437569,-0.59372973,3,"walking"
-0.25000914,-0.24056127,0.26111123,-0.26002778,-0.88683524,0.098073726,-0.11736709,-0.11037948,-0.098836988,0.95397675,-0.11821967,0.84539101,-0.53382934,0.58549484,0.88049443,-0.55625787,-0.73838444,0.94276615,-0.6362779,-0.97330435,-0.17481452,-0.45001584,-0.074733047,0.16708523,-0.45325111,-0.30271321,-0.45325111,-0.84649405,-0.21608858,-0.66961525,3,"walking"
-0.27813441,-0.24056127,0.26350289,-0.26309071,-0.88415257,0.098111183,-0.11736709,-0.11025297,-0.10772056,0.95397675,-0.13893701,0.83654014,-0.41551617,0.47553485,0.86990206,-0.56932996,-0.73520408,0.93937421,-0.53227487,-0.9733696,-0.13645234,-0.48123798,-0.073275835,0.1491735,-0.44799685,-0.27794742,-0.44799685,-0.84357932,-0.22033986,-0.70799297,3,"walking"
-0.27813441,-0.24613104,0.26637209,-0.2672514,-0.88012387,0.098367403,-0.11548678,-0.1106393,-0.10772056,0.95135837,-0.13150409,0.83322816,-0.36408373,0.42247402,0.86863061,-0.54561322,-0.7312524,0.93809782,-0.47683962,-0.9732145,-0.1384499,-0.43317174,-0.06339912,0.1552778,-0.40693805,-0.21404695,-0.40693805,-0.81988614,-0.2302578,-0.54791883,3,"walking"
-0.27734322,-0.24613104,0.2668082,-0.26800762,-0.87939896,0.10342651,-0.12887806,-0.11797386,-0.11675817,0.95135837,-0.22925651,0.83146432,-0.099192993,0.17301905,0.86681131,-0.48228705,-0.72757124,0.93741942,-0.237559,-0.96970975,-0.04844043,-0.29589678,-0.043051592,0.069813178,-0.29029996,-0.2908,-0.29029996,-0.7430676,-0.15675289,-0.4990405,3,"walking"
-0.27734322,-0.24185439,0.26371112,-0.26399353,-0.8832864,0.11057081,-0.13710437,-0.12847455,-0.11871525,0.95720066,-0.27444276,0.83735238,-0.097734525,0.17213376,0.86974313,-0.46914281,-0.72692797,0.93968867,-0.23818374,-0.96433315,-0.060145854,-0.30776024,-0.021530105,0.073177406,-0.26637714,-0.14516989,-0.26637714,-0.72609211,-0.15071759,-0.42888842,3,"walking"
-0.2776246,-0.24086397,0.26517267,-0.26686114,-0.88057502,0.11622704,-0.14000156,-0.13704165,-0.14000412,0.95792895,-0.22272385,0.84274398,-0.28132959,0.34805988,0.87454058,-0.48692687,-0.72114124,0.94176073,-0.40986654,-0.95972924,-0.053774292,-0.31695553,0.013133542,0.066362369,-0.31969579,-0.12502405,-0.31969579,-0.7640356,-0.14247682,-0.56747211,3,"walking"
-0.26370651,-0.24003261,0.26245111,-0.26272778,-0.88442368,0.10739943,-0.14000156,-0.12420454,-0.0974441,0.95792895,-0.18327567,0.84942794,-0.28086694,0.35108116,0.87454058,-0.51049608,-0.73068326,0.94432674,-0.41571952,-0.96598242,-0.19064048,-0.33012319,-0.027458436,0.21830056,-0.36476457,-0.30816681,-0.36476457,-0.79383493,-0.30300694,-0.63620264,3,"walking"
-0.25714161,-0.23705415,0.25449356,-0.24971085,-0.89628389,0.089654778,-0.13261901,-0.097906271,-0.085978411,0.95568011,-0.20811809,0.84606866,-0.25610126,0.3256844,0.87450986,-0.41168274,-0.75215815,0.94303633,-0.38969069,-0.97827799,-0.24489525,-0.28488659,-0.1355596,0.24666228,-0.29271323,-0.32343391,-0.29271323,-0.74522967,-0.30036785,-0.67864629,3,"walking"
-0.25714161,-0.24763985,0.25946294,-0.25682318,-0.88952301,0.09385521,-0.12908929,-0.1039237,-0.085978411,0.95529398,-0.21820497,0.83710796,-0.2196113,0.2970458,0.86898787,-0.39651097,-0.7430994,0.9395933,-0.36830738,-0.97555125,-0.10375445,-0.24247882,-0.106787,0.10595261,-0.21193085,-0.31559668,-0.21193085,-0.68426948,-0.16978654,-0.5263194,3,"walking"
-0.27618088,-0.24932407,0.26975322,-0.2736849,-0.87389898,0.1072744,-0.12908929,-0.12423832,-0.11419771,0.95529398,-0.18457357,0.84595785,-0.25001641,0.31905222,0.87554343,-0.49306331,-0.7212691,0.94299036,-0.38319428,-0.96655168,-0.05965044,-0.36231103,-0.00018262574,0.063492215,-0.2972315,-0.27946462,-0.2972315,-0.74811628,-0.13175063,-0.55757121,3,"walking"
-0.29338536,-0.26253704,0.27577663,-0.28244706,-0.86506338,0.10804613,-0.1277236,-0.1253916,-0.12699617,0.94673837,-0.23357062,0.83829315,-0.42318695,0.48426409,0.87554343,-0.47957625,-0.71288932,0.9400291,-0.54301808,-0.96603237,-0.063514854,-0.3241518,0.020999332,0.080202833,-0.36083359,-0.09369817,-0.36083359,-0.79131606,-0.16018942,-0.52520641,3,"walking"
-0.30048419,-0.26253704,0.27994709,-0.28701156,-0.86044391,0.10747927,-0.12497929,-0.1238798,-0.12590361,0.94444172,-0.25087801,0.81330454,-0.44098271,0.49770685,0.86724801,-0.46571139,-0.7077538,0.93039415,-0.55222422,-0.96681545,0.021798962,-0.29087377,0.010827697,-0.014773993,-0.36097685,-0.073616897,-0.36097685,-0.79140819,-0.060323782,-0.47622091,3,"walking"
-0.28517841,-0.25890068,0.27407027,-0.27899633,-0.86856416,0.1053407,-0.12497929,-0.12100072,-0.12445892,0.94444172,-0.20423448,0.82855479,-0.47062221,0.5313075,0.87702364,-0.46732947,-0.71682749,0.93626567,-0.59037031,-0.96825944,0.064675106,-0.31557076,-0.0073410964,-0.055238463,-0.35303536,-0.11950827,-0.35303536,-0.78626198,-0.025343826,-0.43226552,3,"walking"
-0.27979978,-0.25087583,0.26688971,-0.26859116,-0.87885169,0.10517779,-0.12614093,-0.12072574,-0.12445892,0.94708181,-0.11808883,0.83713751,-0.46794129,0.52973792,0.87702364,-0.47143485,-0.72635492,0.93958156,-0.59117281,-0.96839686,0.12466218,-0.36562462,-0.029956059,-0.117799,-0.354433,0.011222282,-0.354433,-0.78714026,0.035651558,-0.43985225,3,"walking"
-0.20989993,-0.22313365,0.22556023,-0.20523338,-0.93186767,0.098145224,-0.11179965,-0.10848042,-0.11144298,0.93788771,-0.38050943,0.82173066,-0.5968247,0.66008553,0.873756,-0.35019616,-0.78411152,0.93362318,-0.72236102,-0.97423377,-0.37913054,-0.18863937,-0.24618934,0.36746202,-0.16133339,-0.51988956,-0.16133339,-0.64326118,-0.39828003,-0.5819295,3,"walking_downstairs"
-0.21051272,-0.22284777,0.23347218,-0.21762438,-0.92245645,0.09727021,-0.11179965,-0.1078557,-0.11144298,0.9447534,-0.32022212,0.83396184,-0.62709243,0.68810284,0.87584193,-0.24665317,-0.77475463,0.93836225,-0.74918427,-0.9745117,-0.25809332,-0.063259413,-0.20509652,0.29061896,-0.078238564,-0.24796486,-0.078238564,-0.57013068,-0.37692475,-0.68780247,3,"walking_downstairs"
-0.2434719,-0.22491248,0.24917192,-0.24235631,-0.90274712,0.090312457,-0.11271172,-0.098996129,-0.054079822,0.9447534,-0.29188439,0.85748245,-0.60468513,0.64977937,0.89589933,-0.32574118,-0.75884134,0.94732838,-0.69473296,-0.9777122,-0.24603701,-0.12411924,-0.14436618,0.23606172,-0.1647789,-0.44623916,-0.1647789,-0.64615322,-0.27688008,-0.15785018,3,"walking_downstairs"
-0.25770313,-0.22820856,0.25441536,-0.25010317,-0.8960814,0.063071551,-0.11271172,-0.0597969,-0.03137777,0.94977793,-0.39554212,0.8658818,-0.59057998,0.6461925,0.89589933,-0.38705095,-0.76506621,0.9505645,-0.70157397,-0.98900542,-0.33789148,-0.19469089,-0.2218489,0.33451371,-0.224496,-0.51922084,-0.224496,-0.69448073,-0.37562038,-0.061245653,3,"walking_downstairs"
-0.2364508,-0.22820856,0.24648658,-0.23608549,-0.90786454,0.055074215,-0.10342955,-0.04761789,-0.03137777,0.94977793,-0.38796427,0.83424782,-0.55071613,0.61741388,0.88068262,-0.30254799,-0.779068,0.93847757,-0.68345728,-0.99314047,-0.42879287,-0.10733989,-0.31570115,0.44232138,-0.11495823,-0.59867742,-0.11495823,-0.60334846,-0.49603336,-0.075976175,3,"walking_downstairs"
-0.2364508,-0.21020539,0.24100333,-0.22897882,-0.91405331,0.083841552,-0.12268743,-0.088979323,-0.038566041,0.95317156,-0.41944685,0.84249677,-0.50184785,0.55726074,0.88311039,-0.24322108,-0.77347075,0.94165747,-0.61028189,-0.98071935,-0.37909552,-0.12138286,-0.21836472,0.38959562,-0.11152659,-0.50184815,-0.11152659,-0.60025515,-0.4433735,0.04018505,3,"walking_downstairs"
-0.24568607,-0.21020539,0.24366469,-0.23485919,-0.90931802,0.086038164,-0.12268743,-0.09305516,-0.076207398,0.96109993,-0.43638964,0.8739058,-0.58574026,0.64468914,0.89035647,-0.2816877,-0.76866085,0.95366394,-0.70193017,-0.97992269,-0.26223313,-0.14819649,-0.16841724,0.30744455,-0.14063733,-0.49913505,-0.14063733,-0.62577608,-0.40589793,-0.72066473,3,"walking_downstairs"
-0.25135527,-0.20948313,0.24245998,-0.23298304,-0.91089886,0.07414736,-0.083115254,-0.075842044,-0.076207398,0.96405633,-0.47314871,0.87847702,-0.57607847,0.64820626,0.89035647,-0.2965341,-0.77671302,0.95541351,-0.71880666,-0.98683214,-0.062221452,-0.21553075,-0.21614247,0.10478151,-0.17529019,-0.60392489,-0.17529019,-0.65501362,-0.21119054,-0.71739148,3,"walking_downstairs"
-0.2547862,-0.23224678,0.25433878,-0.24508672,-0.90043731,0.081912563,-0.13571274,-0.085020218,-0.067637145,0.92607813,-0.29341582,0.78051829,-0.6612077,0.73014035,0.86986064,-0.31107952,-0.75662106,0.91759829,-0.79930209,-0.98267325,-0.32604377,-0.26198848,-0.23146521,0.38294923,-0.17516147,-0.60754753,-0.17516147,-0.65481602,-0.49033583,-0.60307786,3,"walking_downstairs"
-0.25531336,-0.23989234,0.26235572,-0.2577762,-0.88890099,0.089041001,-0.11543893,-0.095657561,-0.067637145,0.92607813,-0.366806,0.78810484,-0.57326455,0.64338068,0.86959111,-0.29427786,-0.74197811,0.92055297,-0.71263874,-0.97891363,-0.24351212,-0.12021106,-0.16290008,0.29759484,-0.10632346,-0.41563507,-0.10632346,-0.59565907,-0.40732063,-0.43726694,3,"walking_downstairs"
-0.24402823,-0.23989234,0.25844588,-0.25526656,-0.89098124,0.086112849,-0.11543893,-0.092763096,-0.066931111,0.93437112,-0.50590717,0.84116074,-0.5699171,0.62798728,0.88502403,-0.26728465,-0.74883884,0.9410926,-0.6850238,-0.97998533,-0.1396925,-0.017851248,-0.13795302,0.15214652,-0.025077212,-0.22969448,-0.025077212,-0.51947635,-0.2247488,-0.33468115,3,"walking_downstairs"
-0.2438865,-0.23476632,0.24465045,-0.23629316,-0.90778604,0.073681906,-0.09796098,-0.075221058,-0.066931111,0.96542614,-0.38978806,0.87851194,-0.5869166,0.63838868,0.89176707,-0.23852339,-0.77395606,0.95543017,-0.68819149,-0.986823,-0.11624481,-0.11100934,-0.20878077,0.11574289,-0.075782292,-0.44207254,-0.075782292,-0.5678583,-0.17638711,0.24726585,3,"walking_downstairs"
-0.24240056,-0.21494006,0.24078236,-0.23036262,-0.91293902,0.066950716,-0.084181629,-0.065386183,-0.057819722,0.96469418,-0.39339637,0.87982953,-0.59776392,0.65566131,0.89176707,-0.24386979,-0.78240745,0.9559322,-0.71213545,-0.98970606,-0.18194525,0.047463313,-0.25019993,0.15914933,-0.05093268,-0.3921802,-0.05093268,-0.54458538,-0.19040745,0.088270227,3,"walking_downstairs"
-0.24240056,-0.23921707,0.25049629,-0.2444992,-0.9005495,0.074069552,-0.10325462,-0.075689167,-0.057819722,0.96192175,-0.33892391,0.86723468,-0.61002755,0.67151883,0.88915895,-0.26558684,-0.76577375,0.95113074,-0.73190483,-0.98593029,-0.16288199,-0.14775345,-0.19351305,0.12904932,-0.088325316,-0.46069654,-0.088325316,-0.57936534,-0.15033105,0.33780706,3,"walking_downstairs"
-0.24715182,-0.23921707,0.25309395,-0.24840143,-0.89721848,0.095144891,-0.12639657,-0.10613298,-0.078584445,0.95783926,-0.26712389,0.85615464,-0.58945519,0.65596762,0.88915895,-0.28293123,-0.75073952,0.94688931,-0.72169591,-0.97499751,-0.34484671,-0.096684587,-0.1097241,0.35770959,-0.061591601,-0.52084201,-0.061591601,-0.55442964,-0.41691758,-0.48505983,3,"walking_downstairs"
-0.24715182,-0.23273103,0.24523446,-0.23724962,-0.90717246,0.10826278,-0.13580692,-0.12513068,-0.11468606,0.9537868,-0.31921697,0.86103791,-0.59544189,0.67336732,0.8849358,-0.18188251,-0.75208303,0.94875254,-0.75139414,-0.96597543,-0.3147095,0.065973159,-0.085662032,0.37156255,0.068734911,-0.51529991,0.068734911,-0.42383174,-0.47969131,-0.22462254,3,"walking_downstairs"
-0.27614855,-0.29283042,0.2771184,-0.27712707,-0.86998334,0.11291549,-0.14952276,-0.12866409,-0.12064267,0.91068745,-0.14058166,0.73460493,-0.43057265,0.55074361,0.85037342,-0.16489795,-0.70800113,0.89954002,-0.67118204,-0.9641214,0.06315444,0.11175768,-0.062561432,-0.054828385,0.19904878,-0.49846995,0.19904878,-0.27543831,-0.028191132,-0.62790205,3,"walking_downstairs"
-0.26822905,-0.25808733,0.27056857,-0.27204223,-0.87521254,0.097579791,-0.12125215,-0.10895139,-0.10141639,0.91846923,-0.13033427,0.81110228,-0.57802906,0.64661191,0.89264846,-0.27313563,-0.72614167,0.92932366,-0.7153616,-0.97375276,-0.20410301,0.061296135,-0.071771491,0.24439668,0.075798669,-0.35573186,0.075798669,-0.41628351,-0.34271296,0.066696279,3,"walking_downstairs"
-0.25483538,-0.25805122,0.25700837,-0.25340597,-0.89259062,0.093087847,-0.11424912,-0.10287294,-0.10141639,0.92963559,-0.25598123,0.84264709,-0.64987621,0.70730124,0.89264846,-0.18088466,-0.74681044,0.94160054,-0.76496816,-0.97658587,-0.32538801,0.16077791,-0.11501472,0.35110735,0.10772755,-0.2354576,0.10772755,-0.3814123,-0.42513578,0.49159884,3,"walking_downstairs"
-0.25483538,-0.22909389,0.25166458,-0.24293701,-0.90236894,0.089030587,-0.11424912,-0.095791523,-0.076971096,0.92963559,-0.27487333,0.80640468,-0.61133764,0.68822654,0.88434773,-0.15048655,-0.75628643,0.92763534,-0.76591269,-0.9791642,-0.21453783,0.093091468,-0.18922067,0.28658627,0.080058077,-0.52307091,0.080058077,-0.41155355,-0.41748163,-0.30066475,3,"walking_downstairs"
-0.25742194,-0.25843422,0.26328238,-0.25954349,-0.88703105,0.097144608,-0.158591,-0.10735212,-0.076971096,0.91971545,-0.31650298,0.78941164,-0.58389709,0.66156523,0.87313927,-0.047781816,-0.73607829,0.92103051,-0.73992222,-0.97272024,-0.053314775,0.21006758,-0.12593384,0.175602,0.16764407,-0.65856825,0.16764407,-0.31339865,-0.37209596,-0.17227664,3,"walking_downstairs"
-0.28075668,-0.26059748,0.27585384,-0.2773347,-0.87015166,0.10847816,-0.158591,-0.12341585,-0.09077091,0.91971545,-0.33472084,0.76613995,-0.54747424,0.63406497,0.87313927,0.0020965621,-0.7125146,0.91193741,-0.72115351,-0.96564083,-0.017093529,0.1788426,-0.052181814,0.13216203,0.29775149,-0.55337173,0.29775149,-0.15238711,-0.32342633,-0.39909873,3,"walking_downstairs"
-0.27489766,-0.26059748,0.27104465,-0.26973631,-0.87747442,0.10302461,-0.16145669,-0.11530446,-0.094222793,0.92074644,-0.23562936,0.76456463,-0.42383043,0.53881137,0.8544698,0.10605055,-0.72224702,0.91136663,-0.65320648,-0.96992121,-0.10231234,0.33552204,-0.095587917,0.15813949,0.39993069,-0.49386706,0.39993069,-0.015708817,-0.27952078,0.38040491,3,"walking_downstairs"
-0.27913601,-0.37928357,0.31807765,-0.34508795,-0.78820024,0.12670948,-0.16870393,-0.15338932,-0.14336936,0.89402254,-0.43711642,0.78409029,-0.79316595,0.82728836,0.88119094,-0.57192315,-0.64533917,0.91875957,-0.86162139,-0.94976651,-0.62050956,-0.45102258,0.22501975,0.6099471,-0.48386794,-0.65445384,-0.48386794,-0.86289517,-0.62513271,-0.74988094,3,"walking_upstairs"
-0.37889414,-0.38360077,0.36093007,-0.40299664,-0.71373235,0.12483072,-0.16121377,-0.14965569,-0.14336936,0.88422223,-0.63606774,0.68413636,-0.76358985,0.80494682,0.84610692,-0.51505647,-0.58882468,0.87932603,-0.84652077,-0.95215228,-0.5235706,-0.36344257,0.29647261,0.56735146,-0.43510102,-0.6651979,-0.43510102,-0.83632263,-0.64730474,-0.82373308,3,"walking_upstairs"
-0.40409126,-0.38360077,0.36396722,-0.40623017,-0.70914895,0.13268193,-0.17219083,-0.16054309,-0.1434316,0.88422223,-0.55965658,0.66320554,-0.66625237,0.70442225,0.81257433,-0.52981936,-0.58022841,0.87096991,-0.7416564,-0.94518624,-0.49895004,-0.36741992,0.31827721,0.52013559,-0.43875401,-0.59592815,-0.43875401,-0.83839768,-0.57685593,-0.52272491,3,"walking_upstairs"
-0.39834279,-0.38322353,0.35331708,-0.3918715,-0.73027605,0.12811886,-0.17219083,-0.1541517,-0.13222402,0.88791488,-0.38832948,0.69089738,-0.64947148,0.68808229,0.81847655,-0.59869658,-0.59730194,0.88212534,-0.72570461,-0.94907165,-0.53575762,-0.48639159,0.28365755,0.54056771,-0.50807055,-0.70063415,-0.50807055,-0.87522844,-0.57724428,-0.14597989,3,"walking_upstairs"
-0.38453305,-0.35881518,0.3444765,-0.37927808,-0.74820766,0.11703956,-0.15663803,-0.13809182,-0.12683026,0.90324863,-0.56255928,0.71327852,-0.48388177,0.52043681,0.82450892,-0.51799104,-0.61552695,0.89109138,-0.55402722,-0.95881994,-0.41110458,-0.3612662,0.22378672,0.41846782,-0.41291252,-0.65850749,-0.41291252,-0.82344934,-0.46548363,-0.26488947,3,"walking_upstairs"
-0.38453305,-0.35573829,0.34346128,-0.37793804,-0.75009184,0.12000185,-0.15592183,-0.14238619,-0.12683026,0.90223802,-0.56724377,0.71366306,-0.61163765,0.64808529,0.82450892,-0.48197174,-0.61527883,0.89124446,-0.68278186,-0.95631773,-0.47935801,-0.35538456,0.2319169,0.48988947,-0.38868397,-0.53734104,-0.38868397,-0.80883101,-0.53635703,-0.75481724,3,"walking_upstairs"
-0.38904772,-0.35573829,0.34496321,-0.38026085,-0.7469124,0.11903396,-0.15533321,-0.14108568,-0.12827404,0.90223802,-0.48405946,0.71379214,-0.64164779,0.68237311,0.82850764,-0.47070847,-0.61377385,0.89129173,-0.72176094,-0.95710848,-0.50134598,-0.3632266,0.2348406,0.50925114,-0.38485226,-0.6637393,-0.38485226,-0.80646903,-0.55126289,-0.4606564,3,"walking_upstairs"
-0.39288807,-0.36477765,0.34841385,-0.38463726,-0.74068639,0.10694177,-0.1526322,-0.12349821,-0.11484183,0.89585404,-0.57736734,0.71189397,-0.69905993,0.73724987,0.82850764,-0.47211807,-0.61532796,0.89052242,-0.77467819,-0.9666917,-0.38004069,-0.34226984,0.19825095,0.38969546,-0.37831566,-0.74749984,-0.37831566,-0.8023886,-0.44149024,-0.34015454,3,"walking_upstairs"
-0.37754272,-0.36477765,0.34788191,-0.38271479,-0.74323762,0.10299477,-0.13779636,-0.11740697,-0.10189545,0.89585404,-0.61909676,0.70434523,-0.72520786,0.75900023,0.82827345,-0.57434339,-0.61795343,0.88751603,-0.79222464,-0.96970694,-0.46792275,-0.42601372,0.17097294,0.48474316,-0.45244928,-0.69560515,-0.45244928,-0.846025,-0.53933574,-0.77758356,3,"walking_upstairs"
-0.30006795,-0.37340565,0.31518482,-0.3408577,-0.79442659,0.10336961,-0.19385032,-0.11944128,-0.078113257,0.89002018,-0.4542555,0.80532159,-0.79293867,0.82652098,0.89029919,-0.43564871,-0.66274148,0.9268682,-0.86036976,-0.96613763,-0.42621131,-0.32210211,0.13841286,0.40978579,-0.31946284,-0.67537972,-0.31946284,-0.76382282,-0.43220256,-0.79010702,3,"walking_upstairs"
-0.35785654,-0.37340565,0.34882921,-0.38715793,-0.7367369,0.13623002,-0.19484567,-0.16651347,-0.10762593,0.8883436,-0.46885901,0.70703916,-0.78500727,0.82231415,0.87532796,-0.43749369,-0.5984629,0.88841369,-0.85996106,-0.93966391,-0.3840724,-0.30237321,0.31598096,0.37786265,-0.26031415,-0.77922569,-0.26031415,-0.72168574,-0.41408297,-0.67611105,3,"walking_upstairs"
-0.39643747,-0.37309205,0.35445174,-0.39316602,-0.7284234,0.13191382,-0.19484567,-0.15948156,-0.12925846,0.8883436,-0.41763785,0.68308481,-0.71947888,0.75433154,0.81789247,-0.41705808,-0.59354071,0.878983,-0.78876184,-0.94450901,-0.28580118,-0.14325354,0.2953722,0.2864286,-0.22663013,-0.66185452,-0.22663013,-0.69605802,-0.3356168,-0.4842741,3,"walking_upstairs"
-0.39262148,-0.37309205,0.35533886,-0.39506907,-0.7256899,0.10673542,-0.16319418,-0.12348136,-0.11251686,0.89014961,-0.47226631,0.70643625,-0.71793113,0.75558363,0.83710014,-0.46811397,-0.60585311,0.88831515,-0.79285371,-0.96661087,-0.51544418,-0.30960718,0.22229027,0.52311032,-0.32333714,-0.64981582,-0.32333714,-0.76630587,-0.56427902,0.11405553,3,"walking_upstairs"
-0.380838,-0.3683917,0.34348878,-0.37939735,-0.7477506,0.10635127,-0.13670198,-0.12322388,-0.11251686,0.90179536,-0.57031093,0.73693165,-0.68134792,0.72864317,0.83710014,-0.38251041,-0.62241148,0.90046886,-0.77522921,-0.96691352,-0.57187049,-0.32206664,0.20241475,0.60456006,-0.30652902,-0.69413082,-0.30652902,-0.75494444,-0.66872587,-0.50035099,3,"walking_upstairs"
-0.380838,-0.35166179,0.337197,-0.36986671,-0.76120503,0.1099707,-0.13670198,-0.12819651,-0.12420167,0.91523203,-0.54568644,0.73901334,-0.54295153,0.59245364,0.83575974,-0.4009345,-0.62922493,0.90131127,-0.63917158,-0.96448278,-0.48087316,-0.30925045,0.19144035,0.51153434,-0.29209463,-0.64528515,-0.29209463,-0.74478453,-0.57887431,-0.4939137,3,"walking_upstairs"
-0.38395603,-0.37339565,0.34778005,-0.38445152,-0.74074148,0.10974816,-0.15547611,-0.12779658,-0.12420167,0.89714403,-0.561396,0.71769343,-0.66664975,0.71724789,0.82788708,-0.37037349,-0.61481141,0.89284081,-0.76683764,-0.96451407,-0.40388412,-0.22966234,0.21369022,0.45623001,-0.26406953,-0.68036158,-0.26406953,-0.72448295,-0.55286054,-0.40075041,3,"walking_upstairs"
-0.39844939,-0.37571346,0.35710192,-0.39656275,-0.72352472,0.12477691,-0.17203772,-0.14911734,-0.12636874,0.8833468,-0.62065904,0.68141463,-0.71768894,0.76959485,0.82057256,-0.39972537,-0.59406908,0.8782985,-0.82115448,-0.95184438,-0.43861618,-0.23056059,0.27558625,0.47316067,-0.28188489,-0.66985338,-0.28188489,-0.73748376,-0.5486482,-0.68942329,3,"walking_upstairs"
-0.27596009,-0.38446113,0.32585368,-0.35690044,-0.77207234,0.13200373,-0.16867906,-0.16143027,-0.15723066,0.88532134,-0.36217816,0.77447497,-0.80064894,0.83788241,0.88821432,-0.4903552,-0.63167705,0.91483438,-0.87541164,-0.94473481,-0.55102731,-0.31442622,0.27103599,0.53761967,-0.37826897,-0.64476029,-0.37826897,-0.80235424,-0.55460046,-0.75411865,3,"walking_upstairs"
-0.39600502,-0.38471414,0.36555296,-0.4100083,-0.70351363,0.1379643,-0.17572548,-0.16882632,-0.15951354,0.88215916,-0.55645381,0.66919243,-0.74995578,0.81322586,0.83463146,-0.45070766,-0.57494615,0.87333575,-0.87725562,-0.93972952,-0.46325408,-0.34474407,0.35521989,0.50202515,-0.35905908,-0.66500432,-0.35905908,-0.79016981,-0.58063382,-0.7012579,3,"walking_upstairs"
-0.42674503,-0.39289885,0.37238301,-0.41668715,-0.69344878,0.13627846,-0.17572548,-0.16522134,-0.15070397,0.87133859,-0.51455204,0.63418735,-0.67111618,0.72320756,0.79150931,-0.58239511,-0.56671644,0.85919205,-0.77426316,-0.94197476,-0.51226021,-0.44991245,0.33652682,0.55456472,-0.47564971,-0.68126661,-0.47564971,-0.85855957,-0.63229677,-0.15052346,3,"walking_upstairs"
-0.41739067,-0.39289885,0.37129177,-0.41361842,-0.69808291,0.12141739,-0.17299746,-0.14334893,-0.13036229,0.87133859,-0.41040998,0.63541486,-0.66044955,0.71234253,0.79661386,-0.49389312,-0.57647928,0.85968914,-0.76334161,-0.95563334,-0.47487347,-0.33711729,0.2707046,0.51716715,-0.3884966,-0.65243451,-0.3884966,-0.80871367,-0.59764007,0.04739372,3,"walking_upstairs"
-0.41016836,-0.38285092,0.36322923,-0.40200313,-0.71556825,0.11203219,-0.13977606,-0.12972198,-0.12974113,0.88114885,-0.4542652,0.65280743,-0.66311773,0.72002754,0.80434004,-0.42367576,-0.59236827,0.8667698,-0.7762004,-0.9637239,-0.34077406,-0.24304628,0.21636547,0.3897438,-0.31512808,-0.55665202,-0.31512808,-0.760897,-0.48548301,-0.55131432,3,"walking_upstairs"
-0.37436856,-0.3675869,0.35307247,-0.38882955,-0.73455179,0.10549146,-0.13385753,-0.12063128,-0.11245043,0.8841989,-0.60638032,0.68338564,-0.70056704,0.74894532,0.82324622,-0.41827465,-0.60958413,0.87908382,-0.79680433,-0.96832729,-0.53182359,-0.2756326,0.1799792,0.56669723,-0.2907839,-0.61208419,-0.2907839,-0.74383061,-0.63625864,-0.35395681,3,"walking_upstairs"
-0.36916588,-0.36319259,0.33714909,-0.36755024,-0.76385899,0.095188458,-0.12665561,-0.10609795,-0.092153258,0.90133262,-0.59885423,0.72619509,-0.56629641,0.60752627,0.83511126,-0.33175816,-0.63641997,0.89621101,-0.64668265,-0.97501827,-0.43107799,-0.22992105,0.11629329,0.43824368,-0.22604094,-0.46967565,-0.22604094,-0.6956666,-0.48498392,-0.31644912,3,"walking_upstairs"
-0.36916588,-0.3606325,0.33578085,-0.36668007,-0.76517944,0.098056498,-0.1321618,-0.11056896,-0.092153258,0.91107183,-0.62880249,0.73724865,-0.59569759,0.64244703,0.83511126,-0.33485466,-0.63702074,0.90060794,-0.68745017,-0.97281073,-0.49643174,-0.13913479,0.13433212,0.52587605,-0.19330021,-0.51229676,-0.19330021,-0.66973805,-0.59172993,-0.51040489,3,"walking_upstairs"
-0.38280077,-0.37848857,0.35363057,-0.39176344,-0.73023936,0.11019177,-0.14548416,-0.12814006,-0.12034785,0.88296563,-0.67654909,0.69893885,-0.69324584,0.73558683,0.83298908,-0.38691354,-0.60652987,0.88529489,-0.77733958,-0.96445326,-0.546353,-0.22760891,0.21995405,0.57612234,-0.25561445,-0.61482651,-0.25561445,-0.7181895,-0.6389624,-0.052820338,3,"walking_upstairs"
-0.28114516,-0.36332939,0.30755525,-0.32971681,-0.80795266,0.1352395,-0.1777177,-0.16555496,-0.14833365,0.88960484,-0.44782761,0.79051889,-0.78074288,0.82612821,0.88159052,-0.35559475,-0.65344062,0.92126908,-0.87194266,-0.94181672,-0.38778575,-0.19011119,0.22061071,0.37533707,-0.22606241,-0.62499317,-0.22606241,-0.6956557,-0.40462034,-0.77641563,3,"walking_upstairs"
-0.35937553,-0.3708655,0.35065033,-0.38717834,-0.73664029,0.12259211,-0.16333882,-0.14579698,-0.1371064,0.88595067,-0.54092104,0.69155222,-0.7568483,0.81401269,0.85618072,-0.25568352,-0.60406517,0.88227786,-0.87178967,-0.95431691,-0.30720142,-0.078165365,0.24888161,0.35371826,-0.11407269,-0.65336842,-0.11407269,-0.60257001,-0.4515453,-0.82094216,3,"walking_upstairs"
-0.41175089,-0.38207645,0.36285339,-0.40287357,-0.71430099,0.12109208,-0.16489389,-0.14319039,-0.1371064,0.88595067,-0.55375457,0.65892877,-0.63555888,0.69506371,0.80187796,-0.32090757,-0.58823122,0.8692573,-0.75310648,-0.95597915,-0.41834409,-0.14002005,0.25950111,0.4339058,-0.21201332,-0.5596432,-0.21201332,-0.68469336,-0.48964231,-0.06863976,3,"walking_upstairs"
-0.39851687,-0.38207645,0.35714695,-0.39668956,-0.72323341,0.1297794,-0.16933116,-0.156327,-0.14675101,0.88645416,-0.54158631,0.67781262,-0.69943573,0.75748459,0.81449232,-0.44770613,-0.59115485,0.87687012,-0.81519246,-0.94799421,-0.4863965,-0.26964339,0.29244862,0.49774254,-0.32105138,-0.61246013,-0.32105138,-0.76485592,-0.5449793,0.22160665,3,"walking_upstairs"
-0.39851687,-0.41408802,0.36324826,-0.40541698,-0.70970506,0.13243475,-0.16933116,-0.16026484,-0.15896563,0.87348529,-0.55977517,0.66645983,-0.72473451,0.78341461,0.81449232,-0.5174922,-0.58134659,0.87224429,-0.84249608,-0.9455082,-0.53997485,-0.35719332,0.31777594,0.56464524,-0.37251993,-0.58069607,-0.37251993,-0.79875023,-0.62290004,-0.38047667,3,"walking_upstairs"
-0.41252363,-0.42642743,0.3851168,-0.43742632,-0.66011665,0.12949891,-0.16349798,-0.15683227,-0.14224708,0.8734571,-0.61962645,0.640402,-0.71132739,0.76957843,0.80735783,-0.50803681,-0.55317293,0.86170467,-0.82824146,-0.94771419,-0.59051381,-0.35965243,0.37526186,0.62683542,-0.36377775,-0.64149619,-0.36377775,-0.79320161,-0.69408115,-0.16019649,3,"walking_upstairs"
-0.408137,-0.42642743,0.37829591,-0.42834719,-0.67404573,0.11994201,-0.16212356,-0.14312527,-0.1318117,0.8734571,-0.58214629,0.66452183,-0.69528374,0.7596972,0.81011815,-0.41981145,-0.56759409,0.8714777,-0.82408527,-0.95593955,-0.45042098,-0.25769708,0.33277333,0.47259347,-0.27795882,-0.63852545,-0.27795882,-0.73462472,-0.53432366,-0.42926739,3,"walking_upstairs"
-0.408137,-0.3980527,0.36370104,-0.40651985,-0.70864133,0.11908046,-0.1554856,-0.141249,-0.1318117,0.89285626,-0.54019035,0.68020212,-0.5016919,0.5638116,0.81011815,-0.27087372,-0.58813384,0.87784549,-0.62236974,-0.95711578,-0.42471229,-0.19261011,0.28073002,0.45577256,-0.1715858,-0.50977604,-0.1715858,-0.65194728,-0.52869074,-0.29165716,3,"walking_upstairs"
-0.26642451,-0.27748861,0.26051573,-0.26083287,-0.88573908,0.017851046,-0.15474032,0.0055868779,0.060559164,0.9648586,-0.5417034,0.89621714,-0.35170027,0.34766016,0.92587217,-0.69821997,-0.76503933,0.96203514,-0.34341913,-0.99088519,-0.83115145,-0.70228099,-0.19479042,0.81553187,-0.68250178,-0.9588126,-0.68250178,-0.94686952,-0.81065625,-0.89000672,3,"standing"
-0.26642451,-0.24053096,0.2602661,-0.25819453,-0.88864712,0.0097497825,-0.024675473,0.017291521,0.060559164,0.9648586,-0.045497208,0.86050843,-0.64757312,0.65374756,0.87692909,-0.85153827,-0.76512441,0.94857237,-0.6595229,-0.99692193,-0.52362546,-0.91372391,-0.2857354,0.49059871,-0.85609187,-0.93929872,-0.85609187,-0.98827771,-0.48855022,-0.95091467,3,"standing"
-0.27911013,-0.24799097,0.26845715,-0.27084888,-0.87666591,0.034560821,-0.024675473,-0.01863866,0.0020044373,0.96632178,0.21357211,0.86229602,-0.046543457,0.068309877,0.87692909,-0.95693222,-0.75240243,0.94925711,-0.090169899,-0.99868673,-0.12271384,-0.94570115,-0.27747505,0.061931982,-0.93542814,-0.83696133,-0.93542814,-0.99726196,-0.058256093,-0.93541909,3,"standing"
-0.28721423,-0.24799097,0.27021859,-0.27337953,-0.87423009,0.031970381,-0.023780653,-0.014883373,-0.017148896,0.96632178,0.041436491,0.86020051,-0.34988545,0.38262248,0.87616001,-0.95805616,-0.75018129,0.94845605,-0.41553254,-0.99909996,-0.35482206,-0.94142818,-0.2827058,0.30028642,-0.93979143,-0.47197433,-0.93979143,-0.99758796,-0.28672957,-0.95468412,3,"standing"
-0.28721423,-0.2549942,0.27032903,-0.27365208,-0.87393232,0.029192803,-0.011817127,-0.010864099,-0.017148896,0.96646341,-0.097615739,0.86197328,-0.53662819,0.56434347,0.87616001,-0.95341295,-0.75030547,0.94913417,-0.59218969,-0.99945642,-0.75243733,-0.94277949,-0.29140147,0.73837793,-0.94704177,-0.56743765,-0.94704177,-0.99807187,-0.74064421,-0.89919623,3,"standing"
-0.28860451,-0.25574303,0.27425568,-0.27942935,-0.86817343,0.031245887,-0.01344829,-0.013851766,-0.018275844,0.96641004,0.095752887,0.85834744,-0.55172103,0.57042293,0.87610444,-0.94906748,-0.74442797,0.94774721,-0.58916035,-0.99924202,-0.75474691,-0.94247931,-0.27039639,0.73747837,-0.94855171,-0.62378172,-0.94855171,-0.99816529,-0.73614844,-0.80960177,3,"standing"
-0.29278032,-0.25574303,0.27356031,-0.27827092,-0.86935239,0.033207857,-0.017997805,-0.016684971,-0.023436134,0.96641004,0.14054381,0.85681718,-0.65045787,0.66552637,0.87350901,-0.96918497,-0.74521045,0.94716223,-0.68045776,-0.99901294,-0.68597909,-0.96890899,-0.26709661,0.65759662,-0.97053193,-0.69824132,-0.97053193,-0.99926966,-0.64905768,-0.90225438,3,"standing"
-0.29278032,-0.25368301,0.27385105,-0.27868945,-0.86894002,0.036707859,-0.027920383,-0.021760105,-0.024970159,0.96623736,0.40777633,0.85598524,-0.40937215,0.41250139,0.87350901,-0.98479264,-0.74432014,0.94684357,-0.41518461,-0.99847481,-0.8088338,-0.98362559,-0.25301169,0.7935437,-0.9858204,-0.50833905,-0.9858204,-0.99975585,-0.79049046,-0.98413808,3,"standing"
-0.29918794,-0.25387799,0.27723185,-0.28373506,-0.86385153,0.041504759,-0.030110237,-0.028739615,-0.029620933,0.96602867,0.25489817,0.85324117,-0.41131396,0.43354405,0.87166805,-0.98551548,-0.73866069,0.94579263,-0.45553408,-0.9976398,-0.60682619,-0.98147223,-0.22268091,0.57839749,-0.98594973,-0.4537145,-0.98594973,-0.99975898,-0.57552411,-0.98751331,3,"standing"
-0.29870569,-0.25387799,0.27684917,-0.28325059,-0.86434444,0.041376966,-0.030110237,-0.02856259,-0.033138288,0.96602867,-0.093137437,0.8547062,-0.50345704,0.52310823,0.87360361,-0.98608521,-0.73923416,0.9463537,-0.54300477,-0.99766877,-0.69350572,-0.98257623,-0.22339066,0.67893627,-0.98618041,-0.3210725,-0.98618041,-0.99976449,-0.68479007,-0.96931268,3,"standing"
-0.29753137,-0.25361737,0.27435972,-0.2797287,-0.86791953,0.040359123,-0.027191011,-0.027092422,-0.033138288,0.96624298,-0.0097027204,0.8591085,-0.40899372,0.43331494,0.87430023,-0.98736168,-0.74299632,0.94803905,-0.45807692,-0.99787651,-0.59134584,-0.9849667,-0.23364233,0.56299173,-0.98750893,-0.44615859,-0.98750893,-0.99979502,-0.5612443,-0.96899584,3,"standing"
-0.29753137,-0.24961377,0.273395,-0.27833617,-0.86933184,0.040643933,-0.027191011,-0.027505118,-0.033369738,0.96748373,0.059392858,0.86030869,-0.25335106,0.27253975,0.87430023,-0.9953203,-0.74433341,0.94849851,-0.29212102,-0.99782423,-0.19228162,-0.99375104,-0.23543764,0.12114858,-0.99455651,-0.2683019,-0.99455651,-0.99992959,-0.10150772,-0.99315024,3,"standing"
-0.29771663,-0.25010913,0.27452757,-0.27984135,-0.86781555,0.04013337,-0.027307624,-0.026748845,-0.033369738,0.96677342,0.40901471,0.85708852,-0.40706385,0.41929018,0.87403228,-0.99644876,-0.74279432,0.94726611,-0.43162975,-0.99792319,-0.37178967,-0.99478617,-0.23574078,0.3138049,-0.99652737,-0.11264549,-0.99652737,-0.99995863,-0.29560601,-0.99485741,3,"standing"
-0.29594068,-0.25010913,0.2738363,-0.27881083,-0.86884844,0.041358951,-0.027869203,-0.028521929,-0.033484858,0.96677342,0.34756126,0.85730046,-0.48006966,0.48577918,0.87447544,-0.99575841,-0.74356916,0.94734715,-0.49142206,-0.99768846,-0.4296538,-0.99345333,-0.23364564,0.37689553,-0.99627232,-0.20844789,-0.99627232,-0.99995499,-0.36020211,-0.99070004,3,"standing"
-0.35695278,-0.46984584,0.34718378,-0.38213423,-0.74014012,0.081955057,-0.20250066,-0.087204342,-0.01056484,0.81625529,0.30614158,0.72224513,-0.68998778,0.68970364,0.84996847,-0.6377077,-0.62769258,0.89411349,-0.68922186,-0.97185607,-0.83395866,-0.68021772,0.10137933,0.82494068,-0.63205142,-0.90301757,-0.63205142,-0.92924473,-0.82692592,-0.59229388,3,"standing"
-0.33544578,-0.32473466,0.3136267,-0.33617499,-0.80442311,0.053600278,-0.087582464,-0.046375747,-0.01056484,0.93758124,-0.19056118,0.80172714,-0.46816211,0.52866781,0.85833708,-0.8027796,-0.68391716,0.92590447,-0.58947793,-0.99259568,-0.67361237,-0.78833494,-0.071392998,0.66121211,-0.78056975,-0.95364643,-0.78056975,-0.97393447,-0.67068841,-0.67006126,3,"standing"
-0.33544578,-0.32208,0.30833698,-0.32876061,-0.81357949,0.076050542,-0.087582464,-0.078975649,-0.041013791,0.93717124,-0.10919205,0.80349143,-0.31392911,0.41825819,0.85833708,-0.82064,-0.68456722,0.926588,-0.52449851,-0.98545693,-0.44462284,-0.79023142,-0.0031039853,0.40678228,-0.79131126,-0.77707056,-0.79131126,-0.97631933,-0.40519986,-0.8978146,3,"standing"
-0.33688329,-0.33286622,0.32175948,-0.34807061,-0.78942889,0.07710965,-0.086066463,-0.080590956,-0.07994573,0.93427676,0.42359527,0.78404523,-0.20656149,0.24981604,0.8573175,-0.87289627,-0.66529828,0.91900915,-0.29398675,-0.98524676,-0.39334622,-0.86058976,0.039077073,0.34599464,-0.85829885,-0.36012484,-0.85829885,-0.9886181,-0.33776593,-0.76969002,3,"standing"
-0.33400948,-0.33286622,0.32147433,-0.34784851,-0.78964925,0.076177875,-0.087955371,-0.07928537,-0.07994573,0.93427676,0.44986966,0.78690923,-0.39524925,0.40286691,0.85720826,-0.90989166,-0.66603853,0.9201241,-0.41054637,-0.98567679,-0.62254902,-0.91743523,0.037129305,0.58637417,-0.90244247,-0.61934977,-0.90244247,-0.99429179,-0.57409916,-0.7766015,3,"standing"
-0.33202317,-0.32465911,0.3049131,-0.32415517,-0.81893483,0.082565364,-0.094019832,-0.088498104,-0.081021318,0.93888329,0.77552929,0.80907163,-0.75436041,0.76897712,0.85786028,-0.91125882,-0.68674886,0.92875641,-0.7836322,-0.98236433,-0.75814281,-0.90056103,0.014003805,0.75564429,-0.90539744,-0.59772993,-0.90539744,-0.99460549,-0.76990922,-0.80295774,3,"standing"
-0.33044021,-0.28591506,0.29876904,-0.315222,-0.82966445,0.083481773,-0.094019832,-0.089770636,-0.076771467,0.95079228,0.64392598,0.81614835,-0.62198024,0.65358943,0.85919963,-0.90770201,-0.69489528,0.93150475,-0.685368,-0.98188072,-0.62575587,-0.88881532,-0.0015700671,0.65715332,-0.89879133,-0.60775085,-0.89879133,-0.99389856,-0.71648913,-0.74521427,3,"standing"
-0.3272292,-0.28591506,0.29699479,-0.31240185,-0.83286227,0.069821909,-0.092631942,-0.069887811,-0.058259302,0.95079228,0.34395765,0.82133375,-0.54994425,0.59678205,0.86153321,-0.9117652,-0.70280325,0.93350926,-0.64434046,-0.98819952,-0.57054551,-0.90379514,-0.058502255,0.58544263,-0.90724043,-0.61198722,-0.90724043,-0.99479567,-0.63120071,-0.87163109,3,"standing"
-0.32663611,-0.27971888,0.29443087,-0.30874001,-0.83701877,0.059987143,-0.065058811,-0.05562234,-0.058259302,0.9548592,0.067378,0.82866744,-0.6578378,0.70895717,0.86258698,-0.95708447,-0.70963125,0.9363432,-0.76065706,-0.99253618,-0.65436344,-0.9539277,-0.10111525,0.64859894,-0.95397583,-0.68792589,-0.95397583,-0.99848226,-0.66614039,-0.92170705,3,"standing"
-0.32393567,-0.27885449,0.29361498,-0.30766191,-0.83822316,0.064277532,-0.066367903,-0.061867015,-0.058539786,0.95676693,0.14433424,0.82958224,-0.37757621,0.4403829,0.86258698,-0.9492615,-0.70946046,0.9366963,-0.50288758,-0.99090848,-0.51519323,-0.9418,-0.086677763,0.49820129,-0.94255776,-0.68649232,-0.94255776,-0.99778007,-0.51306926,-0.79184686,3,"standing"
-0.32393567,-0.2835248,0.29399359,-0.30807911,-0.83774503,0.069470095,-0.070296955,-0.069367439,-0.072002327,0.95232852,0.1785748,0.82554974,-0.38213211,0.43531784,0.86218696,-0.95064199,-0.70715474,0.9351392,-0.4893069,-0.98886961,-0.58381254,-0.94223038,-0.068497341,0.56412859,-0.94477577,-0.65711634,-0.94477577,-0.99792725,-0.57205385,-0.75062407,3,"standing"
-0.32394761,-0.29018266,0.29803952,-0.31381419,-0.83122571,0.070942158,-0.070296955,-0.071491693,-0.077503669,0.95130224,-0.16477991,0.81833178,-0.4937559,0.53061488,0.86153582,-0.96177819,-0.70093086,0.93234889,-0.56802834,-0.9882379,-0.6578123,-0.95586497,-0.052612528,0.66141076,-0.95811938,-0.55383316,-0.95811938,-0.99870411,-0.68919332,-0.81529152,3,"standing"
-0.33413764,-0.29166749,0.30270229,-0.32060146,-0.82343331,0.071933239,-0.075414486,-0.072966566,-0.079928619,0.94905945,-0.20681524,0.8124404,-0.50055229,0.56170041,0.85665973,-0.96324693,-0.69401028,0.9300687,-0.62377179,-0.9877801,-0.51552014,-0.9587204,-0.034624615,0.58096642,-0.96086303,-0.31965164,-0.96086303,-0.99884189,-0.68484516,-0.91882879,3,"standing"
-0.34067063,-0.29166749,0.30426017,-0.32283349,-0.82083224,0.075217297,-0.080698115,-0.077731371,-0.080021902,0.94857737,0.00073333135,0.8087965,-0.2609706,0.27190076,0.85565364,-0.99052291,-0.69060593,0.92865584,-0.28299983,-0.98622645,-0.23867577,-0.98858903,-0.018548238,0.20185635,-0.98893243,-0.30691433,-0.98893243,-0.99982644,-0.21531751,-0.98603531,3,"standing"
-0.3335086,-0.29145508,0.3031073,-0.32122621,-0.82270515,0.078344864,-0.080774371,-0.082273129,-0.086617251,0.94857737,0.43970317,0.80963708,-0.34706569,0.37437195,0.85738055,-0.96355135,-0.69100363,0.92898153,-0.40222521,-0.98471858,-0.76797044,-0.96450644,-0.010150792,0.78262218,-0.96403669,-0.20352667,-0.96403669,-0.99899308,-0.81450487,-0.93532174,3,"standing"
-0.32708143,-0.29117267,0.29851594,-0.31468974,-0.83022199,0.078603907,-0.080785107,-0.082649529,-0.08987425,0.94939974,0.6466301,0.81674913,-0.50814095,0.5165189,0.85923334,-0.97771182,-0.69731277,0.93173645,-0.52484209,-0.98459031,-0.82984765,-0.97316339,-0.021598014,0.82799749,-0.97761407,-0.37442155,-0.97761407,-0.99952357,-0.83787338,-0.91494755,3,"standing"
0.31250748,-0.11884979,-0.088602113,0.2467285,-0.82865604,-0.11448122,-0.045050479,0.19202753,0.24885417,0.86297265,0.090635218,0.70117209,-0.96261955,0.96517932,0.85028441,-0.42993489,-0.67523956,0.88597087,-0.96738694,-0.91858929,-0.96455941,-0.43783893,0.1054567,0.96172904,-0.37753748,-0.96143155,-0.37753748,-0.80187417,-0.96118278,-0.95992071,3,"sitting"
0.31250748,0.30525489,-0.13581869,0.31364947,-0.78650631,-0.13777848,0.20716837,0.22539573,0.24885417,0.86192865,0.33650125,0.62104625,-0.75376301,0.75172798,0.82880838,-0.93439902,-0.59823935,0.8536971,-0.74941098,-0.90384144,-0.90279451,-0.92712151,0.27508551,0.9058496,-0.92954994,-0.92930001,-0.92954994,-0.99682516,-0.91585263,-0.97555389,3,"sitting"
0.27450225,0.30525489,-0.12075239,0.28865328,-0.81841723,-0.14926016,0.20716837,0.23816747,0.26046237,0.86026398,-0.40591696,0.58874841,-0.81989899,0.83090614,0.76830828,-0.91113176,-0.60696596,0.8405261,-0.84158739,-0.89189966,-0.74443181,-0.92794731,0.21600545,0.72035046,-0.91426374,-0.84229158,-0.91426374,-0.99548751,-0.7124801,-0.99080952,3,"sitting"
0.25619913,0.30540379,-0.11973478,0.2887826,-0.81833165,-0.16857212,0.24243619,0.26577782,0.26105905,0.85779691,-0.1591172,0.58303525,-0.53882043,0.54057785,0.76830828,-0.97474634,-0.59060002,0.83815738,-0.54217079,-0.86599002,-0.49249448,-0.97548007,0.28557852,0.44798285,-0.97310233,-0.7867158,-0.97310233,-0.99936747,-0.43592078,-0.99309928,3,"sitting"
0.25619913,0.31245139,-0.12112816,0.29072325,-0.81604221,-0.17240109,0.2727884,0.27102272,0.26105905,0.85753859,0.0051287252,0.57625591,-0.39212394,0.40974086,0.76295877,-0.99848029,-0.58538002,0.83534567,-0.42761191,-0.86069528,-0.43219072,-0.99792687,0.29945657,0.39780241,-0.99712914,-0.61844405,-0.99712914,-0.99996665,-0.40055889,-0.99846908,3,"sitting"
0.25587173,0.31220733,-0.12070795,0.29002318,-0.81687555,-0.17207205,0.2727884,0.27046884,0.25964297,0.85753859,-0.11204907,0.57607747,-0.31076629,0.32590491,0.76154397,-0.99843143,-0.58617489,0.83527163,-0.34075795,-0.86127699,-0.1661002,-0.99762456,0.29593306,0.13532329,-0.99805252,-0.26465329,-0.99805252,-0.99997803,-0.1606779,-0.99683926,3,"sitting"
0.25468097,0.31220733,-0.12048629,0.28975365,-0.81719614,-0.17278221,0.27285215,0.27146696,0.26273964,0.85716911,-0.11628709,0.57586992,-0.24564387,0.25718578,0.76154397,-0.99720393,-0.585755,0.83518531,-0.26864008,-0.86022641,0.1821668,-0.99562576,0.29770219,-0.16993211,-0.99686399,-0.42278271,-0.99686399,-0.99996295,0.076066631,-0.99450239,3,"sitting"
0.25677754,0.31233809,-0.12085415,0.29026461,-0.81658785,-0.17375206,0.27329293,0.27279305,0.26274532,0.85664605,-0.0031237284,0.57410471,-0.27079407,0.29911101,0.76120089,-0.99080628,-0.58441015,0.83445156,-0.32772076,-0.85883001,0.00094568838,-0.9888378,0.30122221,-0.04492575,-0.98910062,-0.13530798,-0.98910062,-0.99983003,0.022059989,-0.99396095,3,"sitting"
0.25696852,0.31241249,-0.12159288,0.29127583,-0.81538256,-0.1746585,0.27515469,0.27402435,0.26485265,0.85525777,0.02933784,0.57174486,-0.16720419,0.18576082,0.76015209,-0.99062085,-0.58269954,0.83346966,-0.20421857,-0.85752453,0.031235272,-0.9891866,0.30537027,-0.092720679,-0.98839553,0.032211348,-0.98839553,-0.99981411,0.086561034,-0.99201649,3,"sitting"
0.25696852,0.31203745,-0.12138551,0.29092128,-0.81580484,-0.17490032,0.27466928,0.2742931,0.26485265,0.85525777,0.24559175,0.57104544,-0.1097135,0.12193586,0.75964908,-0.99614321,-0.58270621,0.83317869,-0.13395988,-0.8572386,0.027938645,-0.99392938,0.30456606,-0.087784861,-0.99255336,0.10231721,-0.99255336,-0.99989646,0.080094739,-0.99225141,3,"sitting"
0.25568299,0.31203252,-0.12077384,0.28996334,-0.81694676,-0.17435754,0.27466928,0.27345183,0.26458699,0.85572666,0.35233515,0.57149832,-0.0046867491,0.055073231,0.75964908,-0.98733675,-0.58392461,0.83336726,-0.10598504,-0.85813256,0.1954295,-0.98600185,0.30007934,-0.26732545,-0.98533089,-0.04583591,-0.98533089,-0.99974367,0.2616693,-0.990044,3,"sitting"
0.25691971,0.31203252,-0.12097802,0.290122,-0.81675754,-0.17393402,0.27436037,0.27276976,0.26277894,0.85468304,0.29656945,0.57048753,0.015239065,0.03342117,0.75944827,-0.99148706,-0.58409481,0.83294652,-0.082586436,-0.85885523,-0.0021930297,-0.98718965,0.29787857,-0.061635545,-0.98613015,-0.044770709,-0.98613015,-0.9997633,0.060620187,-0.98190002,3,"sitting"
0.080544529,0.054264267,0.038530129,0.064106173,-0.98551772,0.069397885,-0.17452605,-0.066142816,0.049513536,0.91165304,0.29184867,0.8069749,-0.68310478,0.69030134,0.93383343,-0.29197177,-0.89253913,0.92746697,-0.69740073,-0.97485254,-0.73050768,-0.38925896,-0.58922384,0.71336464,-0.25950085,-0.88812684,-0.25950085,-0.72103861,-0.71361645,-0.44318076,3,"sitting"
0.035637604,0.03069353,0.052956803,0.043855604,-0.99203438,0.079986041,-0.17452605,-0.081190283,-0.018402504,0.91165304,-0.31575793,0.82254199,-0.28405343,0.279466,0.9048741,-0.56069476,-0.89587793,0.93357438,-0.27467536,-0.9769834,-0.63705891,-0.55008997,-0.65925622,0.61190155,-0.53428785,-0.93004395,-0.53428785,-0.88790609,-0.61024465,-0.87135083,3,"sitting"
0.03329009,-0.0045267485,0.078366486,0.0081220671,-0.99660809,0.047175168,-0.058699207,-0.036319285,-0.018402504,0.95528463,-0.038445112,0.92067311,-0.73111951,0.73004554,0.90512391,-0.82640078,-0.95449322,0.9713546,-0.72870636,-0.99590132,-0.7461083,-0.8181945,-0.78575149,0.72802924,-0.81573055,-0.93380595,-0.81573055,-0.98131437,-0.72647187,-0.92811273,3,"sitting"
-0.024718813,-0.0096706479,0.10242923,-0.02709217,-0.99965735,0.062954931,-0.079104445,-0.059097657,-0.038629907,0.99161426,0.41759445,0.93239087,-0.56534185,0.5879244,0.90512391,-0.84748344,-0.93942668,0.97580644,-0.61060771,-0.99139178,-0.88246667,-0.84636519,-0.77132059,0.88568936,-0.84674595,-0.88487194,-0.84674595,-0.98681388,-0.89725545,-0.94757247,3,"sitting"
-0.023094477,-0.0096706479,0.10106474,-0.025079884,-0.99960651,0.072998459,-0.079342686,-0.073368754,-0.064403096,0.99148068,0.33616134,0.92352857,-0.51931497,0.5644996,0.90033907,-0.86193781,-0.92574584,0.97247872,-0.61035606,-0.98751236,-0.89956967,-0.87171618,-0.73718491,0.90037886,-0.85883303,-0.8907127,-0.85883303,-0.98869587,-0.90821102,-0.97788779,3,"sitting"
-0.019241884,-0.0088452457,0.08790381,-0.005786833,-0.99928416,0.077061644,-0.080550707,-0.079187739,-0.083805719,0.99148068,-0.13883669,0.92228768,-0.0094094674,0.0541873,0.89773176,-0.92229173,-0.91950267,0.97201228,-0.099769445,-0.98576232,-0.84945409,-0.93324737,-0.71077378,0.83645239,-0.92333825,-0.63368433,-0.92333825,-0.99630954,-0.83307229,-0.99473509,3,"sitting"
-0.019241884,0.020374081,0.083827144,0.00019848118,-0.99929185,0.077023233,-0.080550707,-0.07917646,-0.080601673,0.99180117,0.043151209,0.92394727,-0.13700062,0.19589427,0.89795399,-0.98543669,-0.91848845,0.97263668,-0.25592605,-0.98576004,-0.87688576,-0.98288052,-0.70807879,0.87097265,-0.98500303,-0.43027933,-0.98500303,-0.99973571,-0.87318973,-0.99859475,3,"sitting"
-0.028372479,0.020374081,0.087117159,-0.0046300755,-0.99964854,0.073128213,-0.080512446,-0.073588298,-0.075510324,0.99264466,0.071578534,0.92489243,-0.23274533,0.30317301,0.8983742,-0.98504084,-0.92473586,0.97299217,-0.37459169,-0.98753007,-0.59144817,-0.98464002,-0.73543968,0.55612383,-0.98558103,-0.39237366,-0.98558103,-0.99975003,-0.54678197,-0.99806619,3,"sitting"
-0.017632643,0.02108375,0.084946361,-0.0014505056,-0.99943744,0.0694202,-0.069324053,-0.068271118,-0.073895926,0.99264338,-0.25375645,0.92536287,-0.11068172,0.14871852,0.89845864,-0.95343484,-0.92918491,0.97316906,-0.18725817,-0.98919935,-0.5635571,-0.96362594,-0.74067291,0.52321659,-0.95604425,-0.73501797,-0.95604425,-0.99859544,-0.51056251,-0.99039841,3,"sitting"
-0.0086127331,0.023817885,0.077728733,0.0091176679,-0.99843169,0.066065903,-0.066072275,-0.063445331,-0.063786692,0.99187763,-0.28231741,0.92411721,-0.26618716,0.29322872,0.89845864,-0.96416109,-0.93052737,0.97270052,-0.32043838,-0.99051799,-0.45503705,-0.96452464,-0.72576963,0.40250338,-0.9635985,-0.49890797,-0.9635985,-0.99897292,-0.3844245,-0.99525227,3,"sitting"
-0.0086127331,0.033612521,0.074458524,0.013887638,-0.99799647,0.060653571,-0.062520277,-0.055666079,-0.057307053,0.99187763,-0.32096302,0.92290835,-0.26897355,0.31281074,0.89771118,-0.98068298,-0.93538425,0.97224588,-0.35698116,-0.99253656,-0.36591358,-0.97690917,-0.7344772,0.30408818,-0.97825559,-0.37191999,-0.97825559,-0.99954405,-0.28226979,-0.99498416,3,"sitting"
-0.0036489728,0.033406953,0.076262993,0.011235204,-0.99830731,0.059460303,-0.068845722,-0.053938311,-0.057103239,0.98916431,-0.44437458,0.92215083,-0.48011794,0.51082339,0.89736863,-0.81144675,-0.93806238,0.97196068,-0.54169291,-0.99292871,-0.66529513,-0.82003975,-0.74684532,0.64183259,-0.80762307,-0.87126069,-0.80762307,-0.97972083,-0.64006435,-0.97166305,3,"sitting"
0.026888818,0.033406953,0.065279822,0.027252822,-0.9954701,0.08252989,-0.15729716,-0.086765589,-0.057103239,0.9737096,-0.17887895,0.90678898,-0.45442032,0.45931469,0.89732171,-0.80040306,-0.90215262,0.96615372,-0.4642403,-0.98036177,-0.69829941,-0.8340534,-0.62679728,0.6792424,-0.80474785,-0.90109034,-0.80474785,-0.97914238,-0.67999442,-0.9279828,3,"sitting"
0.036411139,0.05161555,0.047933906,0.05262745,-0.99008864,0.1167029,-0.1613502,-0.13541154,-0.080887479,0.97273608,-0.43167624,0.88394368,-0.47679187,0.4764976,0.89400209,-0.79295792,-0.84817232,0.95750237,-0.4760927,-0.95914445,-0.81566311,-0.80707797,-0.4445402,0.80871904,-0.79622284,-0.87986342,-0.79622284,-0.97737217,-0.81416652,-0.92727368,3,"sitting"
0.85705028,0.78455077,-0.68663734,0.87543129,0.54211983,-0.27180032,0.34963781,0.39669916,0.5299916,-0.17090778,-0.60299089,-0.9218166,-0.92473861,0.92546448,-0.14866993,-0.79140159,0.38117362,-0.18467921,-0.92581787,-0.69336358,-0.74023929,-0.74443604,0.26166846,0.7149336,-0.74379003,-0.96443011,-0.74379003,-0.96488779,-0.70604381,-0.93436403,3,"laying"
0.85423357,0.87335684,-0.67808817,0.87083947,0.5247417,-0.28076395,0.35396517,0.40848812,0.41584749,-0.16905282,-0.75900251,-0.9209389,-0.81182342,0.81122745,-0.23785212,-0.89225286,0.37911916,-0.18163937,-0.81031093,-0.67782972,-0.82386121,-0.89564389,0.28654519,0.8095217,-0.88659137,-0.91178859,-0.88659137,-0.99247678,-0.80652421,-0.97870665,3,"laying"
0.81424583,0.87335684,-0.66355972,0.86238618,0.49549945,-0.29675627,0.42462174,0.42923097,0.42264992,-0.14402013,-0.52013907,-0.91990664,-0.8073361,0.80786769,-0.23785212,-0.98825441,0.37778639,-0.17949786,-0.80803813,-0.64509758,-0.78147371,-0.98554846,0.32313363,0.777996,-0.98650448,-0.87490727,-0.98650448,-0.99977215,-0.78928315,-0.97695435,3,"laying"
0.81424583,0.87389615,-0.66254966,0.86262053,0.49629324,-0.30055841,0.43072672,0.43446471,0.42843621,-0.14739948,-0.29833958,-0.92487528,-0.56131286,0.56204503,-0.25025686,-0.99213067,0.38479994,-0.18870997,-0.56262083,-0.63626125,-0.092292773,-0.98959708,0.32004062,0.012751439,-0.98918695,-0.26520551,-0.98918695,-0.99983172,0.0090870954,-0.99438858,3,"laying"
0.8123837,0.87135854,-0.65848773,0.85979236,0.486698,-0.30635717,0.43764485,0.4417077,0.43774863,-0.15305095,-0.42799531,-0.92729636,-0.53432575,0.55344352,-0.25888808,-0.99292858,0.38819882,-0.19335934,-0.57288377,-0.62385739,0.015673822,-0.99029764,0.32277376,-0.031955578,-0.99183563,-0.15130933,-0.99183563,-0.99988367,-0.021913507,-0.99539272,3,"laying"
0.80925992,0.86869876,-0.65413962,0.85698738,0.47721313,-0.31258955,0.44351473,0.44958894,0.44309261,-0.15790006,-0.041782961,-0.92998343,-0.56969234,0.57963758,-0.26240178,-0.99269773,0.39209421,-0.19860779,-0.5896912,-0.61014287,-0.098519514,-0.99156943,0.32612328,0.088127089,-0.99422612,-0.24126145,-0.99422612,-0.99992462,-0.1402938,-0.9971802,3,"laying"
0.80673098,0.8683211,-0.65104302,0.85476944,0.46973062,-0.31698404,0.45288884,0.45502609,0.44452814,-0.15831588,0.10338807,-0.93190175,-0.51814541,0.52296112,-0.26811157,-0.99466406,0.3948637,-0.20240488,-0.5277468,-0.60056851,-0.12707162,-0.99258225,0.32732705,0.088671368,-0.99423073,-0.30001837,-0.99423073,-0.99992469,-0.10884883,-0.99586695,3,"laying"
0.80412925,0.86774543,-0.64941984,0.85388184,0.46674145,-0.31898732,0.45820251,0.45764148,0.44698162,-0.15831588,-0.19183646,-0.93228039,-0.4262526,0.43416396,-0.27195368,-0.99718925,0.39547046,-0.20315832,-0.44169517,-0.5959103,0.24888117,-0.99558754,0.33045638,-0.33189195,-0.99575327,-0.13045646,-0.99575327,-0.99994775,0.33419933,-0.99565891,3,"laying"
0.80640635,0.86773176,-0.64923537,0.85414757,0.46763691,-0.31899903,0.45412366,0.45785995,0.44698162,-0.15742305,0.016832247,-0.93183436,-0.36116344,0.36455962,-0.268618,-0.97208926,0.39490564,-0.2022668,-0.36780857,-0.59551422,-0.21895062,-0.97702855,0.33347611,0.18944973,-0.9741365,-0.38790189,-0.9741365,-0.99940511,-0.21255783,-0.98799994,3,"laying"
0.81005899,0.86773176,-0.65299072,0.85660729,0.47593488,-0.3142693,0.44462451,0.45189477,0.44697929,-0.15742305,0.093983524,-0.93072033,-0.46746272,0.48012242,-0.26687316,-0.96473587,0.39325219,-0.20005544,-0.49264455,-0.60605772,-0.18391598,-0.95649893,0.3284687,0.21040915,-0.96197214,-0.6693189,-0.96197214,-0.99889643,-0.29583568,-0.97170816,3,"laying"
0.81066466,0.87105746,-0.65790586,0.85950028,0.48570685,-0.30810213,0.4422056,0.44394721,0.43889628,-0.15352959,0.015414854,-0.92941913,-0.46535969,0.4767047,-0.26546099,-0.96686469,0.39125589,-0.19748218,-0.4876519,-0.620003,-0.20719013,-0.9540506,0.32003675,0.18612182,-0.95871071,-0.62816371,-0.95871071,-0.99873494,-0.21854406,-0.96195594,3,"laying"
0.81227358,0.87333383,-0.65943941,0.86073534,0.48989075,-0.30679673,0.4422056,0.44240932,0.4325545,-0.15692048,0.11526215,-0.93016858,-0.63242505,0.66736115,-0.26546099,-0.9335493,0.3923944,-0.19896731,-0.70259821,-0.62268206,-0.14272568,-0.91568961,0.31642548,0.12710456,-0.92102229,-0.67105785,-0.92102229,-0.9961076,-0.16905386,-0.93565702,3,"laying"
0.81250271,0.87333777,-0.66054794,0.86166672,0.49305048,-0.30665082,0.44221763,0.44231854,0.4325545,-0.16502807,0.16115767,-0.93225417,-0.63064771,0.66254411,-0.26794453,-0.92725105,0.39548943,-0.20312105,-0.69479483,-0.62283883,-0.27303473,-0.91843799,0.31072479,0.28586224,-0.9151572,-0.67784084,-0.9151572,-0.99557222,-0.34897385,-0.90183197,3,"laying"
0.81250271,0.8682212,-0.65860422,0.86001482,0.48746145,-0.31110318,0.44221763,0.44772838,0.45278583,-0.18066131,0.024103194,-0.93673641,-0.55677842,0.57633519,-0.27101589,-0.94816922,0.40220797,-0.21237569,-0.59617556,-0.61330718,-0.48272365,-0.93825034,0.30289823,0.48605047,-0.94028709,-0.57801026,-0.94028709,-0.99762625,-0.52571048,-0.9588283,3,"laying"
0.81105316,0.86604176,-0.65074577,0.85497069,0.47042802,-0.32262464,0.44644045,0.46225573,0.45859189,-0.18355999,0.26205121,-0.9424389,-0.53932151,0.55043732,-0.28050806,-0.96262854,0.41110476,-0.2244182,-0.56169316,-0.58745602,-0.24894522,-0.96586647,0.30486142,0.2153165,-0.96089657,-0.48598647,-0.96089657,-0.99884437,-0.23201816,-0.98088754,3,"laying"
0.80703705,0.86604176,-0.64723199,0.85298966,0.46374576,-0.32679384,0.45911103,0.46766641,0.45859189,-0.18355999,0.24451497,-0.94304825,-0.36883928,0.37020016,-0.2832566,-0.9562155,0.41215526,-0.22572374,-0.37159466,-0.57775944,-0.37542109,-0.95152492,0.31142893,0.35903543,-0.94877158,-0.48337235,-0.94877158,-0.99817856,-0.3852023,-0.97927886,3,"laying"
0.89512599,0.88223432,-0.71310184,0.90163872,0.63348814,-0.23720456,0.1974366,0.35600268,0.38440176,-0.14985853,-0.76670128,-0.91448235,-0.9027717,0.91749239,-0.22304958,-0.77849314,0.37279747,-0.16991791,-0.93205416,-0.75209211,-0.82365909,-0.76500599,0.25247898,0.80847545,-0.76346937,-0.96556396,-0.76346937,-0.96990044,-0.80453812,-0.91748767,3,"laying"
0.84203464,0.87922123,-0.67905097,0.87125956,0.5258736,-0.27423486,0.38503709,0.40007551,0.41219874,-0.12827604,0.21741337,-0.9113326,-0.83941837,0.84521974,-0.22304958,-0.96491073,0.36607278,-0.16407592,-0.85069774,-0.6919778,-0.7479589,-0.95708988,0.29898036,0.7280494,-0.96067484,-0.82565528,-0.96067484,-0.99883352,-0.7243736,-0.93956825,3,"laying"
0.81749789,0.87129324,-0.66564527,0.86390636,0.50068578,-0.29166855,0.3993878,0.4228654,0.42909766,-0.12827604,0.28490441,-0.914811,-0.74546575,0.75820027,-0.23422444,-0.93832252,0.37091365,-0.17014842,-0.77082212,-0.65532119,-0.26921673,-0.94780893,0.32823103,0.24989765,-0.93904618,-0.69975842,-0.93904618,-0.99753944,-0.28045859,-0.95944403,3,"laying"
0.81442371,0.86795266,-0.65450129,0.85782535,0.48006088,-0.30483454,0.42744918,0.44016108,0.43562223,-0.13151351,-0.15465152,-0.91552251,-0.22058468,0.21861635,-0.23802428,-0.98904264,0.37221723,-0.17142693,-0.21661449,-0.62648183,0.020179425,-0.98767761,0.35547411,-0.10912641,-0.9891315,-0.44872977,-0.9891315,-0.99983063,0.13255194,-0.97839982,3,"laying"
0.80663251,0.86774009,-0.65007823,0.85419571,0.46779945,-0.3110639,0.44418531,0.44767806,0.43903717,-0.13487833,-0.25309354,-0.91806551,-0.2220462,0.2714864,-0.23953963,-0.99439604,0.37546271,-0.17603018,-0.32212207,-0.61351563,0.16388617,-0.99475106,0.35685153,-0.25101791,-0.99334371,-0.016651946,-0.99334371,-0.99991009,0.26260064,-0.99142542,3,"laying"
0.80340021,0.86686936,-0.64841667,0.85328244,0.46472563,-0.31386851,0.4506778,0.45130536,0.44067403,-0.1351249,-0.34779085,-0.91988154,-0.19611262,0.23248361,-0.24621443,-0.99654943,0.37796758,-0.17934607,-0.26968992,-0.60715755,0.11587824,-0.99558736,0.35768757,-0.15908368,-0.9946541,-0.073472482,-0.9946541,-0.99993078,0.12783045,-0.99676414,3,"laying"
0.8032022,0.86571388,-0.64726037,0.85237181,0.46166684,-0.31539938,0.45410082,0.45316169,0.44156635,-0.13595307,-0.33161563,-0.92037077,-0.16642546,0.18255374,-0.24930565,-0.99656191,0.37860514,-0.18024748,-0.19830652,-0.60388215,-0.061497769,-0.99441265,0.35844156,0.00031841251,-0.99554466,-0.27245331,-0.99554466,-0.99994456,-0.00035699434,-0.99727011,3,"laying"
0.80231325,0.86571388,-0.64682688,0.8517403,0.45954572,-0.31598521,0.45556158,0.45372269,0.44156635,-0.13634035,-0.47008688,-0.92063131,-0.40755931,0.43002761,-0.24930565,-0.99704218,0.37887849,-0.18072981,-0.45226091,-0.6028891,-0.060336169,-0.99607859,0.35729818,0.00066670727,-0.99579894,-0.15560212,-0.99579894,-0.99994832,-0.0023654025,-0.99798207,3,"laying"
0.80235897,0.86588014,-0.64731968,0.85208652,0.46070787,-0.3157657,0.45525663,0.45345081,0.44157052,-0.13806245,-0.50598155,-0.92128668,-0.50940229,0.52393898,-0.25051891,-0.99479252,0.37977699,-0.18194696,-0.53835683,-0.60337061,-0.022315917,-0.99203069,0.3551714,-0.028893421,-0.99375204,-0.1915443,-0.99375204,-0.99991692,0.01577765,-0.99812422,3,"laying"
0.80235897,0.86359342,-0.64636509,0.85136465,0.45828768,-0.31698342,0.45525663,0.45493912,0.44622935,-0.13806245,-0.34310071,-0.92159814,-0.30970085,0.32705068,-0.25109148,-0.9955834,0.38018933,-0.18252571,-0.34444467,-0.6007218,0.03777714,-0.9932656,0.35607501,-0.1181882,-0.9935958,-0.054819854,-0.9935958,-0.99991434,0.13152769,-0.99674494,3,"laying"
0.80174041,0.86351904,-0.64472315,0.8501674,0.45427312,-0.31880389,0.45668141,0.45717955,0.44640869,-0.13794742,-0.15813507,-0.92158395,-0.16659366,0.22792615,-0.25148417,-0.98953517,0.38015684,-0.18249906,-0.29028082,-0.59673418,0.012227968,-0.98758585,0.35886157,-0.1014915,-0.9884952,-0.19115336,-0.9884952,-0.99981715,0.12608185,-0.99450667,3,"laying"
0.80238109,0.86351904,-0.6459719,0.85111953,0.45746635,-0.31763562,0.45563286,0.45576663,0.44640869,-0.13947627,-0.16839819,-0.92201683,0.10052619,0.0098461301,-0.2517342,-0.98778886,0.38077268,-0.18330727,-0.12274396,-0.59924898,-0.13417615,-0.98687536,0.35611765,0.059165765,-0.98719775,-0.37489115,-0.98719775,-0.99978825,-0.039335356,-0.99611957,3,"laying"
0.80238109,0.86432988,-0.64580943,0.8516083,0.45910396,-0.31828956,0.45563286,0.45689347,0.4507468,-0.14186386,-0.40123845,-0.92285023,0.036709332,0.049343266,-0.25270312,-0.9920038,0.38207243,-0.18486989,-0.13749318,-0.59722582,-0.0641528,-0.99086817,0.35745113,-0.012017445,-0.99085402,-0.34513071,-0.99085402,-0.99986529,0.028086313,-0.99738389,3,"laying"
0.80191179,0.86376895,-0.64316351,0.85023093,0.45448587,-0.32183175,0.45819527,0.46155117,0.45143888,-0.14306629,0.17776233,-0.92396248,-0.6702848,0.70610937,-0.25427318,-0.94636197,0.38373269,-0.18696711,-0.74215054,-0.5888807,-0.34486945,-0.94973706,0.36212361,0.33940944,-0.94722702,-0.73780338,-0.94722702,-0.99808279,-0.37880325,-0.9754581,3,"laying"
0.80383573,0.86376895,-0.64502523,0.85121767,0.45779897,-0.31975564,0.45391216,0.45880122,0.45143888,-0.14306629,0.064906601,-0.92400668,-0.66627439,0.70993935,-0.25446927,-0.94412444,0.38371664,-0.18705069,-0.75405505,-0.59378911,-0.48248869,-0.95576373,0.3572944,0.46341805,-0.94616184,-0.8123975,-0.94616184,-0.99801573,-0.47894047,-0.96291504,3,"laying"
0.80383573,0.8645904,-0.64773497,0.85277273,0.46301422,-0.31630224,0.45391216,0.45432498,0.44786645,-0.14264032,-0.077335672,-0.92319954,-0.47664384,0.54535355,-0.25423372,-0.98002721,0.3825124,-0.18552562,-0.61528031,-0.60181082,-0.63854553,-0.97658536,0.35248917,0.62262382,-0.97982283,-0.78397648,-0.97982283,-0.99959266,-0.63078604,-0.98494533,3,"laying"
-0.25670804,-0.25504863,0.26116766,-0.26018474,-0.88630138,0.10999308,-0.15252082,-0.12756528,-0.11726585,0.93139642,-0.10990847,0.83902188,-0.60369308,0.66203356,0.88231369,-0.47834586,-0.73059243,0.94026827,-0.72053689,-0.96451626,-0.18188421,-0.3265322,-0.033188416,0.15315874,-0.32274201,-0.52898221,-0.32274201,-0.76610728,-0.17893767,-0.55143728,3,"walking"
-0.27587431,-0.25504863,0.2717442,-0.27381554,-0.87366311,0.12609805,-0.16086226,-0.1497174,-0.135745,0.92771195,-0.12342067,0.7909762,-0.53509365,0.60300018,0.8774558,-0.33535993,-0.70569178,0.92166277,-0.67131805,-0.95201434,0.062930578,-0.19399598,0.027242356,-0.034749258,-0.19615605,-0.38267243,-0.19615605,-0.67200231,-0.069056188,-0.47100251,3,"walking"
-0.26926514,-0.25387803,0.26308436,-0.26188269,-0.88507058,0.12892059,-0.16086226,-0.15402667,-0.14944473,0.92771195,-0.28533063,0.80670125,-0.47275875,0.53448063,0.87352822,-0.33846012,-0.71434153,0.92774914,-0.59571001,-0.94951695,-0.016454572,-0.18108544,0.018055737,0.052553015,-0.19362332,-0.19184668,-0.19362332,-0.67000025,-0.15885803,-0.49636509,3,"walking"
-0.26926514,-0.2455639,0.26219188,-0.26253002,-0.88449663,0.12345501,-0.15508215,-0.14743556,-0.14821255,0.95109356,-0.38627496,0.84083277,-0.4237416,0.48360294,0.87352822,-0.37262245,-0.71962891,0.94102438,-0.54162946,-0.95363875,-0.1263247,-0.20199634,0.027729206,0.14341436,-0.25319409,-0.28624999,-0.25319409,-0.71639143,-0.22105136,-0.61712929,3,"walking"
-0.28144108,-0.24688693,0.26871638,-0.27252851,-0.87505997,0.12630823,-0.16014674,-0.15189619,-0.14821255,0.95724786,-0.36175165,0.83827381,-0.02742844,0.099721731,0.86831586,-0.40476426,-0.70933575,0.94004369,-0.1615789,-0.95082655,-0.10774485,-0.29914716,0.064914556,0.12826326,-0.26210157,-0.30697694,-0.26210157,-0.72269291,-0.21111987,-0.6497792,3,"walking"
-0.2726079,-0.24688693,0.2625628,-0.2637419,-0.88340603,0.13311585,-0.16950585,-0.16178273,-0.15635564,0.95834161,-0.43129489,0.84258481,-0.040799201,0.10840245,0.87221904,-0.38290793,-0.71167434,0.94170078,-0.16681801,-0.94450325,-0.096867,-0.27939928,0.070657536,0.10806573,-0.21978195,-0.25879139,-0.21978195,-0.69065355,-0.18097381,-0.68699151,3,"walking"
-0.27221118,-0.23057483,0.25686744,-0.25535903,-0.89137862,0.13581985,-0.16950585,-0.16558955,-0.16825998,0.95834161,-0.35452644,0.84571391,-0.068441908,0.13894516,0.87221904,-0.36916423,-0.71635697,0.94290308,-0.20058669,-0.94200537,0.054058502,-0.2429751,0.060376907,-0.046684083,-0.21930217,-0.2359556,-0.21930217,-0.69042804,-0.030308253,-0.59516103,3,"walking"
-0.27101363,-0.22732582,0.25612616,-0.25399352,-0.89262255,0.13575266,-0.17208812,-0.16528337,-0.16446912,0.95279876,-0.15389696,0.84219432,-0.28345415,0.35761976,0.87136012,-0.47384052,-0.71729999,0.94154774,-0.42695577,-0.94217924,0.23989267,-0.36098465,0.053244361,-0.23040287,-0.30469682,-0.34038262,-0.30469682,-0.75366813,0.14295482,-0.62129995,3,"walking"
-0.27101363,-0.22809613,0.25658111,-0.2529573,-0.89356694,0.13199197,-0.17208812,-0.15869208,-0.15611687,0.94108626,-0.31820832,0.8185453,-0.29598542,0.36793959,0.87064109,-0.41682038,-0.71984216,0.93240707,-0.43698806,-0.94645745,0.090043853,-0.31737312,0.015241045,-0.074944467,-0.25559672,-0.12630012,-0.25559672,-0.71792751,-0.011635718,-0.62567937,3,"walking"
-0.27125827,-0.24066086,0.26218888,-0.26031544,-0.88669034,0.12668504,-0.154807,-0.1506557,-0.15363907,0.94108626,-0.40953551,0.80519187,-0.29981076,0.36892543,0.86289159,-0.41267392,-0.71717579,0.9272492,-0.43465493,-0.95167881,-0.055405493,-0.2613098,0.0038308516,0.085286259,-0.2642219,-0.0063019114,-0.2642219,-0.72440744,-0.18031855,-0.6051562,3,"walking"
-0.25986437,-0.24066086,0.26153509,-0.2603485,-0.88657158,0.12440417,-0.15148764,-0.14801996,-0.15240393,0.94442664,-0.19986068,0.82237402,-0.32667253,0.3967404,0.86618466,-0.44799623,-0.7197293,0.93390256,-0.46332632,-0.95330116,-0.13023883,-0.37912391,0.0096717508,0.15212823,-0.30687789,-0.046793046,-0.30687789,-0.75496992,-0.23531065,-0.61829231,3,"walking"
-0.25791189,-0.23931694,0.25412611,-0.24876281,-0.89716916,0.12521175,-0.1610658,-0.14856629,-0.14869683,0.94115892,-0.14364312,0.81663911,-0.34149784,0.41525506,0.86618466,-0.37857697,-0.72824674,0.93167582,-0.48609577,-0.95289955,-0.07221759,-0.281778,-0.024612584,0.094976582,-0.27442034,-0.25299589,-0.27442034,-0.73199042,-0.18321947,-0.68332835,3,"walking"
-0.25791189,-0.23352798,0.25748563,-0.25302775,-0.89331122,0.1306009,-0.1610658,-0.15585958,-0.14869683,0.94115892,-0.29986955,0.7996007,-0.30124575,0.37720981,0.85806301,-0.5054167,-0.71986851,0.92507998,-0.44985015,-0.94829355,-0.032773732,-0.37950224,-0.0062258392,0.039529105,-0.36448894,-0.26884794,-0.36448894,-0.79365806,-0.11226326,-0.64720358,3,"walking"
-0.25627825,-0.23352798,0.25855216,-0.25520533,-0.8913683,0.13163907,-0.16063448,-0.15778259,-0.1560608,0.94163264,-0.4258866,0.80734207,-0.27122077,0.33866533,0.85812558,-0.54613436,-0.71773888,0.92808729,-0.40192227,-0.94713969,-0.0077437385,-0.43376141,0.010608922,0.027268343,-0.42325138,-0.25808094,-0.42325138,-0.82950947,-0.11663243,-0.59647025,3,"walking"
-0.24222361,-0.23854343,0.25214674,-0.24670136,-0.8984553,0.12234326,-0.16883332,-0.14499229,-0.10189851,0.93536092,-0.21124748,0.83402477,-0.56007564,0.61463888,0.88685679,-0.47314554,-0.73291721,0.93829529,-0.66909069,-0.95360765,-0.12703071,-0.31421388,-0.027031801,0.11695967,-0.30838466,-0.4196582,-0.30838466,-0.75590902,-0.16643899,-0.61652826,3,"walking"
-0.27106835,-0.23854343,0.26270919,-0.26121932,-0.88590489,0.13945858,-0.17285489,-0.16894577,-0.16700639,0.93536092,-0.16480083,0.79621369,-0.45797841,0.51807888,0.8637338,-0.50160399,-0.7063365,0.92375655,-0.57729547,-0.93970713,-0.17323797,-0.34687324,0.048441659,0.16927318,-0.35483632,-0.15639639,-0.35483632,-0.78731664,-0.2214821,-0.54506891,3,"walking"
-0.27495036,-0.23325947,0.26055806,-0.25765402,-0.88926724,0.13819417,-0.17285489,-0.16680179,-0.1674445,0.93776417,-0.20108056,0.79283867,-0.19913168,0.27940002,0.85368879,-0.42056159,-0.70996551,0.92244695,-0.35368158,-0.94115994,0.17825219,-0.30388569,0.03051253,-0.16807136,-0.31706337,-0.039215671,-0.31706337,-0.76217659,0.081693574,-0.58722635,3,"walking"
-0.27692905,-0.23678826,0.2628816,-0.26071089,-0.88640493,0.13606485,-0.16485651,-0.16359153,-0.1674445,0.93776417,-0.32180799,0.78776902,-0.088981041,0.17067851,0.85030702,-0.42512343,-0.70891142,0.9204733,-0.24380733,-0.94336357,0.29035094,-0.29535072,0.026440564,-0.26762581,-0.3101953,-0.071629241,-0.3101953,-0.75730811,0.1622833,-0.6583511,3,"walking"
-0.27820316,-0.23841727,0.26474184,-0.26476933,-0.88258187,0.13879154,-0.17596559,-0.16844695,-0.16900449,0.93806958,-0.23490392,0.80349754,-0.23885945,0.30597896,0.86256716,-0.45393596,-0.70443808,0.9265885,-0.36781389,-0.94003108,0.120225,-0.27265148,0.062194903,-0.10339704,-0.31094783,-0.20642578,-0.31094783,-0.75790002,0.010948385,-0.60760145,3,"walking"
-0.26719811,-0.23841727,0.25910443,-0.25771505,-0.88907755,0.1403174,-0.17647528,-0.17139758,-0.17250815,0.94659759,-0.25987938,0.82529797,-0.17357327,0.24495951,0.86668274,-0.45168451,-0.70992756,0.93503602,-0.3096788,-0.93799213,0.011738071,-0.3245867,0.067166531,0.0088888973,-0.31405617,-0.23385356,-0.31405617,-0.76013167,-0.098858688,-0.61994522,3,"walking"
-0.26719811,-0.22958637,0.25542776,-0.25256384,-0.89389685,0.13850123,-0.17647528,-0.16892058,-0.16988992,0.95518585,-0.17990612,0.83411423,-0.11723276,0.18868942,0.86668274,-0.42064153,-0.71582733,0.93844197,-0.25188426,-0.93969655,0.063338081,-0.33843708,0.053108572,-0.04815909,-0.30632923,-0.15644996,-0.30632923,-0.75481151,-0.038467172,-0.63912798,3,"walking"
-0.2704655,-0.23671984,0.26009104,-0.25960058,-0.88741892,0.14161235,-0.1844711,-0.17359229,-0.16988992,0.95370585,-0.034787835,0.82982104,-0.15259437,0.22166038,0.86666877,-0.3390735,-0.70766172,0.93678658,-0.2828102,-0.93636438,0.12294118,-0.2376412,0.081517551,-0.086769521,-0.2233196,-0.19810268,-0.2233196,-0.69354607,-0.023966507,-0.59597202,3,"walking"
-0.28021244,-0.23912904,0.26428914,-0.2661234,-0.88129213,0.14588737,-0.1844711,-0.18005588,-0.18123433,0.9499593,-0.16798787,0.8270475,-0.19578382,0.25972144,0.86547903,-0.39139104,-0.69905168,0.93571607,-0.31756508,-0.93178618,0.26915312,-0.30370846,0.11444366,-0.25698923,-0.24537865,-0.094326555,-0.24537865,-0.71048544,0.16569412,-0.56570452,3,"walking"
-0.27357688,-0.23912904,0.26424992,-0.26513439,-0.88221093,0.14485073,-0.18248042,-0.17787576,-0.17881558,0.94264884,-0.31926993,0.81438354,-0.38434223,0.44614916,0.86547903,-0.49381566,-0.69997877,0.93080916,-0.50501635,-0.93338125,0.011493859,-0.34481356,0.096496767,0.0011837015,-0.37241514,-0.14857672,-0.37241514,-0.79869285,-0.081266583,-0.59275255,3,"walking"
-0.26910457,-0.23665136,0.25892219,-0.25628691,-0.89045284,0.14237256,-0.17672382,-0.17346326,-0.17691869,0.94264884,-0.29328433,0.80595193,-0.2374359,0.30328076,0.85631557,-0.48831566,-0.708402,0.92754961,-0.36358009,-0.9365573,-0.041387091,-0.33524845,0.054412014,0.060786837,-0.37852711,-0.14050731,-0.37852711,-0.80253382,-0.14524101,-0.61256508,3,"walking"
-0.26910457,-0.2337001,0.25855206,-0.25597149,-0.89076441,0.14392834,-0.1820756,-0.17584361,-0.17691869,0.94544222,-0.17692616,0.80829403,-0.02359626,0.088349573,0.85631557,-0.44950495,-0.70750659,0.92845998,-0.14392408,-0.93482272,0.090240787,-0.31906952,0.061666479,-0.079285102,-0.33169121,-0.20024152,-0.33169121,-0.77215967,-0.0038209656,-0.57783069,3,"walking"
-0.27554251,-0.2337001,0.26186183,-0.26174685,-0.88545266,0.14676135,-0.18488982,-0.18065237,-0.17418252,0.94544222,-0.21510802,0.816566,-0.31231342,0.37232929,0.86840966,-0.49347682,-0.70117043,0.93165632,-0.42873759,-0.93131884,0.28095372,-0.42725774,0.096345838,-0.26964435,-0.3624818,-0.34158788,-0.3624818,-0.79235368,0.17557543,-0.56971376,3,"walking"
-0.20580231,-0.18595161,0.22515079,-0.20477222,-0.93258348,0.058853838,-0.061255969,-0.052788338,-0.047902514,0.94723485,-0.29271137,0.84162893,-0.63558565,0.68169839,0.88765595,-0.18885987,-0.8075188,0.9412991,-0.72739505,-0.99315286,0.032266838,-0.074318459,-0.38149448,-0.026968041,-0.086034578,-0.17928383,-0.086034578,-0.57731054,-0.050263291,-0.74727415,3,"walking_downstairs"
-0.20166308,-0.18493637,0.21578796,-0.19264206,-0.94097121,0.066340951,-0.08753695,-0.063950469,-0.058956906,0.95403333,-0.40250732,0.87586019,-0.58386969,0.63869473,0.89167206,-0.27658677,-0.81685757,0.95439944,-0.69246498,-0.99018585,-0.17879462,-0.098399761,-0.35941817,0.17844276,-0.14419775,-0.32160767,-0.14419775,-0.62884199,-0.23486031,-0.72056204,3,"walking_downstairs"
-0.20166308,-0.16770691,0.21337862,-0.18955767,-0.94320585,0.079031084,-0.098803223,-0.082316835,-0.070266996,0.96596772,-0.57846997,0.88175415,-0.40371039,0.45629235,0.89167206,-0.22392499,-0.81272419,0.95666586,-0.50586776,-0.98437141,-0.047760004,0.06677102,-0.31435977,0.05997134,-0.028542053,-0.29523612,-0.028542053,-0.52299634,-0.13608744,-0.2369234,3,"walking_downstairs"
-0.21357077,-0.18375216,0.2208662,-0.20090016,-0.93540986,0.093454789,-0.13054251,-0.10326493,-0.095831216,0.96596772,-0.53757231,0.87755809,-0.4828095,0.52379155,0.89412057,-0.25614706,-0.79338529,0.95506636,-0.5633038,-0.97623607,-0.20389619,0.04327945,-0.23065888,0.20383825,-0.071615176,-0.26364331,-0.071615176,-0.56400715,-0.25745408,0.19274285,3,"walking_downstairs"
-0.21246952,-0.18375216,0.22112367,-0.20081323,-0.9354627,0.10273242,-0.13694582,-0.11625813,-0.098776555,0.9535033,-0.5037248,0.86252874,-0.61534608,0.65808289,0.89412057,-0.28617486,-0.78613558,0.94930321,-0.69994901,-0.9702201,-0.32059056,-0.070658448,-0.20725845,0.31123103,-0.11276674,-0.30517795,-0.11276674,-0.60140764,-0.34749597,-0.48082088,3,"walking_downstairs"
-0.21246952,-0.1823685,0.21837983,-0.1970156,-0.93818169,0.09407118,-0.13694582,-0.1039819,-0.093727526,0.9535033,-0.47026665,0.87406079,-0.61166538,0.66432936,0.90162326,-0.16900016,-0.79605318,0.95366764,-0.71625969,-0.97548321,-0.090932108,-0.017431507,-0.24198173,0.07301506,0.0070903241,-0.29269752,0.0070903241,-0.48760105,-0.11592853,-0.13209926,3,"walking_downstairs"
-0.21775908,-0.18356154,0.22382919,-0.20617126,-0.93164169,0.085959112,-0.11077426,-0.093014896,-0.075583653,0.96391089,-0.30623128,0.8981812,-0.56862869,0.61320609,0.90162326,-0.33326165,-0.79472759,0.96287672,-0.65691473,-0.98046341,-0.048267265,-0.12969878,-0.22871457,0.043505039,-0.111137,-0.20259292,-0.111137,-0.59977608,-0.10263692,-0.12940594,3,"walking_downstairs"
-0.22170091,-0.18356154,0.22694377,-0.2089119,-0.92970167,0.082793237,-0.11077426,-0.087565049,-0.074988686,0.95433397,-0.45502968,0.86134236,-0.61808609,0.66419146,0.90069938,-0.3294962,-0.79267254,0.94884182,-0.70933748,-0.98235938,0.022219809,-0.12729205,-0.2628227,0.002753827,-0.1588565,-0.21161493,-0.1588565,-0.64130104,-0.096628204,-0.6197008,3,"walking_downstairs"
-0.22056713,-0.18340116,0.22370581,-0.20297255,-0.9340196,0.070269793,-0.083711336,-0.069125714,-0.054604112,0.95433397,-0.49097967,0.84452425,-0.40337644,0.4546461,0.87535,-0.31214156,-0.80411992,0.94244175,-0.50158196,-0.98862606,0.0052201494,-0.103868,-0.34052985,0.014234791,-0.15721709,-0.33156278,-0.15721709,-0.63987176,-0.10298309,-0.64849173,3,"walking_downstairs"
-0.21650625,-0.22875044,0.23100008,-0.21404073,-0.92509439,0.096609455,-0.13323998,-0.10689689,-0.10139793,0.94095378,-0.55785394,0.83635612,-0.60901773,0.65457182,0.8791232,-0.30727175,-0.77835544,0.93926354,-0.69894624,-0.97476917,-0.32337987,-0.041624491,-0.2156572,0.34975907,-0.14058647,-0.37201039,-0.14058647,-0.62572199,-0.42515686,-0.6878392,3,"walking_downstairs"
-0.21650625,-0.18024819,0.2227986,-0.20223073,-0.93452554,0.094388734,-0.1158866,-0.10372901,-0.10139793,0.94353022,-0.65787658,0.84550659,-0.6418288,0.70257321,0.8791232,-0.36384118,-0.79028741,0.94279583,-0.76265584,-0.97622966,-0.42707056,-0.27181518,-0.24940102,0.44394077,-0.22594921,-0.27997726,-0.22594921,-0.69558388,-0.50074773,-0.7477396,3,"walking_downstairs"
-0.22504747,-0.18423943,0.22814588,-0.20828515,-0.93019204,0.09700201,-0.1158866,-0.10648096,-0.10811384,0.93046848,-0.35223912,0.80750314,-0.6866156,0.73354307,0.87541487,-0.35227562,-0.78168899,0.92810615,-0.78040735,-0.97507415,-0.21564183,-0.1892731,-0.25385353,0.23546684,-0.17466931,-0.38861575,-0.17466931,-0.65439908,-0.30991264,-0.24037548,3,"walking_downstairs"
-0.21130401,-0.18423943,0.22365577,-0.20241707,-0.93433519,0.098208257,-0.12258066,-0.10851404,-0.10929102,0.93046848,-0.21986853,0.82188796,-0.62429102,0.66267789,0.88218124,-0.27023767,-0.78644117,0.93364084,-0.70080135,-0.97415543,-0.18804747,-0.070073213,-0.25371355,0.18738321,-0.090196845,-0.43256427,-0.090196845,-0.58109536,-0.24193866,0.33275805,3,"walking_downstairs"
-0.19948216,-0.17251943,0.2139066,-0.18809886,-0.94411943,0.098785487,-0.12414974,-0.10909655,-0.093480295,0.93576626,-0.39957037,0.82317069,-0.59554025,0.64965198,0.88218124,-0.24980272,-0.79799618,0.93414686,-0.70314599,-0.97368399,-0.22937706,-0.015873682,-0.29006675,0.23797494,-0.052000063,-0.39768853,-0.052000063,-0.54556407,-0.29945954,-0.37400314,3,"walking_downstairs"
-0.19948216,-0.19708363,0.2187934,-0.19465912,-0.93928029,0.088406405,-0.12414974,-0.094193898,-0.079712303,0.93576626,-0.49963218,0.81539539,-0.68857253,0.74253448,0.88439857,-0.24192885,-0.79955095,0.93113779,-0.79645678,-0.97966001,-0.31119616,-0.095642653,-0.31785878,0.33241505,-0.11484419,-0.39606407,-0.11484419,-0.60319778,-0.40279816,-0.12969969,3,"walking_downstairs"
-0.20794161,-0.19708363,0.2288011,-0.21148556,-0.9275444,0.090544904,-0.12656718,-0.098591385,-0.079712303,0.93687142,-0.3930359,0.85350279,-0.6767914,0.72224567,0.88439857,-0.2983917,-0.78530011,0.94584832,-0.76743276,-0.97774672,-0.31633597,-0.084342897,-0.23212681,0.34790263,-0.13726933,-0.37787621,-0.13726933,-0.62270404,-0.42926079,-0.10351068,3,"walking_downstairs"
-0.20848856,-0.19640037,0.22316415,-0.20299649,-0.93367468,0.09321649,-0.12656718,-0.10220038,-0.091485311,0.95532188,-0.45748878,0.85054866,-0.45804513,0.52860342,0.88241768,-0.17537303,-0.7906588,0.94474398,-0.59583329,-0.97652776,-0.42813121,0.15375849,-0.24765995,0.45263411,0.036644406,-0.43288436,0.036644406,-0.45764223,-0.51841486,-0.68229423,3,"walking_downstairs"
-0.20848856,-0.19776819,0.22463741,-0.2049017,-0.93223508,0.089001959,-0.11451259,-0.096073758,-0.091485311,0.95532188,-0.52168097,0.84700983,-0.49743107,0.5676336,0.87983018,-0.17033323,-0.79167927,0.94339015,-0.63504644,-0.9793777,-0.25501914,0.11552677,-0.26146023,0.24971402,0.066810652,-0.40790509,0.066810652,-0.42586949,-0.29516395,-0.66920386,3,"walking_downstairs"
-0.24962201,-0.21765542,0.24867456,-0.23747133,-0.90704319,0.10741771,-0.13478792,-0.12116355,-0.098133569,0.9245642,-0.38225325,0.77961292,-0.6318134,0.68832979,0.87920759,-0.25459633,-0.74833651,0.91721159,-0.74475945,-0.96777026,-0.39120226,-0.023836836,-0.15631176,0.42990306,-0.075078435,-0.59138192,-0.075078435,-0.56722634,-0.51200133,-0.51574474,3,"walking_downstairs"
-0.25680826,-0.21765542,0.253871,-0.24501525,-0.90063455,0.11693135,-0.14432036,-0.13466332,-0.13413325,0.9245642,-0.33472202,0.77003751,-0.49600151,0.57562838,0.85471103,-0.1923467,-0.73489604,0.9135161,-0.65372921,-0.96099588,-0.38527845,0.025482861,-0.10685925,0.44274194,-0.018810109,-0.36566526,-0.018810109,-0.51357749,-0.54517104,-0.49193572,3,"walking_downstairs"
-0.26572821,-0.23099118,0.25490236,-0.25055867,-0.89568007,0.12184512,-0.15325967,-0.14420442,-0.1374509,0.92743899,-0.49161544,0.82933249,-0.5704336,0.62673286,0.8991776,-0.18420323,-0.7299047,0.93644234,-0.6825944,-0.95547483,-0.1972798,0.11995774,-0.022225181,0.22490931,0.046474528,-0.43782616,0.046474528,-0.44727398,-0.30700098,-0.13062478,3,"walking_downstairs"
-0.25849636,-0.23230242,0.25549777,-0.25361828,-0.89287318,0.12473348,-0.15568412,-0.14978815,-0.13189563,0.94457857,-0.53811231,0.86081645,-0.6155342,0.66837751,0.8991776,-0.19091675,-0.72693856,0.94860677,-0.72124754,-0.95210765,-0.29245281,0.050963879,0.024395111,0.32144209,-0.0014741186,-0.37573505,-0.0014741186,-0.49641973,-0.40081112,0.49417962,3,"walking_downstairs"
-0.25212553,-0.23230242,0.25084935,-0.24404632,-0.90126248,0.11314707,-0.15568412,-0.13134473,-0.11500857,0.94209974,-0.51089233,0.82949025,-0.65498164,0.72558808,0.89313593,-0.15767737,-0.74147222,0.93659561,-0.79675159,-0.96212054,-0.3674075,-0.032999629,-0.073977484,0.39894751,0.00824433,-0.43373015,0.00824433,-0.48649817,-0.47625798,-0.34992799,3,"walking_downstairs"
-0.24858519,-0.22218572,0.24639131,-0.23795405,-0.90661255,0.11827032,-0.17486507,-0.13887385,-0.11500857,0.94209974,-0.50033205,0.83642327,-0.62589834,0.69206046,0.87913513,-0.13587731,-0.74315042,0.93929106,-0.75778774,-0.95719233,-0.32145228,0.11587505,-0.065220237,0.32797532,0.025899562,-0.54548048,0.025899562,-0.46871888,-0.38127089,-0.37185379,3,"walking_downstairs"
-0.24121653,-0.22218572,0.24120433,-0.23093517,-0.91235154,0.13506384,-0.17486507,-0.16321078,-0.13553655,0.94619017,-0.29036889,0.83711139,-0.52100575,0.59863855,0.87913513,-0.1502502,-0.73545747,0.93956369,-0.67495294,-0.9433471,-0.16788431,0.14882836,-0.018726584,0.1832586,0.028527169,-0.54604919,0.028527169,-0.46602046,-0.25588788,-0.44371776,3,"walking_downstairs"
-0.24121653,-0.20423298,0.23779923,-0.2248743,-0.91746266,0.12642472,-0.16864522,-0.15001633,-0.14128812,0.94619017,-0.2007077,0.82799826,-0.54558331,0.61924861,0.87603088,-0.15959731,-0.74688015,0.93606535,-0.69179776,-0.95171825,-0.015138964,0.11627535,-0.077169156,0.09815634,0.0237466,-0.42328555,0.0237466,-0.47091704,-0.25286655,-0.42462699,3,"walking_downstairs"
-0.30012663,-0.3618983,0.30352849,-0.32445138,-0.81576094,0.12721005,-0.19214358,-0.15420015,-0.12784815,0.89591553,-0.59755731,0.80983931,-0.77838675,0.81827684,0.88852752,-0.39184537,-0.66413445,0.92874302,-0.85852406,-0.94817062,-0.57382418,-0.25841733,0.1903429,0.58164341,-0.30175823,-0.75835757,-0.30175823,-0.75161619,-0.61976068,-0.69367126,3,"walking_upstairs"
-0.33276174,-0.36269005,0.33924067,-0.37304912,-0.75591267,0.14780096,-0.19281243,-0.18280765,-0.16828626,0.88676828,-0.64179447,0.70778678,-0.7707079,0.81274499,0.87654737,-0.447331,-0.60356533,0.88869362,-0.85517993,-0.92964369,-0.56608805,-0.38738442,0.32174436,0.5846036,-0.35751308,-0.7444606,-0.35751308,-0.7891529,-0.63471079,-0.81948335,3,"walking_upstairs"
-0.38353559,-0.36269005,0.34447872,-0.37773982,-0.75025812,0.14973956,-0.19281243,-0.18419239,-0.1829157,0.88676828,-0.64168025,0.67110452,-0.53470849,0.57935154,0.80812172,-0.43383762,-0.59537863,0.87417593,-0.621755,-0.9286807,-0.46988192,-0.33393224,0.31026595,0.49746985,-0.34517747,-0.49354323,-0.34517747,-0.78110299,-0.56300142,-0.75365321,3,"walking_upstairs"
-0.36375022,-0.34072333,0.33704908,-0.36733071,-0.76460768,0.14409606,-0.18773773,-0.1761154,-0.17147939,0.89310356,-0.63235702,0.68915667,-0.65350166,0.69764336,0.83535108,-0.37062934,-0.60896076,0.8814131,-0.74132961,-0.93457969,-0.48286636,-0.18558824,0.27433318,0.50730109,-0.2553477,-0.45931694,-0.2553477,-0.71798985,-0.56871848,-0.30408265,3,"walking_upstairs"
-0.3504886,-0.34061138,0.32521966,-0.35248114,-0.78382959,0.14855224,-0.21694488,-0.18341076,-0.17147939,0.89310356,-0.58468831,0.72297482,-0.72046491,0.76894266,0.83743202,-0.33214705,-0.62124415,0.89489365,-0.8175636,-0.92887456,-0.57406789,-0.2387109,0.27942344,0.58514306,-0.23622126,-0.62727036,-0.23622126,-0.70353289,-0.62640857,-0.0070066139,3,"walking_upstairs"
-0.3504886,-0.38341074,0.33767142,-0.36972542,-0.75943698,0.16221401,-0.21812801,-0.20277752,-0.18859119,0.86679034,-0.56611578,0.685367,-0.75630345,0.79885809,0.83743202,-0.41716618,-0.59524811,0.87969313,-0.84167147,-0.91382404,-0.66806662,-0.34691058,0.34877194,0.67081705,-0.33431866,-0.7560101,-0.33431866,-0.77390308,-0.69675025,-0.022616919,3,"walking_upstairs"
-0.37612536,-0.38341074,0.3512448,-0.38580989,-0.73840701,0.15246635,-0.21812801,-0.18738685,-0.15067908,0.86679034,-0.59584741,0.6443541,-0.69640102,0.73551384,0.81175881,-0.4043487,-0.58463511,0.86329843,-0.77455022,-0.92484686,-0.57292724,-0.17644047,0.3198002,0.57406014,-0.27660684,-0.78330705,-0.27660684,-0.73365849,-0.60487905,0.061103417,3,"walking_upstairs"
-0.37248461,-0.36551674,0.33592962,-0.36450661,-0.76823887,0.13212905,-0.19793704,-0.15844173,-0.15067908,0.88223088,-0.60296975,0.68933429,-0.64293705,0.69122172,0.82303667,-0.35671426,-0.61823145,0.88146576,-0.73881775,-0.94621675,-0.40674198,-0.23348742,0.21953999,0.42279826,-0.26573769,-0.75224826,-0.26573769,-0.72571121,-0.48092673,-0.74788632,3,"walking_upstairs"
-0.37248461,-0.34342877,0.33386493,-0.36286335,-0.77057758,0.14169042,-0.2077847,-0.17267235,-0.15335738,0.8848719,-0.66930223,0.69672218,-0.69385953,0.73947324,0.82303667,-0.46729991,-0.61475871,0.88444456,-0.78437624,-0.93618821,-0.39316052,-0.29811598,0.25883078,0.41088298,-0.35296303,-0.75928702,-0.35296303,-0.78619941,-0.4702121,-0.61402196,3,"walking_upstairs"
-0.24541136,-0.37264899,0.28650145,-0.2980042,-0.84094698,0.13809381,-0.19703258,-0.16876561,-0.14769145,0.88782365,-0.52525426,0.80222018,-0.75228792,0.78930467,0.89292933,-0.45454921,-0.67819128,0.92571011,-0.8266249,-0.93890148,-0.53357553,-0.28297062,0.15161038,0.51253642,-0.33807335,-0.79883734,-0.33807335,-0.77642849,-0.52261551,-0.56922161,3,"walking_upstairs"
-0.30752113,-0.37612647,0.34397785,-0.37908804,-0.7461811,0.15686536,-0.2056064,-0.19546282,-0.17068821,0.88044865,-0.62136077,0.68449248,-0.67904566,0.733773,0.8638409,-0.45054415,-0.59103587,0.87938151,-0.78911386,-0.91981302,-0.45878083,-0.30004509,0.35405261,0.47642283,-0.33050685,-0.73488276,-0.33050685,-0.77133044,-0.53316105,-0.57014147,3,"walking_upstairs"
-0.41093964,-0.37612647,0.35951219,-0.40043561,-0.71791668,0.1574384,-0.2056064,-0.19614759,-0.18225892,0.88044865,-0.59741395,0.65183138,-0.50739163,0.57141797,0.80040564,-0.49131467,-0.57035314,0.86637306,-0.63302686,-0.91927838,-0.44240594,-0.32574218,0.38883964,0.46160413,-0.34914321,-0.61058727,-0.34914321,-0.7837271,-0.51887193,-0.19639616,3,"walking_upstairs"
-0.38266995,-0.37261329,0.35033508,-0.38808453,-0.73559344,0.14701051,-0.20050588,-0.18143354,-0.17538362,0.88752151,-0.58144506,0.68315578,-0.64942264,0.6942535,0.82201877,-0.44807084,-0.58951936,0.87900379,-0.73836667,-0.93051714,-0.59092123,-0.27717626,0.34027006,0.61590229,-0.32521403,-0.64659647,-0.32521403,-0.76778044,-0.67051961,0.11514716,3,"walking_upstairs"
-0.38261321,-0.36772891,0.34333331,-0.37845257,-0.74924886,0.1514909,-0.2108369,-0.18792126,-0.17538362,0.88509269,-0.64070165,0.69314347,-0.6918298,0.74034692,0.82201877,-0.4421473,-0.59566676,0.88301541,-0.788923,-0.92535859,-0.42301182,-0.27241973,0.33916311,0.45755861,-0.29781644,-0.66011034,-0.29781644,-0.74878956,-0.53445697,-0.50582021,3,"walking_upstairs"
-0.38261321,-0.39158783,0.3576406,-0.39788013,-0.72085549,0.15644418,-0.21092275,-0.19474693,-0.17368567,0.87405963,-0.54282249,0.65689974,-0.66558997,0.71754325,0.81573764,-0.51315225,-0.57349885,0.86837689,-0.76943366,-0.92004473,-0.40953452,-0.39255512,0.38201054,0.43387524,-0.36583334,-0.66534679,-0.36583334,-0.7945175,-0.50070604,-0.47544284,3,"walking_upstairs"
-0.41674903,-0.39158783,0.36769932,-0.41127854,-0.70161474,0.14371803,-0.21092275,-0.17631465,-0.16622888,0.87405963,-0.57652262,0.64529444,-0.58572714,0.63647284,0.79898147,-0.48314948,-0.56852181,0.86371065,-0.68589617,-0.9339662,-0.39513476,-0.32428314,0.36017025,0.42178911,-0.35306467,-0.70375917,-0.35306467,-0.78628135,-0.49164077,-0.26919542,3,"walking_upstairs"
-0.4072326,-0.38455447,0.36020501,-0.4008106,-0.71732997,0.15381907,-0.241608,-0.19067926,-0.16622888,0.87725589,-0.65378542,0.64910874,-0.5844471,0.64736156,0.79898147,-0.46130696,-0.57191905,0.86526672,-0.70842157,-0.92231537,-0.25458866,-0.31955579,0.37311881,0.26261559,-0.34623188,-0.76947535,-0.34623188,-0.78181286,-0.32092748,-0.69147166,3,"walking_upstairs"
-0.28275969,-0.37398454,0.31654052,-0.34330644,-0.79015596,0.18802218,-0.27046728,-0.2419074,-0.21482119,0.87911865,-0.55329753,0.72729316,-0.73315291,0.7706676,0.85203697,-0.42972163,-0.60039416,0.89647506,-0.80836117,-0.87789679,-0.42634945,-0.19706109,0.41385657,0.41596523,-0.26609148,-0.66739621,-0.26609148,-0.72597555,-0.44489263,-0.69056293,3,"walking_upstairs"
-0.37376494,-0.37398454,0.35293975,-0.39227532,-0.72960597,0.16899715,-0.23172985,-0.21317751,-0.20397623,0.87890993,-0.60572279,0.66068915,-0.68825521,0.74366141,0.82840804,-0.45744099,-0.57058289,0.8699266,-0.79948268,-0.90500535,-0.3668808,-0.32442314,0.41901783,0.37309255,-0.31985705,-0.74326472,-0.31985705,-0.76412498,-0.42375451,-0.62804247,3,"walking_upstairs"
-0.39725232,-0.37382692,0.35462905,-0.39243931,-0.72949667,0.16386933,-0.2105537,-0.20462882,-0.20397623,0.87514187,-0.56898757,0.64368427,-0.56661292,0.62084344,0.7954509,-0.5009134,-0.57217231,0.86306426,-0.67317861,-0.91252814,-0.51248024,-0.37306155,0.38342459,0.53213802,-0.40104657,-0.55593675,-0.40104657,-0.816362,-0.58638697,-0.3761241,3,"walking_upstairs"
-0.37926877,-0.37382692,0.35261415,-0.39037409,-0.73231184,0.16526423,-0.2105537,-0.20702247,-0.20764008,0.87514187,-0.51302055,0.65246774,-0.67390989,0.71958241,0.80724228,-0.5027955,-0.57376558,0.86661414,-0.76475927,-0.91054042,-0.59984255,-0.43524439,0.39103849,0.61760445,-0.41835382,-0.41268415,-0.41835382,-0.82665152,-0.66425206,0.048850954,3,"walking_upstairs"
-0.37667666,-0.37209277,0.34277138,-0.37711299,-0.75086452,0.16575233,-0.21272157,-0.20797163,-0.21063847,0.87704901,-0.54276547,0.67426618,-0.72308833,0.76685685,0.81163831,-0.57163025,-0.58606762,0.87543152,-0.8104625,-0.90975334,-0.54620251,-0.49221168,0.37451798,0.5645746,-0.47816543,-0.50440381,-0.47816543,-0.85990649,-0.61555514,-0.65882583,3,"walking_upstairs"
-0.37667666,-0.3583352,0.34161677,-0.37548529,-0.75335252,0.16824275,-0.22261547,-0.21150759,-0.20947113,0.88544947,-0.50620047,0.67350464,-0.71341755,0.75973367,0.81163831,-0.52244703,-0.58565511,0.87513523,-0.80558118,-0.90666375,-0.47348663,-0.4102487,0.37897635,0.5075981,-0.42681779,-0.59925554,-0.42681779,-0.83155569,-0.57955881,-0.36440523,3,"walking_upstairs"
-0.39580106,-0.36641082,0.3510733,-0.38991674,-0.73319524,0.16154887,-0.22261547,-0.2026761,-0.1878293,0.88544947,-0.50522421,0.67439182,-0.66567335,0.70756247,0.81042667,-0.51122973,-0.57846476,0.87549374,-0.74855132,-0.91377346,-0.31563026,-0.43862366,0.39525762,0.32950006,-0.41139699,-0.67811012,-0.41139699,-0.82249311,-0.38951472,-0.16091132,3,"walking_upstairs"
-0.39599793,-0.36641082,0.3511261,-0.38956254,-0.7336981,0.16512029,-0.22713854,-0.20753693,-0.1878293,0.87883194,-0.64588654,0.66667263,-0.65412982,0.70010466,0.81042667,-0.51651446,-0.57579437,0.8723612,-0.74506766,-0.90945653,-0.33845653,-0.45793388,0.40126052,0.35818303,-0.43027808,-0.78365806,-0.43027808,-0.83356336,-0.42308823,-0.61757018,3,"walking_upstairs"
-0.16323957,-0.14821804,0.19652346,-0.16472984,-0.95819564,-0.064531423,0.089101633,0.12358043,0.12899757,0.96706648,-0.028448991,0.87662323,-0.31788649,0.31509927,0.89743402,-0.89029457,-0.81736481,0.95471157,-0.31204112,-0.97218643,-0.67648393,-0.89109921,-0.30532374,0.66412999,-0.87899542,-0.76783134,-0.87899542,-0.99151966,-0.67357969,-0.93334176,6,"standing"
-0.19256733,-0.15782254,0.20514375,-0.17794634,-0.95067244,-0.06423758,0.12071021,0.12367963,0.1264446,0.96924589,0.27561232,0.88628674,-0.30580742,0.30247624,0.88637349,-0.97854291,-0.80759872,0.9583972,-0.29904786,-0.9723982,-0.82065265,-0.96956092,-0.2620805,0.80950032,-0.97404036,-0.74595688,-0.97404036,-0.99940168,-0.81004979,-0.95616188,6,"standing"
-0.19879717,-0.16561029,0.21061129,-0.18612919,-0.94542937,-0.0619374,0.11729027,0.12053627,0.1155337,0.97753902,-0.0016845479,0.88785952,-0.45419527,0.46982795,0.88637349,-0.9753677,-0.80292718,0.95899798,-0.48558687,-0.97385469,-0.71073026,-0.97110396,-0.24710305,0.68768679,-0.97518935,-0.23938067,-0.97518935,-0.99944228,-0.68328925,-0.97211878,6,"standing"
-0.21010904,-0.16624134,0.21564061,-0.19340717,-0.94069091,-0.061422991,0.11729027,0.11976888,0.11870106,0.97581013,0.17471044,0.88258785,-0.28205843,0.29388367,0.8836465,-0.98345026,-0.7971983,0.95699507,-0.30573204,-0.97419683,-0.66099042,-0.97786232,-0.23324087,0.64063825,-0.98220805,-0.44696346,-0.98220805,-0.99966183,-0.64256284,-0.98202928,6,"standing"
-0.20472031,-0.16624134,0.21340483,-0.19008772,-0.94287726,-0.065948772,0.11819121,0.12621332,0.12138221,0.97581013,-0.021121737,0.88051162,-0.30563294,0.32248421,0.88232445,-0.98085083,-0.79636944,0.95620563,-0.33956305,-0.97119044,-0.48493554,-0.975099,-0.22655327,0.44494395,-0.97999214,-0.54212798,-0.97999214,-0.99959774,-0.43825774,-0.97764589,6,"standing"
-0.20425489,-0.16122862,0.20925189,-0.18402628,-0.94686268,-0.070252529,0.13143543,0.1323668,0.12607061,0.97584854,0.038588997,0.88118965,-0.1429607,0.17060995,0.88217726,-0.98330959,-0.79773292,0.95646359,-0.19866075,-0.96821949,-0.31255027,-0.97919398,-0.22607523,0.2538819,-0.9818938,-0.57799319,-0.9818938,-0.99965306,-0.23934366,-0.9847385,6,"standing"
-0.20425489,-0.15813848,0.20962195,-0.18456678,-0.94651809,-0.07004557,0.12891786,0.13207167,0.12607061,0.97618518,0.16671885,0.88103112,-0.095504655,0.12851138,0.88217726,-0.97796551,-0.79747599,0.95640331,-0.16178803,-0.96835639,-0.47344129,-0.97449544,-0.22551196,0.43569054,-0.97628051,-0.30476559,-0.97628051,-0.99947949,-0.43196245,-0.97732826,6,"standing"
-0.20673033,-0.15813848,0.21058625,-0.18598752,-0.94560986,-0.069373912,0.12891786,0.13112225,0.12811196,0.97569062,0.074558537,0.88097463,-0.1520403,0.17210412,0.88210085,-0.97879312,-0.79691045,0.9563818,-0.19239276,-0.9688254,-0.50653492,-0.97161581,-0.22423207,0.48341262,-0.97703814,-0.44805389,-0.97703814,-0.99950482,-0.49305186,-0.96176849,6,"standing"
-0.20644549,-0.15719852,0.20974329,-0.18472128,-0.94642859,-0.071684427,0.12928674,0.13440109,0.12880636,0.97480132,-0.18187742,0.87936096,-0.21737948,0.21849273,0.88210085,-0.9808118,-0.79594126,0.95576759,-0.21927473,-0.96717583,-0.45000659,-0.98172425,-0.22009049,0.45041539,-0.98097309,-0.6203595,-0.98097309,-0.99962673,-0.4891698,-0.9807299,6,"standing"
-0.20644549,-0.15571867,0.20966146,-0.18457418,-0.94652389,-0.071478886,0.13291859,0.13408529,0.12880636,0.97480132,0.015375942,0.87893646,-0.5537088,0.55770121,0.88147923,-0.97924139,-0.79621199,0.95560615,-0.56114473,-0.9673454,-0.31844293,-0.98356861,-0.22164421,0.29199314,-0.98132393,-0.56111501,-0.98132393,-0.99963669,-0.31031701,-0.99110701,6,"standing"
-0.20731751,-0.15623155,0.21002595,-0.1852302,-0.94610176,-0.071097433,0.13291859,0.13363538,0.12595698,0.97627138,-0.14995886,0.88168334,-0.61267506,0.6218015,0.88242798,-0.99059098,-0.79611263,0.95665138,-0.63041408,-0.96758338,0.0013970488,-0.98864277,-0.21905501,-0.0073239121,-0.98975707,-0.55399732,-0.98975707,-0.99984359,-0.055538836,-0.99406207,6,"standing"
-0.20733916,-0.15623201,0.21014286,-0.18542778,-0.94597432,-0.072911795,0.13730397,0.13625522,0.12757855,0.97543251,0.01235357,0.88100087,-0.32365478,0.32717102,0.88242798,-0.9951161,-0.79442509,0.95639164,-0.33055262,-0.96624941,-0.051265462,-0.99355301,-0.2120175,0.020065578,-0.99468622,-0.46774827,-0.99468622,-0.9999315,-0.052597934,-0.99354652,6,"standing"
-0.20675805,-0.15623201,0.20986479,-0.18491589,-0.94630404,-0.072841983,0.13619014,0.13607176,0.12757855,0.97543109,-0.63639835,0.87888967,-0.32705129,0.38621373,0.88187629,-0.9639855,-0.79480711,0.95558845,-0.44654444,-0.96634227,0.002949513,-0.96571808,-0.21544231,0.13442763,-0.96120081,-0.33033077,-0.96120081,-0.99885922,-0.35038565,-0.98696292,6,"standing"
-0.25347179,-0.30057975,0.27505982,-0.27747411,-0.86734936,-0.069176919,0.062556311,0.13009828,0.14719075,0.90738199,0.81697821,0.78724444,-0.39302663,0.38785896,0.87753595,-0.82005947,-0.71583727,0.92004284,-0.38248691,-0.9677451,-0.88563892,-0.83418815,-0.048403442,0.88006646,-0.81440042,-0.92962956,-0.81440042,-0.98105857,-0.88206037,-0.92512748,6,"standing"
-0.25347179,-0.24042066,0.24871587,-0.2420359,-0.90308732,-0.069005512,0.11069718,0.13104646,0.14719075,0.94352754,0.57812982,0.85503169,-0.55297803,0.55036273,0.87753595,-0.93403631,-0.75020712,0.94645939,-0.5475379,-0.96833147,-0.68606765,-0.92522621,-0.091308939,0.65773388,-0.93023128,-0.78049157,-0.93023128,-0.99687943,-0.64935878,-0.96349777,6,"standing"
-0.25524591,-0.236128,0.25473562,-0.25075922,-0.89535443,-0.056905023,0.11018959,0.11364676,0.11731872,0.96104525,0.19952224,0.85535705,-0.54889149,0.55989,0.87752215,-0.96379758,-0.75013692,0.9465983,-0.57096561,-0.97686623,-0.57153165,-0.96218113,-0.11384588,0.54932805,-0.96426593,-0.8243664,-0.96426593,-0.99900355,-0.55567298,-0.97297329,6,"standing"
-0.27121073,-0.23915729,0.26422671,-0.26443597,-0.88285375,-0.057094522,0.11018959,0.11391921,0.10746476,0.96077317,0.045848136,0.84322389,-0.4763047,0.48299522,0.87216173,-0.97616855,-0.73739247,0.94194696,-0.4897262,-0.97677939,-0.56808707,-0.97189607,-0.084921338,0.53550092,-0.97527927,-0.58971281,-0.97527927,-0.99944534,-0.53097259,-0.98712525,6,"standing"
-0.28524314,-0.23915729,0.26655778,-0.26790847,-0.87959043,-0.059696969,0.11908934,0.11772085,0.10981005,0.96077317,-0.085444292,0.84047647,-0.38345101,0.39672533,0.86682123,-0.99075831,-0.732784,0.94089214,-0.40919029,-0.97514635,-0.38841298,-0.98662471,-0.067361472,0.34375967,-0.98964236,-0.66249574,-0.98964236,-0.99984126,-0.3387041,-0.9857247,6,"standing"
-0.27587707,-0.23799182,0.26397353,-0.26414375,-0.88317402,-0.060395993,0.11943977,0.11870658,0.11361168,0.96167933,-0.072703097,0.84276224,-0.033261756,0.085109482,0.86802941,-0.90381767,-0.73581335,0.94177082,-0.13727752,-0.97470612,-0.44760739,-0.90555724,-0.073261404,0.44907986,-0.89795584,-0.63093619,-0.89795584,-0.99380587,-0.4891944,-0.96635231,6,"standing"
-0.27231443,-0.23883848,0.26072766,-0.25919028,-0.88780468,-0.063018786,0.11952059,0.12234792,0.11970751,0.95939286,0.091186895,0.84113467,-0.048544589,0.11349072,0.86802941,-0.89842127,-0.73852162,0.94114463,-0.17949535,-0.97301626,-0.4917877,-0.87718223,-0.078187357,0.46061255,-0.88386707,-0.62206657,-0.88386707,-0.99214043,-0.46266479,-0.90722991,6,"standing"
-0.27231443,-0.2535114,0.26711833,-0.26847617,-0.87874142,-0.061286153,0.115586,0.11990102,0.11970751,0.95788269,0.3206126,0.83532206,-0.077567964,0.16392976,0.86667423,-0.89565638,-0.73110907,0.93890802,-0.2520884,-0.97408993,-0.5466978,-0.89144015,-0.063809577,0.51493248,-0.8883518,-0.65811601,-0.8883518,-0.99269241,-0.51257941,-0.93044138,6,"standing"
-0.29039695,-0.25356306,0.27576811,-0.28127927,-0.86633978,-0.054909003,0.10445083,0.11087944,0.10771235,0.95784653,0.28409909,0.83273634,-0.029910456,0.046777883,0.86388653,-0.94855345,-0.72305124,0.93791233,-0.062947768,-0.97805773,-0.48207019,-0.93917887,-0.055062243,0.45130182,-0.9413423,-0.69833273,-0.9413423,-0.99769835,-0.454506,-0.96316703,6,"standing"
-0.30064187,-0.26428085,0.27896695,-0.28585382,-0.86163227,-0.049728009,0.10043939,0.10340032,0.10324851,0.95504244,0.20174481,0.83082245,-0.056258299,0.062516671,0.86386216,-0.96215747,-0.72132342,0.9371741,-0.068805661,-0.98104125,-0.35341775,-0.94533513,-0.064043814,0.30224971,-0.95560764,-0.40948267,-0.95560764,-0.99857192,-0.29257146,-0.96965886,6,"standing"
-0.30163081,-0.26441745,0.28244585,-0.29080662,-0.8564802,-0.049301967,0.10043939,0.10277565,0.10216332,0.95434876,0.35048109,0.82573742,-0.04156556,0.039729788,0.86360544,-0.98312901,-0.71675787,0.93521177,-0.037988362,-0.98128969,-0.47135321,-0.97860234,-0.056036518,0.41959681,-0.98137506,-0.54531128,-0.98137506,-0.99963819,-0.40122946,-0.98336432,6,"standing"
-0.305091,-0.26441745,0.28119338,-0.28904571,-0.85832963,-0.053390536,0.10251699,0.10868645,0.10241592,0.95434876,-0.046670933,0.82584645,-0.2550119,0.25929077,0.86265659,-0.97296917,-0.71646023,0.93525405,-0.26351769,-0.97896698,-0.20970055,-0.97642965,-0.044943121,0.13548789,-0.97335028,-0.47937813,-0.97335028,-0.99937666,-0.11126016,-0.9881951,6,"standing"
-0.305091,-0.25966817,0.27968316,-0.28693581,-0.86054935,-0.049982685,0.092919449,0.10378838,0.10241592,0.95584408,0.004831053,0.83044995,-0.13290964,0.17131904,0.86296866,-0.9720839,-0.72021822,0.93703084,-0.21045658,-0.98081406,-0.12166725,-0.9673205,-0.060344136,0.047073363,-0.97039502,-0.52448517,-0.97039502,-0.99926426,-0.028444785,-0.98587927,6,"standing"
-0.30250245,-0.25967324,0.28035441,-0.28787694,-0.85956784,-0.04510931,0.092919449,0.096744698,0.096552376,0.95761573,0.32468686,0.83158829,-0.11896364,0.1429123,0.86363411,-0.97983372,-0.72159367,0.93746988,-0.16693805,-0.98353259,-0.27078146,-0.9749526,-0.075765342,0.20318949,-0.97701655,-0.60743412,-0.97701655,-0.99950399,-0.18191988,-0.98801826,6,"standing"
-0.29890032,-0.25967324,0.27742503,-0.28363779,-0.86391814,-0.048822758,0.093011564,0.10209136,0.10050889,0.95761573,0.50434626,0.83333934,-0.23049062,0.24152406,0.86438038,-0.97840953,-0.72387618,0.93814454,-0.25238371,-0.981516,-0.47261525,-0.98029506,-0.071693246,0.42643121,-0.97703268,-0.63224053,-0.97703268,-0.99950459,-0.41394499,-0.98963767,6,"standing"
-0.29432833,-0.25145945,0.2739637,-0.27863446,-0.86902686,-0.053485335,0.10635246,0.10880374,0.10067225,0.95917345,0.38858114,0.8351919,-0.13476153,0.15782152,0.86438038,-0.96500314,-0.72624574,0.93885843,-0.18028256,-0.9789375,-0.63189778,-0.9680032,-0.065971661,0.61444916,-0.9618452,-0.57237564,-0.9618452,-0.99889003,-0.62129612,-0.96060344,6,"standing"
-0.29427683,-0.25082355,0.27322537,-0.27745068,-0.87021101,-0.053493507,0.108696,0.10876615,0.10067225,0.95742799,0.32217749,0.83444041,-0.20868655,0.2446755,0.86430743,-0.9736184,-0.72724288,0.93856888,-0.28130188,-0.97895564,-0.69159867,-0.97240365,-0.069843574,0.67415858,-0.96832442,-0.63377709,-0.96832442,-0.99917911,-0.67693089,-0.93141068,6,"standing"
0.18595914,0.053362978,-0.046300179,0.18798679,-0.9134616,-0.15757349,0.19269224,0.25276508,0.27702785,0.90331366,0.55001184,0.72067464,-0.55026628,0.55204473,0.82585633,-0.78607152,-0.68023082,0.8940333,-0.5536883,-0.87791158,-0.96087787,-0.77307887,0.084530989,0.9632847,-0.76554804,-0.9701743,-0.76554804,-0.97039688,-0.96859186,-0.92335226,6,"sitting"
0.193692,0.23938809,-0.069596887,0.22064432,-0.89004353,-0.14511884,0.22581728,0.23511251,0.26189721,0.89980693,-0.29812682,0.70224441,-0.68033142,0.67743497,0.82570224,-0.96948802,-0.66927073,0.88667256,-0.67427047,-0.89552348,-0.81688325,-0.96585798,0.1118931,0.83124962,-0.96767766,-0.93591607,-0.96767766,-0.99915323,-0.85931042,-0.98629258,6,"sitting"
0.19690594,0.24296681,-0.07432923,0.22637713,-0.88469502,-0.14602725,0.22582657,0.23548233,0.23157685,0.89908635,0.41742128,0.68222172,-0.30280728,0.29964801,0.809934,-0.96141055,-0.66323611,0.87866297,-0.29639424,-0.89542079,0.078676334,-0.95257662,0.11304741,-0.10974318,-0.95175837,-0.48541125,-0.95175837,-0.99835419,0.06727182,-0.98011442,6,"sitting"
0.19906561,0.2508074,-0.077134632,0.2306344,-0.88066515,-0.14865035,0.23482258,0.23939861,0.23157685,0.89904829,0.50043061,0.68000481,-0.17225234,0.20286985,0.80523244,-0.94095129,-0.65760617,0.87777202,-0.23406895,-0.89189754,-0.11099106,-0.93546563,0.13335985,0.13440569,-0.93548595,-0.56994294,-0.93548595,-0.99728221,-0.2214525,-0.97127253,6,"sitting"
0.19935034,0.2539609,-0.078281783,0.23229406,-0.87907037,-0.14485746,0.23296778,0.23420652,0.23152024,0.89904829,0.17257943,0.68347841,-0.32686711,0.33642362,0.80615278,-0.9646537,-0.6600235,0.87916911,-0.34587898,-0.89662908,0.097751622,-0.95430724,0.12667973,-0.13419357,-0.95489965,-0.33585061,-0.95489965,-0.99853109,0.097259572,-0.98188172,6,"sitting"
0.20241371,0.2560925,-0.079228516,0.23358265,-0.87782125,-0.1421572,0.2324787,0.23043763,0.22132929,0.90102118,-0.19405891,0.68470942,-0.57702851,0.5899026,0.80615278,-0.99165588,-0.66155484,0.87966445,-0.6024512,-0.90004315,-0.051270272,-0.98893023,0.12106082,0.044467796,-0.98993835,-0.31868076,-0.98993835,-0.99984727,-0.10365264,-0.99212553,6,"sitting"
0.20522948,0.2564592,-0.08104981,0.23615216,-0.8753083,-0.14219661,0.2324787,0.23050424,0.22046714,0.89930014,-0.2701056,0.68247916,-0.38416612,0.40219378,0.80479813,-0.99271995,-0.65947935,0.87876771,-0.42021955,-0.89998388,-0.0073965661,-0.99144867,0.12649222,-0.019311548,-0.99103024,0.084225469,-0.99103024,-0.99986854,-0.021782225,-0.99772069,6,"sitting"
0.20738004,0.25959744,-0.083101872,0.23907943,-0.87242407,-0.1426397,0.23270068,0.23116029,0.22176649,0.89880297,-0.2349726,0.67994204,-0.21338091,0.22759552,0.8046621,-0.98627567,-0.65675505,0.87774671,-0.24168632,-0.89939947,0.36581509,-0.98352464,0.13423126,-0.32192013,-0.98162734,-0.25201697,-0.98162734,-0.99964521,0.17922232,-0.99249268,6,"sitting"
0.20748734,0.26241099,-0.084165081,0.24057556,-0.87093821,-0.14447842,0.23373745,0.23370706,0.22893507,0.89659537,0.18093975,0.67656311,-0.21562165,0.25415375,0.80273124,-0.96625333,-0.6538226,0.87638592,-0.29321305,-0.89710014,0.36604934,-0.95839764,0.14248259,-0.3106716,-0.9577766,-0.30135708,-0.9577766,-0.998687,0.15597954,-0.97965699,6,"sitting"
0.20748734,0.26248703,-0.083884112,0.24013138,-0.87138058,-0.1474502,0.2352251,0.2377668,0.22932181,0.89600785,0.17443953,0.67293268,-0.033301967,0.084069466,0.80221403,-0.96571983,-0.65131011,0.87492226,-0.1357688,-0.89340865,0.20134157,-0.95195187,0.14930977,-0.15676849,-0.95484059,-0.28333063,-0.95484059,-0.99852952,0.025852585,-0.97180476,6,"sitting"
0.2058873,0.26113508,-0.083263356,0.23913262,-0.87237458,-0.14965028,0.24161258,0.24068514,0.23373343,0.89463673,0.059450195,0.66956645,-0.38230919,0.41053013,0.79996599,-0.96297965,-0.64988656,0.87356387,-0.43871421,-0.89071803,0.17725328,-0.9556654,0.15178342,-0.14642843,-0.95599062,-0.31520961,-0.95599062,-0.99859257,0.031811129,-0.9752378,6,"sitting"
0.20575689,0.26054177,-0.082575786,0.2381478,-0.87334903,-0.1524984,0.24190416,0.2445903,0.23901029,0.89339313,-0.062150497,0.66689481,-0.50162565,0.5288873,0.79939022,-0.97134347,-0.64788174,0.87248471,-0.55634859,-0.88704176,0.43764735,-0.96235658,0.15746874,-0.44965636,-0.96448961,-0.34517987,-0.96448961,-0.99901373,0.36257341,-0.98498259,6,"sitting"
0.2039719,0.26052242,-0.081978101,0.23736703,-0.87412115,-0.15589988,0.24728339,0.24932704,0.24104249,0.89296178,-0.16703394,0.66441288,-0.20705042,0.24139032,0.79800258,-0.98868009,-0.64519688,0.87148142,-0.27620278,-0.88253036,0.42979736,-0.98933962,0.16607611,-0.2716109,-0.98559352,0.098135059,-0.98559352,-0.99974956,0.0043773819,-0.99279727,6,"sitting"
0.20363057,0.25962509,-0.08169833,0.23703251,-0.87445039,-0.15775357,0.25258784,0.2519329,0.24207411,0.89296178,0.16423147,0.66331597,-0.22479999,0.2578718,0.79699196,-0.979869,-0.64366461,0.87103788,-0.29064379,-0.88001408,0.10146275,-0.98021856,0.17127779,0.0053490158,-0.97703035,-0.42311242,-0.97703035,-0.99950457,-0.1956116,-0.98570617,6,"sitting"
0.20338752,0.25962509,-0.08132736,0.23656142,-0.87491377,-0.1568487,0.25029331,0.25073533,0.24207411,0.89308871,0.043005338,0.66553081,-0.1164394,0.16279497,0.79881331,-0.96966859,-0.64496518,0.87193324,-0.20948529,-0.88117077,0.2209519,-0.96057415,0.16852024,-0.13764465,-0.95646276,-0.48928562,-0.95646276,-0.9986178,-0.033268759,-0.96541869,6,"sitting"
0.011730553,-0.05260693,0.097669885,-0.020090041,-0.99650903,-0.086730877,0.13512572,0.15394065,0.18012498,0.9289046,0.21431355,0.86983087,-0.41417563,0.41260215,0.89115478,-0.730231,-0.85721842,0.95204377,-0.41094702,-0.95591181,-0.89158895,-0.7266631,-0.52370385,0.89924248,-0.71524115,-0.79115157,-0.71524115,-0.95696728,-0.91489922,-0.87226115,6,"sitting"
0.015483825,0.0024016795,0.063240998,0.03025983,-0.9948286,-0.09158213,0.1353656,0.16155504,0.16409167,0.9710919,-0.17261998,0.88055881,-0.39532205,0.39727816,0.89115478,-0.92858825,-0.84302379,0.95621217,-0.39900602,-0.95151328,-0.76583148,-0.91481537,-0.46730914,0.74632792,-0.91946118,-0.64630856,-0.91946118,-0.99596775,-0.74188187,-0.95037048,6,"sitting"
0.015483825,0.057507125,0.057866203,0.038065763,-0.9938719,-0.09784549,0.16745545,0.17026656,0.16409167,0.9710919,0.079827887,0.87075798,-0.30795409,0.3247514,0.8797889,-0.968752,-0.83225015,0.95248949,-0.34137167,-0.94637218,-0.38912998,-0.95672105,-0.43063092,0.3351431,-0.96061627,-0.67737733,-0.96061627,-0.99883047,-0.31986772,-0.94787666,6,"sitting"
0.012732507,0.057507125,0.059495186,0.035698819,-0.99440163,-0.095769684,0.16700706,0.16736973,0.16119344,0.97181661,0.058911072,0.87371091,-0.28714663,0.29677826,0.87993977,-0.98217784,-0.83576486,0.95361571,-0.30648788,-0.94825102,-0.50056097,-0.97833635,-0.44263352,0.45342792,-0.9794364,-0.49423203,-0.9794364,-0.99958091,-0.43786867,-0.98065475,6,"sitting"
0.013759998,0.048434653,0.057623639,0.038400324,-0.99381406,-0.096492972,0.1599598,0.16830109,0.16215604,0.97075896,-0.26414993,0.87050058,-0.45983954,0.50554066,0.87993977,-0.67792797,-0.83391467,0.95239098,-0.55165569,-0.94763555,-0.61917299,-0.69376175,-0.43516367,0.60277319,-0.66596805,-0.66683055,-0.66596805,-0.94137807,-0.61161034,-0.8949494,6,"sitting"
0.013759998,-0.025834403,0.078909532,0.0072965305,-0.99629834,-0.084429555,0.12553183,0.15113398,0.16215604,0.97075896,-0.27978583,0.88140409,-0.33875849,0.36785953,0.89074469,-0.71193971,-0.85820379,0.95653278,-0.39731056,-0.95733173,-0.23366364,-0.72591655,-0.52030457,0.17433409,-0.6909637,-0.4443836,-0.6909637,-0.94958302,-0.16447615,-0.89214167,6,"sitting"
-0.0075029555,-0.028224969,0.1111335,-0.039805797,-0.99811024,-0.077577426,0.12553183,0.14175929,0.15995223,0.97465489,-0.24322924,0.89538308,-0.10109655,0.11824564,0.89074469,-0.86617726,-0.86824078,0.96184963,-0.13575102,-0.96290356,-0.082530521,-0.83080935,-0.56179239,-0.0034652695,-0.8412764,-0.50007118,-0.8412764,-0.98591114,0.031393807,-0.94943451,6,"sitting"
-0.071300799,-0.028224969,0.12022908,-0.053171804,-0.99760779,-0.093946227,0.13015864,0.16521091,0.17642846,0.97397003,0.054728602,0.88809329,-0.097937414,0.16727126,0.89042122,-0.95195755,-0.8433031,0.95908363,-0.23822114,-0.94902178,-0.69180109,-0.94486224,-0.48862565,0.67928701,-0.94597066,-0.80133923,-0.94597066,-0.99800392,-0.68735851,-0.9857366,6,"sitting"
-0.065542819,-0.02713158,0.11519177,-0.045782427,-0.99845755,-0.10828805,0.17324039,0.18544607,0.18392982,0.97219401,-0.26767502,0.87570423,-0.12335435,0.1715852,0.88399782,-0.97037841,-0.82502712,0.95437366,-0.22096881,-0.93595515,-0.16725554,-0.96602955,-0.46367957,0.089703066,-0.96676269,-0.41295012,-0.96676269,-0.99911418,-0.065098916,-0.99484078,6,"sitting"
-0.065542819,-0.017331731,0.11165527,-0.040594835,-0.99902008,-0.11314146,0.18965373,0.19224649,0.18430599,0.97219401,0.084565727,0.87079012,-0.13347032,0.16956459,0.87899462,-0.98852792,-0.8190447,0.95250222,-0.20633826,-0.93111076,-0.25640416,-0.98373698,-0.46319452,0.18763671,-0.98519091,-0.28081928,-0.98519091,-0.99974038,-0.16596463,-0.99558185,6,"sitting"
-0.065919897,-0.014064458,0.11172914,-0.040716722,-0.99901187,-0.11231539,0.19098124,0.19119404,0.18430599,0.9722396,0.031432687,0.87381302,-0.22881058,0.2565142,0.88001074,-0.989872,-0.82017421,0.95365449,-0.28470828,-0.93188344,0.30741889,-0.9878258,-0.46346002,-0.41044514,-0.98841402,-0.30895449,-0.98841402,-0.99981539,0.42921499,-0.99689742,6,"sitting"
-0.065835873,-0.014064458,0.11135801,-0.0401792,-0.9990578,-0.11119308,0.19098124,0.18966475,0.18039086,0.97427645,0.14138802,0.8759994,-0.29344506,0.30821159,0.88014685,-0.99439486,-0.82179364,0.95448796,-0.32285949,-0.93301121,0.3180884,-0.99411838,-0.46740338,-0.423808,-0.99294872,-0.31409459,-0.99294872,-0.99990333,0.44527774,-0.99707204,6,"sitting"
-0.062543818,-0.012347778,0.11038841,-0.038763112,-0.99917369,-0.11159366,0.19085014,0.19028095,0.18463737,0.97431248,-0.21932372,0.87677367,-0.25475103,0.26714628,0.88088791,-0.98342946,-0.82140624,0.95478276,-0.27937633,-0.93255797,0.060138181,-0.9822632,-0.46903552,-0.11101854,-0.98205377,-0.22586933,-0.98205377,-0.99965755,0.091148978,-0.9963718,6,"sitting"
-0.060100156,-0.012009838,0.10861839,-0.036171459,-0.99936182,-0.11455433,0.19085014,0.19450773,0.18940726,0.97292017,-0.099005952,0.87515426,-0.34580944,0.36049409,0.88088791,-0.98204021,-0.81757584,0.95416553,-0.37500826,-0.92940039,-0.10334846,-0.97827104,-0.46596608,0.059034796,-0.97943236,-0.33028795,-0.97943236,-0.9995808,-0.074466941,-0.99264558,6,"sitting"
0.91391294,0.94921238,-0.78840074,0.94918555,0.8051431,-0.20448269,0.26748721,0.31552116,0.32982106,-0.43064221,-0.068532534,-0.99232468,-0.93514599,0.9493298,-0.33761682,-0.81013686,0.54393874,-0.40620166,-0.96334966,-0.80896288,-0.80761795,-0.80765078,-0.17772904,0.80932934,-0.80224103,-0.56781311,-0.80224103,-0.97862937,-0.82441615,-0.90464947,6,"laying"
0.90342632,0.94921238,-0.80762899,0.94239383,0.77969549,-0.17417275,0.22075739,0.2702282,0.32031316,-0.41149856,-0.27632931,-0.97990545,-0.730333,0.72964123,-0.35420987,-0.8693801,0.49387127,-0.33783289,-0.72871775,-0.85936274,0.36924581,-0.87867136,-0.18893166,-0.49504165,-0.85535323,-0.60308082,-0.85535323,-0.98816704,0.53377326,-0.92407535,6,"laying"
0.91510212,0.95102994,-0.83849585,0.95487448,0.82637844,-0.13658995,0.1856844,0.21956805,0.25311321,-0.34965911,0.14706576,-0.97827367,-0.62862636,0.62560967,-0.35420987,-0.94224408,0.48502968,-0.32542271,-0.62235964,-0.90819399,0.16911988,-0.92869178,-0.26654246,-0.23085598,-0.92968759,-0.64435395,-0.92968759,-0.99683488,0.21484281,-0.9449381,6,"laying"
0.91987889,0.96952541,-0.87378091,0.96767722,0.87459838,-0.11212881,0.17345468,0.18647215,0.20665757,-0.4018187,-0.18679518,-0.99242201,-0.6441929,0.64125805,-0.38155565,-0.8914894,0.53514906,-0.39477054,-0.63809163,-0.93498344,-0.0050278573,-0.91506943,-0.45356141,-0.03520157,-0.88680191,-0.50365278,-0.88680191,-0.99249858,0.0084988581,-0.95781138,6,"laying"
0.92000014,0.98113078,-0.88811598,0.97238649,0.89251471,-0.10270757,0.17286141,0.17367202,0.17238627,-0.40660199,0.16870094,-0.99891504,-0.90435106,0.90573382,-0.46935397,-0.9607888,0.57089816,-0.44456681,-0.90675936,-0.94412518,0.077679635,-0.95944199,-0.57073091,-0.12805432,-0.95815323,-0.31923431,-0.95815323,-0.99870651,0.10640688,-0.97830226,6,"laying"
0.9213108,0.98582784,-0.8906096,0.97359031,0.89711465,-0.10072645,0.16830234,0.17103748,0.16328002,-0.40660199,0.29869753,-0.99967556,-0.58176738,0.59763741,-0.52147695,-0.97989622,0.57905297,-0.45594196,-0.61338813,-0.94587784,0.13139604,-0.97850764,-0.5963752,-0.13980104,-0.97582477,-0.41449348,-0.97582477,-0.99946409,0.070445832,-0.98136275,6,"laying"
0.92141636,0.98583879,-0.89309299,0.97419916,0.89944494,-0.098090289,0.16621695,0.16739669,0.16328002,-0.40641215,0.084258,-0.99963933,-0.38527983,0.42311938,-0.52143084,-0.98032589,0.57831186,-0.45490568,-0.46165579,-0.94821405,0.10677354,-0.97858167,-0.60245754,-0.13094654,-0.97711175,-0.48672098,-0.97711175,-0.99950716,0.080269591,-0.98547315,6,"laying"
0.92197198,0.98670706,-0.89547214,0.97458691,0.90092944,-0.095717758,0.16536777,0.16408894,0.15529233,-0.41065784,-0.032559281,-0.99971856,-0.42904109,0.44891025,-0.52143084,-0.98955139,0.5801125,-0.45742439,-0.46912815,-0.95033663,0.22741615,-0.98582728,-0.61508644,-0.24424548,-0.98558931,-0.25202175,-0.98558931,-0.99975007,0.17714602,-0.99221432,6,"laying"
0.9220704,0.9867142,-0.89608056,0.97493839,0.90227596,-0.095239195,0.16493882,0.16346077,0.15430586,-0.41258618,-0.38295853,-0.99984377,-0.38404068,0.41823951,-0.52595404,-0.97995361,0.58322629,-0.4617721,-0.45306541,-0.95072891,0.11047358,-0.9760417,-0.62417083,-0.037643156,-0.97536235,0.061091781,-0.97536235,-0.99944796,-0.11732863,-0.9843071,6,"laying"
0.92346044,0.98728319,-0.89798531,0.97538188,0.90397574,-0.093358877,0.15024402,0.16086027,0.15381147,-0.42187188,-0.3246686,-0.99991651,-0.5301259,0.53471097,-0.5302376,-0.95091424,0.58601531,-0.46566957,-0.5391989,-0.95230466,0.097911421,-0.96158915,-0.63740982,-0.095999494,-0.95018728,-0.50790421,-0.95018728,-0.99826227,0.017617345,-0.96808378,6,"laying"
0.92575237,0.98728319,-0.90612944,0.9768125,0.90946661,-0.08498005,0.13954104,0.14920246,0.15381147,-0.42461346,0.015740205,-0.99997392,-0.24887293,0.25068302,-0.53197377,-0.95422309,0.59037832,-0.47176805,-0.25247365,-0.95900984,0.25759451,-0.9615256,-0.67438773,-0.27420228,-0.9535067,-0.56651544,-0.9535067,-0.99845599,0.20401529,-0.97385348,6,"laying"
0.92629142,0.98951999,-0.91308371,0.97875412,0.91692435,-0.077761411,0.13954104,0.13925995,0.13706818,-0.42461346,0.08213209,-0.9999997,-0.3143131,0.33429109,-0.54172269,-0.99133309,0.59304339,-0.47549216,-0.35383834,-0.96467129,0.015480683,-0.98827793,-0.70163447,-0.042723567,-0.98637806,-0.59355451,-0.98637806,-0.9997692,0.0010607425,-0.99082015,6,"laying"
0.92629142,0.99014018,-0.91232954,0.97871888,0.91678863,-0.078545518,0.14024993,0.14036424,0.13631067,-0.4266083,0.061853463,-0.99999964,-0.79783334,0.82985553,-0.54289097,-0.98681415,0.59299302,-0.47542181,-0.86163089,-0.96408496,0.30120572,-0.98485875,-0.699076,-0.3847401,-0.98564035,-0.5703466,-0.98564035,-0.99975142,0.38396506,-0.98850998,6,"laying"
0.96830748,0.65441185,-0.87350197,0.93227999,0.76736632,-0.056314701,0.01591129,0.10545887,0.19494268,-0.47188749,-0.97754766,-0.87212186,-0.99290391,0.99489229,0.37894171,0.10723114,0.43292504,-0.2609835,-0.99650773,-0.97029724,-0.82459987,-0.0017022815,-0.44982762,0.80685892,0.19135893,-0.87731808,0.19135893,-0.28535378,-0.80020678,-0.89071359,6,"laying"
0.96830748,0.99263487,-0.98877646,1,1,0.0010834959,0.015461269,0.029396279,0.085976968,-0.47188749,-0.62018584,-0.99910962,-0.85633878,0.88909911,-0.48855209,-0.88695278,0.59574609,-0.47932923,-0.92183573,-0.99799648,-0.87015353,-0.92322165,-0.88575926,0.87453259,-0.88707247,-0.94597099,-0.88707247,-0.99253713,-0.88818919,-0.92462392,6,"laying"
0.94519506,0.99263487,-0.99179466,0.98483062,0.94040226,0.0069427692,0.015461269,0.020845726,0.015741235,-0.44048338,-0.24302269,-0.99959528,-0.90299749,0.90592935,-0.51079824,-0.96746665,0.58071985,-0.45830275,-0.90852159,-0.99950782,-0.21875132,-0.95645405,-0.96835738,0.14490856,-0.96061966,-0.60572435,-0.96061966,-0.99883067,-0.12056103,-0.95528061,6,"laying"
0.93493413,0.9930369,-0.99507289,0.98634759,0.94625192,0.0075970148,0.009592286,0.019951228,0.015741235,-0.43510184,0.063927621,-0.99979981,-0.48176882,0.47980988,-0.51187455,-0.97620179,0.5901734,-0.47148284,-0.47764805,-0.99954288,0.065383409,-0.96688537,-0.97776304,-0.10502622,-0.97082782,-0.37389368,-0.97082782,-0.99928105,0.072824882,-0.9820017,6,"laying"
0.93493413,1,-1,0.98805104,0.95284619,0.017043408,-0.0055459519,0.0067213375,0.012570849,-0.43510186,0.23228115,-0.99990114,-0.35806878,0.35801909,-0.54451963,-0.96896294,0.59969541,-0.48479869,-0.35789605,-0.99978967,0.25032391,-0.97651039,-0.99097882,-0.31733445,-0.97050832,-0.41252888,-0.97050832,-0.99926867,0.30293339,-0.9801265,6,"laying"
0.9352877,1,-0.99590828,0.98810409,0.95305231,0.025827103,-0.0062871864,-0.0056034893,-0.0024522205,-0.43510186,0.2803848,-0.99990777,-0.23492241,0.26171713,-0.55127801,-0.98652557,0.59959903,-0.48466497,-0.28885516,-0.99971269,0.11278374,-0.98388867,-0.98579019,-0.099624301,-0.98512707,-0.35244352,-0.98512707,-0.99973874,0.008138608,-0.98726231,6,"laying"
0.9352889,0.9998394,-0.99275712,0.98840363,0.95421533,0.029594221,-0.016793037,-0.010895021,-0.017177709,-0.43469433,0.29615719,-0.99991357,-0.3333787,0.3641555,-0.55127801,-0.98392616,0.59938625,-0.48437082,-0.39540312,-0.99944162,0.093477976,-0.98098327,-0.971476,-0.13219874,-0.98326126,-0.22216219,-0.98326126,-0.99969053,0.097348831,-0.99067835,6,"laying"
0.9352889,0.99910065,-0.98728905,0.98763778,0.95124317,0.035392668,-0.025565902,-0.019018,-0.017898666,-0.43478256,0.11890719,-0.99988827,-0.27815821,0.30266426,-0.55173258,-0.98567619,0.60035571,-0.48572114,-0.32769981,-0.9987146,0.12145861,-0.98580551,-0.949254,-0.17532612,-0.98655657,-0.35759087,-0.98655657,-0.99977333,0.15465117,-0.990804,6,"laying"
0.93367768,0.99843235,-0.98180276,0.98668142,0.94753306,0.041376488,-0.028703131,-0.02738529,-0.028516761,-0.43478256,0.35021202,-0.99989853,-0.48320249,0.52865531,-0.55193715,-0.98154949,0.59997385,-0.48517943,-0.57449067,-0.99782724,0.62286161,-0.97584962,-0.9305348,-0.53137468,-0.97784386,-0.55251195,-0.97784386,-0.9995309,0.32055132,-0.99315315,6,"laying"
0.9329625,0.99842677,-0.97981575,0.98631565,0.94611521,0.043519779,-0.028733439,-0.030378577,-0.037038643,-0.43448451,0.2475831,-0.99990413,-0.51356583,0.54380773,-0.55193715,-0.98252063,0.59977902,-0.48490438,-0.57409985,-0.99743623,0.6514876,-0.9776354,-0.9240587,-0.60917131,-0.97776712,-0.46531342,-0.97776712,-0.99952852,0.44959654,-0.98763341,6,"laying"
0.93445171,0.99842677,-0.97952537,0.9868223,0.94807992,0.043859915,-0.028733439,-0.030873919,-0.038764374,-0.43448451,-0.020879751,-0.99990917,-0.39254426,0.40077866,-0.5508431,-0.99162592,0.59955339,-0.48459421,-0.40869181,-0.99736675,0.21513256,-0.98919987,-0.9219557,-0.20785954,-0.99004554,-0.29066222,-0.99004554,-0.99984927,0.11534543,-0.98989454,6,"laying"
0.93455083,0.99905089,-0.98047056,0.98772665,0.95158738,0.042819779,-0.02839994,-0.029446167,-0.035556878,-0.43542648,0.068338337,-0.9999012,-0.17357418,0.17431137,-0.5508431,-0.99410266,0.59981175,-0.48496418,-0.17472627,-0.9975641,-0.155872,-0.99147977,-0.92260345,0.16122694,-0.99095732,-0.22694666,-0.99095732,-0.99986723,-0.22575436,-0.98702712,6,"laying"
0.93455083,0.99933834,-0.98094036,0.98765303,0.95130157,0.042216589,-0.029659448,-0.028596831,-0.035556878,-0.43542648,0.21440164,-0.99988516,-0.43788171,0.4462147,-0.55220243,-0.98236071,0.60045522,-0.48586352,-0.45429389,-0.99768096,0.49749716,-0.97799688,-0.92334349,-0.48795754,-0.97963923,-0.07200284,-0.97963923,-0.99958691,0.37401938,-0.98827778,6,"laying"
0.93381279,0.99884286,-0.97815986,0.98692625,0.94848228,0.045104305,-0.037077308,-0.032624388,-0.035603553,-0.43810164,0.40306992,-0.99987015,-0.4212408,0.46132198,-0.55259277,-0.95936792,0.6009243,-0.486513,-0.50186465,-0.99707701,0.38259271,-0.9545207,-0.91330631,-0.32829343,-0.95318415,-0.18101816,-0.95318415,-0.99843745,0.17569953,-0.98209391,6,"laying"
0.93318612,0.99808173,-0.97133276,0.9864672,0.94670255,0.051998558,-0.056203649,-0.042282939,-0.041181336,-0.44058469,0.35407922,-0.99978628,-0.29882906,0.36880797,-0.55345455,-0.94363825,0.60327334,-0.48979724,-0.44003475,-0.99535035,0.51472552,-0.93796245,-0.8824292,-0.37643631,-0.93415584,-0.44179478,-0.93415584,-0.99718202,0.12465041,-0.96571685,6,"laying"
-0.20824612,-0.18918419,0.22002325,-0.19999936,-0.93589551,-0.012873419,0.021405277,0.04996874,0.065386521,0.97319749,-0.11567199,0.90268054,-0.48057416,0.54372788,0.89779467,-0.55492507,-0.8185578,0.96460134,-0.60604817,-0.995458,-0.47412695,-0.41924281,-0.38722348,0.48294416,-0.41570962,-0.58545982,-0.41570962,-0.82509717,-0.52860764,-0.4173213,6,"walking"
-0.21376767,-0.18844295,0.22824121,-0.21143472,-0.92775182,0.0035615757,0.018979855,0.026179075,0.045298376,0.97181549,-0.26946867,0.88724413,-0.35110856,0.43212471,0.89738157,-0.38253019,-0.81073736,0.95875396,-0.51117588,-0.99894161,-0.41588142,-0.22253583,-0.43098126,0.45804392,-0.22740222,-0.52632581,-0.22740222,-0.69668069,-0.54279291,-0.42654326,6,"walking"
-0.22784175,-0.18844295,0.23035713,-0.21456064,-0.92550778,0.0083720711,0.018979855,0.019251786,0.013971691,0.97181549,-0.28068026,0.88666777,-0.048260256,0.13930819,0.88771775,-0.35731022,-0.8082704,0.95854219,-0.22166824,-0.99962554,-0.090184762,-0.20840424,-0.4414099,0.10572369,-0.21429281,-0.25969075,-0.21429281,-0.68649541,-0.18072019,-0.41211796,6,"walking"
-0.21518871,-0.18719019,0.22559063,-0.20791771,-0.93039272,0.010310463,0.010214182,0.016472547,0.013971691,0.97832028,-0.14817949,0.8968933,-0.23105921,0.30300738,0.89491092,-0.55648129,-0.81533339,0.96242234,-0.37021903,-0.9997227,-0.14181974,-0.41644356,-0.45941457,0.16028008,-0.42717213,-0.49036144,-0.42717213,-0.8317719,-0.23661021,-0.43813959,6,"walking"
-0.20952433,-0.17874488,0.2175643,-0.19643296,-0.93852751,0.0092309942,0.010214182,0.018043133,0.022188607,0.97975727,-0.12999423,0.90849549,-0.24391482,0.31989332,0.89615044,-0.54305012,-0.82684378,0.96680874,-0.39081985,-0.99961129,-0.23350403,-0.43797288,-0.47797123,0.26829871,-0.41255918,-0.57761174,-0.41255918,-0.82323379,-0.35603793,-0.5057677,6,"walking"
-0.20952433,-0.1638048,0.21373245,-0.19101849,-0.94229703,0.0025204503,0.017156595,0.027760122,0.024962706,0.9870566,-0.18130015,0.9151819,-0.099303169,0.18606702,0.89615044,-0.53471206,-0.83145369,0.96933552,-0.26379897,-0.99897783,-0.052006797,-0.44075675,-0.46185151,0.072416221,-0.4073992,-0.57638027,-0.4073992,-0.82008543,-0.15389632,-0.62775238,6,"walking"
-0.2099354,-0.16381868,0.21407545,-0.1912127,-0.94216897,0.0018483843,0.023060981,0.028691203,0.024962706,0.98157929,-0.14223424,0.90804008,-0.29587702,0.36732273,0.89584633,-0.57343144,-0.83083964,0.966638,-0.43502612,-0.9989052,0.15881096,-0.4782864,-0.46402337,-0.14732291,-0.45685742,-0.46505101,-0.45685742,-0.84831715,0.063619035,-0.64438405,6,"walking"
-0.2014381,-0.16381868,0.21150042,-0.18740718,-0.94465561,0.0048819802,0.023060981,0.024305866,0.023564685,0.98157929,0.0092557292,0.90947875,-0.2452084,0.33088248,0.89712017,-0.41958979,-0.83505443,0.96718029,-0.41278104,-0.99928622,-0.13799472,-0.31642863,-0.48503285,0.14050461,-0.31829039,-0.43867682,-0.31829039,-0.76294678,-0.20014063,-0.26084799,6,"walking"
-0.15653713,-0.16511669,0.20628193,-0.17975909,-0.94913236,0.00043146004,0.023106267,0.030721701,0.053258081,0.98398903,0.10437061,0.91256979,-0.086465079,0.20477293,0.89712017,-0.40276016,-0.84174004,0.96834911,-0.31707641,-0.99846065,-0.20471669,-0.26146563,-0.48641096,0.18908011,-0.28672087,-0.67645753,-0.28672087,-0.74089692,-0.22760025,0.096624367,6,"walking"
-0.13988713,-0.16511669,0.1879118,-0.15231253,-0.96364258,-0.006184506,0.022282902,0.040107153,0.053460932,0.98218974,0.022689076,0.90864282,-0.099685714,0.17802418,0.89495046,-0.40074319,-0.86601527,0.96686707,-0.25071718,-0.99727678,-0.21659039,-0.29976303,-0.53871654,0.18124238,-0.28386292,-0.70945592,-0.28386292,-0.73884637,-0.19783775,-0.32958964,6,"walking"
-0.13988713,-0.1824237,0.19548644,-0.16338248,-0.95664046,0.0033922673,0.01078913,0.026361704,0.053460932,0.97993916,-0.13638973,0.90550089,-0.23871604,0.30905722,0.89585775,-0.40099326,-0.85782261,0.96567856,-0.37505525,-0.99847368,-0.42620843,-0.28016013,-0.54766904,0.41653261,-0.25587458,-0.58653767,-0.25587458,-0.71839739,-0.44595747,-0.48149597,6,"walking"
-0.18805428,-0.18755618,0.22370102,-0.20531761,-0.93202777,0.013201881,0.01078913,0.012303789,0.0097322173,0.97352696,-0.13246577,0.90184758,-0.31802025,0.40389227,0.89682313,-0.38043572,-0.81825513,0.96429052,-0.48805708,-0.99988836,-0.47420717,-0.31198614,-0.47402225,0.50628373,-0.23323339,-0.46297514,-0.23323339,-0.70122336,-0.57706216,-0.57608562,6,"walking"
-0.23100483,-0.1880667,0.23018192,-0.21459264,-0.92549072,0.0096113061,0.011415289,0.017482677,0.015240864,0.97035786,-0.15319925,0.89246454,-0.35173757,0.43828204,0.89682313,-0.32965067,-0.80863575,0.96072854,-0.5236526,-0.99967785,-0.094445961,-0.24153216,-0.44184595,0.11728936,-0.16888447,-0.36754954,-0.16888447,-0.64965955,-0.19806417,-0.62772099,6,"walking"
-0.22197232,-0.1880667,0.22851452,-0.21267208,-0.92691295,0.008359907,0.01876014,0.019324211,0.015240864,0.97035786,-0.18831841,0.90386071,-0.26102148,0.34047638,0.90178992,-0.3722208,-0.81093241,0.96503356,-0.41686667,-0.99961597,-0.17259434,-0.28441999,-0.43386246,0.20568091,-0.19644966,-0.23221373,-0.19644966,-0.67227936,-0.29544361,-0.55507379,6,"walking"
-0.21361032,-0.18443476,0.22201379,-0.20333437,-0.93369245,0.0090467465,0.018334455,0.018338655,0.012753369,0.97707774,-0.22892965,0.91300473,-0.25970214,0.33997143,0.90178992,-0.53668021,-0.82039481,0.96850155,-0.41804926,-0.9996743,-0.17642666,-0.38302891,-0.45518481,0.20322976,-0.31121751,-0.24393984,-0.31121751,-0.75816178,-0.28592884,-0.49477645,6,"walking"
-0.22299926,-0.1890431,0.22771236,-0.21153427,-0.92775984,-0.0019557235,0.018869693,0.034256166,0.054224162,0.9799441,0.014458382,0.90407719,-0.2645043,0.33853265,0.89894557,-0.48800122,-0.81052636,0.96513763,-0.40814227,-0.99780555,-0.28276525,-0.38008728,-0.39685298,0.30995182,-0.38016079,-0.61851549,-0.38016079,-0.80354789,-0.38739782,-0.49213895,6,"walking"
-0.2269661,-0.1890431,0.22629729,-0.20964791,-0.92917278,0.0099168598,0.01250231,0.01708287,0.018928651,0.97577666,-0.21162877,0.91019004,-0.42518986,0.49594126,0.89894557,-0.42187479,-0.81427927,0.967447,-0.56472665,-0.9997008,-0.19517577,-0.29694077,-0.44342306,0.21091422,-0.30433532,-0.48043626,-0.30433532,-0.75339027,-0.28009942,-0.4402173,6,"walking"
-0.2269661,-0.191558,0.22926506,-0.21305092,-0.92660986,0.010088249,0.01250231,0.016782005,0.012048973,0.97080756,-0.23867516,0.88934126,-0.3637292,0.43986075,0.89799904,-0.40609362,-0.81000091,0.95953935,-0.51296408,-0.99973083,-0.20043251,-0.31423516,-0.45019165,0.2414366,-0.27758412,-0.45920384,-0.27758412,-0.73436795,-0.33671625,-0.52522767,6,"walking"
-0.23463468,-0.191558,0.23215933,-0.21661488,-0.92394896,0.0096059998,0.01464924,0.017440106,0.012048973,0.97080756,-0.18696557,0.87437654,-0.14275088,0.22279626,0.88363068,-0.41917171,-0.80577556,0.95386829,-0.29387452,-0.99971073,-0.045954921,-0.31551659,-0.44965993,0.067920289,-0.30382366,-0.44286425,-0.30382366,-0.7530582,-0.15088087,-0.5430449,6,"walking"
-0.23168531,-0.18855281,0.23061949,-0.21471499,-0.92540001,0.010315016,0.01464924,0.016438625,0.010238816,0.97268183,-0.22141391,0.88219132,-0.16186411,0.24087323,0.88561568,-0.4157176,-0.80805946,0.95684311,-0.31156687,-0.99976059,-0.18276921,-0.26885983,-0.45177493,0.22130113,-0.28294952,-0.26358279,-0.28294952,-0.7382197,-0.31556901,-0.53560212,6,"walking"
-0.22247695,-0.18846366,0.22592794,-0.20898312,-0.92963313,0.012058314,0.0062073626,0.013974668,0.010238816,0.97624159,-0.27754078,0.90821953,-0.39054606,0.47184427,0.90940491,-0.33380588,-0.8149682,0.96667332,-0.55169839,-0.99981664,-0.14122267,-0.20411441,-0.45400104,0.16221795,-0.18426912,-0.31620202,-0.18426912,-0.66239152,-0.24094823,-0.66477646,6,"walking"
-0.2193069,-0.17927913,0.22082958,-0.20237249,-0.93446863,0.013729938,0.0062073626,0.01158068,0.0062770544,0.97949313,-0.30667496,0.93038915,-0.33192174,0.40442321,0.90940491,-0.36535633,-0.82243755,0.97504046,-0.47542982,-0.99990181,-0.018295862,-0.20327778,-0.4622473,0.0296915,-0.15837374,-0.38392962,-0.15837374,-0.64087479,-0.10327158,-0.60486501,6,"walking"
-0.2193069,-0.17526857,0.22094311,-0.20187029,-0.93482838,0.013382811,0.0079891833,0.012062109,0.006035727,0.9811534,-0.3275948,0.91630024,-0.32951657,0.40740958,0.90820246,-0.46841909,-0.82225689,0.96974089,-0.48234978,-0.99990654,0.017162552,-0.32585272,-0.47353586,-0.0030260171,-0.28994844,-0.41211247,-0.28994844,-0.74326574,-0.076101407,-0.56081885,6,"walking"
-0.21019635,-0.17534886,0.21948754,-0.19915458,-0.9366857,0.011469429,0.010578075,0.014804754,0.016622029,0.9811534,-0.33969246,0.90513927,-0.46807587,0.54402633,0.9011911,-0.43118168,-0.82424955,0.96553997,-0.61839811,-0.99979487,-0.099205374,-0.33549589,-0.4816733,0.12781507,-0.31139862,-0.49752324,-0.31139862,-0.75830644,-0.21854078,-0.65330238,6,"walking"
-0.20921804,-0.17534886,0.21511072,-0.19304946,-0.94088192,0.0055386698,0.017551675,0.023397384,0.023180232,0.97589648,-0.23145423,0.91471444,-0.48223497,0.54630476,0.90761322,-0.43380633,-0.82994805,0.96914039,-0.60974658,-0.99930259,-0.19634381,-0.31795841,-0.46836895,0.24227579,-0.28554167,-0.4336666,-0.28554167,-0.7399527,-0.34495005,-0.63894833,6,"walking"
-0.20921804,-0.17055184,0.21631829,-0.19385242,-0.94035945,0.004519098,0.015167594,0.024767728,0.023180232,0.96535299,-0.20318204,0.8928928,-0.45425067,0.51930421,0.90761322,-0.48613003,-0.82805923,0.96085291,-0.58352311,-0.99922381,-0.056907122,-0.35756129,-0.47846308,0.082450444,-0.32323064,-0.53285307,-0.32323064,-0.76641783,-0.16963456,-0.56222605,6,"walking"
-0.21576794,-0.17066221,0.21944902,-0.19766352,-0.93777639,0.0096826614,0.012803239,0.017292188,0.020280806,0.96535299,-0.24240854,0.87500783,-0.36349086,0.43901406,0.88788278,-0.53366434,-0.82416154,0.95410053,-0.51189521,-0.99968451,-0.032895167,-0.38766072,-0.50107319,0.049642214,-0.38166515,-0.46713051,-0.38166515,-0.80441751,-0.12776659,-0.55069848,6,"walking"
-0.21607714,-0.171883,0.21930109,-0.19801067,-0.93753484,0.01431077,0.0057317874,0.010676279,0.0081858315,0.97180234,-0.1621693,0.88706975,-0.33378837,0.42514422,0.88847464,-0.45831512,-0.82467525,0.95869505,-0.51319649,-0.99991829,-0.13719501,-0.39329237,-0.50747517,0.15328336,-0.35652318,-0.42954992,-0.35652318,-0.78850456,-0.2262224,-0.56780458,6,"walking"
-0.19758689,-0.171883,0.21459264,-0.19132382,-0.94197055,0.014842296,0.0057317874,0.009915559,0.0061703403,0.97609306,-0.14512302,0.89441433,-0.18474914,0.27200626,0.8940111,-0.46578712,-0.83151337,0.9614802,-0.35501881,-0.99993905,-0.2554868,-0.31677092,-0.52226851,0.27862851,-0.31737316,-0.49054535,-0.31737316,-0.76241639,-0.35336815,-0.63599169,6,"walking"
-0.18237316,-0.17279438,0.20214151,-0.171049,-0.9545932,0.0084224174,0.01219965,0.018959664,0.024124605,0.95422685,-0.45405428,0.85167377,-0.59513743,0.65071637,0.88622246,0.10986809,-0.84903421,0.94517586,-0.70460449,-0.99956961,-0.060668734,0.24342502,-0.58605395,0.084471001,0.30220439,-0.31054058,0.30220439,-0.14738707,-0.17515344,-0.7272361,6,"walking_downstairs"
-0.18237316,-0.15840225,0.20413831,-0.17438178,-0.95267793,0.015488197,0.0035568714,0.0089489509,0.012835292,0.95816416,-0.46206438,0.86151324,-0.55205494,0.61503832,0.88617942,0.17033715,-0.84667472,0.94894694,-0.67568291,-0.99991107,0.03779803,0.15621921,-0.59099833,0.035640063,0.34373851,-0.13329346,0.34373851,-0.09272656,-0.18468079,-0.75805701,6,"walking_downstairs"
-0.18924137,-0.15840225,0.20660518,-0.17814494,-0.95047937,0.019429833,-0.0052490589,0.0033387648,7.6569148e-05,0.96083361,-0.51830474,0.86451781,-0.53605528,0.60145208,0.88617942,0.20413436,-0.84311981,0.95009894,-0.66422818,-0.99997301,-0.089118674,0.27956987,-0.58575108,0.11513426,0.363467,-0.48137966,0.363467,-0.065928052,-0.20442066,-0.071392466,6,"walking_downstairs"
-0.18924137,-0.16041539,0.20762485,-0.17891746,-0.94998119,0.025191364,-0.011847786,-0.0048230435,-0.0022630491,0.94120249,-0.45918652,0.84755822,-0.58816798,0.64685118,0.88095437,0.16239234,-0.84132684,0.94357286,-0.70397813,-0.99965302,-0.11598822,0.34072261,-0.57502737,0.15090169,0.36858494,-0.23995862,0.36858494,-0.059042758,-0.24847318,0.11025422,6,"walking_downstairs"
-0.16908584,-0.16041539,0.20460936,-0.17311301,-0.95323473,0.023565935,-0.011847786,-0.0024405879,0.011772963,0.93834288,-0.2823325,0.81526396,-0.56036823,0.61783968,0.88095437,0.20119501,-0.84581995,0.93111456,-0.67408656,-0.9995499,0.20805419,0.44075037,-0.6053423,-0.11388527,0.43450334,-0.39456241,0.43450334,0.03304041,-0.070278549,-0.16338543,6,"walking_downstairs"
-0.16784587,-0.15102494,0.19479494,-0.15873916,-0.96163607,0.014153819,-0.010353545,0.010766832,0.014944931,0.93834288,-0.34793732,0.81187366,-0.50915013,0.57659787,0.8641991,0.20684282,-0.86015131,0.92983232,-0.64181421,-0.99972344,0.21657841,0.43170848,-0.6567772,-0.14740163,0.48977346,-0.36642846,0.48977346,0.1135186,-0.010285099,0.13234645,6,"walking_downstairs"
-0.16784587,-0.13643349,0.19350616,-0.15717166,-0.96258254,0.016169964,0.0015026015,0.0079472572,0.014944931,0.94635981,-0.42924644,0.81963593,-0.41972224,0.49897191,0.8641991,0.21472638,-0.86209212,0.93284983,-0.57337706,-0.99982093,0.089413073,0.46340013,-0.66229638,-0.02110054,0.4180937,-0.2643506,0.4180937,0.0096091717,-0.12605131,-0.62602135,6,"walking_downstairs"
-0.17199255,-0.136307,0.19167192,-0.15412664,-0.96422715,0.017305179,0.0015026015,0.0063518611,0.0042851993,0.94225247,-0.40452735,0.80932152,-0.49397687,0.56449599,0.86324436,0.14724919,-0.86476649,0.92885323,-0.63168708,-0.99994626,0.15763737,0.29620271,-0.68577403,-0.05584395,0.36892738,-0.092125077,0.36892738,-0.058675146,-0.13133222,-0.61905362,6,"walking_downstairs"
-0.1950375,-0.18176353,0.21462527,-0.18700073,-0.94465549,0.020530783,-0.013930649,0.0018305235,0.013808667,0.92538216,-0.54726091,0.80021864,-0.64230134,0.70759392,0.88760073,0.19878525,-0.83147536,0.92525112,-0.77249768,-0.99961745,-0.063305213,0.51915746,-0.58377807,0.1207102,0.48610223,-0.22672891,0.48610223,0.10803814,-0.24720705,-0.65490983,6,"walking_downstairs"
-0.19546318,-0.20478042,0.22916315,-0.20888755,-0.92891068,0.023782588,-0.013930649,-0.0027896599,0.0059521265,0.92538216,-0.45388352,0.81271442,-0.68866287,0.75150449,0.88671521,0.15021766,-0.81027438,0.93004951,-0.81430727,-0.9997024,0.12827346,0.37157156,-0.5214755,-0.050885463,0.41008734,-0.1721667,0.41008734,-0.0016237689,-0.11024455,-0.69595453,6,"walking_downstairs"
-0.22232118,-0.20478042,0.23492113,-0.21991162,-0.92114016,0.017529378,-0.0051997807,0.0060483489,0.0074252225,0.94454425,-0.43106472,0.85909769,-0.68763551,0.73999043,0.88671521,-0.067860081,-0.80211596,0.94800698,-0.79181562,-0.99991741,-0.22001738,0.0336902,-0.46947763,0.25180809,0.14540709,-0.6034182,0.14540709,-0.33905982,-0.33949501,-3.9108551e-05,6,"walking_downstairs"
-0.22232118,-0.20394829,0.22921203,-0.21134326,-0.92781269,0.028221363,-0.029536843,-0.0092421253,0.0074252225,0.95233254,-0.43064936,0.85770233,-0.59012599,0.64621347,0.88226123,0.086694761,-0.80982946,0.94749178,-0.70016123,-0.9989016,-0.28556195,0.22556687,-0.45695505,0.34023069,0.28175418,-0.6409167,0.28175418,-0.17385263,-0.44778372,0.31216331,6,"walking_downstairs"
-0.22678291,-0.20715224,0.23171113,-0.21324429,-0.92641775,0.037916606,-0.029536843,-0.022857511,-0.017418206,0.91658547,-0.45844662,0.82259157,-0.65224836,0.71026496,0.87880555,0.27348334,-0.80472882,0.93391855,-0.76760597,-0.99829456,-0.091607654,0.37760002,-0.45265724,0.15088636,0.47505723,-0.18068205,0.47505723,0.092105084,-0.27663591,-0.21155618,6,"walking_downstairs"
-0.22891161,-0.23100615,0.24864724,-0.23518369,-0.90825678,0.030988187,-0.025171598,-0.012857844,-0.010291916,0.91658547,-0.48551598,0.77061407,-0.59718033,0.65596483,0.86248918,0.16047228,-0.78144715,0.91370703,-0.71334701,-0.9991824,-0.16214167,0.20184639,-0.45866361,0.17231978,0.39743035,-0.065312773,0.39743035,-0.018850924,-0.24107848,-0.13382923,6,"walking_downstairs"
-0.21590889,-0.23100615,0.24934071,-0.23599696,-0.90748596,0.022066384,-0.0098759623,-0.00032657964,0.0015417695,0.91664209,-0.4204734,0.76776669,-0.60187602,0.66151228,0.86944383,0.091399252,-0.78114654,0.91260254,-0.71989384,-0.99982882,-0.15210799,0.10720171,-0.48778809,0.1621916,0.26920315,-0.1480701,0.26920315,-0.18963603,-0.232027,-0.76730673,6,"walking_downstairs"
-0.21210533,-0.21286879,0.22845852,-0.20729677,-0.93045332,0.019281613,0.0013681092,0.0035738331,0.0015417695,0.92878838,-0.45363572,0.8020538,-0.64002772,0.70264357,0.86955635,0.13603332,-0.81146733,0.92599061,-0.76463553,-0.99996903,0.022179032,0.37243537,-0.55040447,0.058314594,0.36289362,0.13562307,0.36289362,-0.066910924,-0.21554793,-0.71756156,6,"walking_downstairs"
-0.22392249,-0.20343606,0.23343305,-0.21652708,-0.92380879,0.01867894,-0.012856928,0.0044089682,0.014741036,0.9523651,-0.56675293,0.8374846,-0.57272046,0.63429828,0.8852855,0.10045294,-0.80426843,0.93972758,-0.69390735,-0.99965488,-0.16125744,0.30654738,-0.47819638,0.21537291,0.31579619,-0.28690206,0.31579619,-0.12983207,-0.33115847,-0.6549318,6,"walking_downstairs"
-0.22693578,-0.20552943,0.24077491,-0.22683822,-0.91577884,0.028769474,-0.015796952,-0.0099447502,0.00064486518,0.94709649,-0.61481183,0.82631838,-0.3734658,0.43861938,0.86693933,0.10022686,-0.7930657,0.93543173,-0.498133,-0.99938306,0.00079825206,0.29145335,-0.44615577,0.072524398,0.33049883,-0.058754117,0.33049883,-0.11030438,-0.21974746,-0.71453212,6,"walking_downstairs"
-0.21529893,-0.20552943,0.23648093,-0.21981739,-0.92102373,0.031871653,-0.022704921,-0.014268577,-0.016681883,0.94060652,-0.5639878,0.81442019,-0.47508743,0.53533027,0.8635614,0.079934719,-0.79889039,0.93082697,-0.59225854,-0.99918666,-0.24737955,0.24322631,-0.46370238,0.25850962,0.26879653,-0.26011054,0.26879653,-0.19028866,-0.32174681,-0.15541483,6,"walking_downstairs"
-0.21529893,-0.20395276,0.23335005,-0.21500955,-0.92480981,0.039279312,-0.040453385,-0.024701511,-0.016681883,0.94060652,-0.35500756,0.81009312,-0.37729471,0.43840878,0.86130467,0.081885934,-0.80209653,0.92915237,-0.4942918,-0.99787608,-0.26223237,0.14656133,-0.45210124,0.26759437,0.23590124,-0.3106221,0.23590124,-0.23146427,-0.32411677,0.30232657,6,"walking_downstairs"
-0.21332106,-0.20395276,0.23326637,-0.21589564,-0.92414188,0.041468413,-0.040453385,-0.027965432,-0.023644162,0.94566998,-0.28332606,0.82839919,-0.47723398,0.53689353,0.87449717,0.1291435,-0.8017271,0.93621646,-0.59294721,-0.99759808,-0.22835338,0.11712722,-0.42738973,0.28757818,0.29150705,-0.2473594,0.29150705,-0.16120183,-0.40450318,-0.01626298,6,"walking_downstairs"
-0.21254784,-0.20220192,0.22486246,-0.20515883,-0.93219525,0.036425839,-0.024887937,-0.020982222,-0.023644162,0.95042276,-0.36769229,0.86258607,-0.58653453,0.64713694,0.88853875,0.15946709,-0.81485223,0.94934078,-0.70578752,-0.99857909,-0.38119275,0.18926247,-0.44996911,0.43667301,0.28929911,-0.18727484,0.28929911,-0.1642612,-0.5388334,0.14571407,6,"walking_downstairs"
-0.21254784,-0.22069196,0.23485832,-0.22025397,-0.92028777,0.037636176,-0.024808392,-0.0228163,-0.026236004,0.95323168,-0.54848033,0.86571664,-0.61008732,0.67406509,0.88853875,0.11667679,-0.8002682,0.95053562,-0.73658895,-0.99839224,-0.20751156,0.058519044,-0.40177814,0.26700459,0.25500517,-0.24148663,0.25500517,-0.20758867,-0.38549015,-0.70847876,6,"walking_downstairs"
-0.24159729,-0.22100726,0.25125863,-0.2421798,-0.9029838,0.032768048,-0.024808392,-0.01567357,-0.011072055,0.935932,-0.55059529,0.82132542,-0.56560854,0.62471044,0.88432792,0.15038939,-0.77745387,0.93344373,-0.68187388,-0.99894811,-0.029974799,0.20987071,-0.39418857,0.09447054,0.34362908,-0.19569115,0.34362908,-0.092910415,-0.23052098,-0.6452393,6,"walking_downstairs"
-0.19695444,-0.27006602,0.24340614,-0.23479495,-0.90467016,-0.021199464,0.027025116,0.062215814,0.085895417,0.94498203,-0.25309431,0.89138172,-0.63419593,0.68888486,0.90488225,-0.10300356,-0.78279276,0.96024849,-0.7434313,-0.99265924,-0.53609327,1.4627496e-05,-0.2683773,0.53928324,-0.011109462,-0.70292376,-0.011109462,-0.50599512,-0.57501536,-0.75618094,6,"walking_upstairs"
-0.25663773,-0.27006602,0.28191339,-0.28890739,-0.85797894,0.0010616918,-0.004543673,0.029816445,0.082397071,0.93659529,-0.29986856,0.82710386,-0.6864506,0.74267932,0.89521077,-0.27643506,-0.73298008,0.93562678,-0.79889325,-0.9968237,-0.50583295,-0.13479155,-0.2388918,0.52576873,-0.16558724,-0.71760308,-0.16558724,-0.64695049,-0.58147627,-0.68130236,6,"walking_upstairs"
-0.31457189,-0.29344987,0.29285636,-0.30278035,-0.84346721,0.024920201,-0.011122306,-0.0045549876,0.013870108,0.93238722,-0.25121467,0.79055223,-0.53919213,0.59636398,0.85256452,-0.31538897,-0.71800894,0.92155307,-0.65136815,-0.99966542,-0.452944,-0.26926636,-0.27709337,0.48471386,-0.21896482,-0.69971401,-0.21896482,-0.69016218,-0.55593847,-0.38475684,6,"walking_upstairs"
-0.31517102,-0.29675943,0.30262374,-0.31705576,-0.82729895,0.026438151,-0.014737447,-0.0067546793,0.0028688688,0.93154928,-0.2152758,0.7820954,-0.51575618,0.5717362,0.85256452,-0.2590761,-0.7037852,0.91824869,-0.62547515,-0.99953688,-0.41553958,-0.23322414,-0.23964354,0.44979688,-0.16871267,-0.60388626,-0.16871267,-0.64955523,-0.52626877,-0.319663,6,"walking_upstairs"
-0.30101254,-0.29675943,0.30109442,-0.3161701,-0.82825753,0.020226153,-0.014737447,0.0021589041,0.0028688688,0.93154928,-0.2971495,0.80004301,-0.53925167,0.59568141,0.87214529,-0.20529907,-0.70623593,0.92521284,-0.65032487,-0.99979057,-0.48571905,-0.16331453,-0.2471227,0.53583587,-0.088794588,-0.50543233,-0.088794588,-0.57972885,-0.624965,-0.39255271,6,"walking_upstairs"
-0.28232346,-0.28884178,0.28119257,-0.28846175,-0.8581723,0.022783898,-0.021321652,-0.0015474925,0.0013241034,0.94588779,-0.27569271,0.83671361,-0.51433055,0.57660508,0.87581017,-0.16340258,-0.73499295,0.9394262,-0.63707525,-0.99971145,-0.45593537,-0.14045076,-0.2893945,0.47401487,-0.066385549,-0.45111396,-0.066385549,-0.55899168,-0.53089627,-0.26054292,6,"walking_upstairs"
-0.28232346,-0.29902569,0.28304051,-0.29053807,-0.85571108,0.033628033,-0.029839214,-0.017183313,-0.0088635433,0.93564527,-0.27488823,0.82577583,-0.54843159,0.60796281,0.87581017,-0.20278206,-0.73147094,0.93518495,-0.66593307,-0.99881823,-0.36104681,-0.17007726,-0.25548373,0.36549544,-0.10733117,-0.53254414,-0.10733117,-0.59655435,-0.41439398,-0.16204761,6,"walking_upstairs"
-0.30167334,-0.29902569,0.29785258,-0.31101294,-0.83401884,0.039275914,-0.031737097,-0.025273752,-0.024570307,0.93564527,-0.41266519,0.79626026,-0.5279701,0.58165609,0.86230546,-0.17238527,-0.70933892,0.92376878,-0.63332579,-0.99806623,-0.31120111,-0.14452758,-0.20021625,0.33024731,-0.070237256,-0.31364729,-0.070237256,-0.56272834,-0.39845057,-0.77526455,6,"walking_upstairs"
-0.30449247,-0.29898197,0.29255274,-0.30233775,-0.8437444,0.042256012,-0.036569102,-0.029419658,-0.029603259,0.9340371,-0.34303982,0.78881564,-0.36451969,0.41893257,0.85327496,-0.17668887,-0.7164889,0.92087866,-0.46896192,-0.99752706,-0.20111312,-0.13009436,-0.21825411,0.21988963,-0.042612876,-0.19741262,-0.042612876,-0.53665586,-0.2949863,-0.57516613,6,"walking_upstairs"
-0.23602826,-0.30997866,0.26758799,-0.27095156,-0.87235524,-0.0029898167,0.00034035041,0.03596297,0.057018096,0.94369394,-0.42404655,0.88325627,-0.7020551,0.75657942,0.90395219,-0.26211317,-0.75303527,0.95714233,-0.81140512,-0.997362,-0.59532482,-0.11584132,-0.24473436,0.60954607,-0.16157665,-0.70146196,-0.16157665,-0.64358212,-0.65294938,-0.70560035,6,"walking_upstairs"
-0.28585479,-0.3102138,0.30558193,-0.32397166,-0.81868006,0.015921898,-0.010593414,0.0083850701,0.046433528,0.92498511,-0.33360936,0.81063893,-0.70416302,0.76279596,0.89767282,-0.21566548,-0.69974279,0.92920754,-0.82176522,-0.99923073,-0.36473627,-0.076202385,-0.19287034,0.39867696,-0.097049787,-0.75363095,-0.097049787,-0.58732704,-0.47928059,-0.67693558,6,"walking_upstairs"
-0.33229036,-0.3102138,0.30986539,-0.32722533,-0.81545405,0.027314,-0.012633457,-0.0080133332,-0.012141358,0.92498511,-0.19507986,0.77066588,-0.55438006,0.60843812,0.84760884,-0.2550143,-0.69324942,0.91377845,-0.66041156,-0.99961386,-0.24851757,-0.025117172,-0.22152149,0.26938918,-0.088091859,-0.60938695,-0.088091859,-0.57912777,-0.34252714,-0.31213672,6,"walking_upstairs"
-0.33229036,-0.31331951,0.31077794,-0.32884516,-0.81348026,0.030030181,-0.019745051,-0.011936091,-0.012810693,0.93041873,-0.12753007,0.77286856,-0.45486452,0.51358754,0.84557871,-0.30786871,-0.69173272,0.91464579,-0.56872321,-0.99933995,-0.33924512,-0.13402528,-0.20497295,0.36137345,-0.17138412,-0.64020685,-0.17138412,-0.65177507,-0.42986342,-0.19291212,6,"walking_upstairs"
-0.3330667,-0.31331951,0.31026709,-0.32789138,-0.81461236,0.034439888,-0.025458517,-0.018261607,-0.020240467,0.93044908,-0.15782427,0.77050825,-0.47851062,0.54565614,0.84343018,-0.30225056,-0.69204878,0.9137214,-0.60947532,-0.99882623,-0.3643787,-0.14922296,-0.19243834,0.40781956,-0.17363164,-0.61285345,-0.17363164,-0.65363959,-0.49744836,-0.54952612,6,"walking_upstairs"
-0.3330667,-0.32840533,0.31548116,-0.33477153,-0.80587737,0.044461851,-0.056016931,-0.032613225,-0.025007602,0.9168358,-0.17419007,0.75585534,-0.52553071,0.58509547,0.84343018,-0.41063362,-0.6831056,0.9079501,-0.64304792,-0.99669738,-0.42944305,-0.22532731,-0.14650386,0.44316118,-0.24113587,-0.59936214,-0.24113587,-0.70728419,-0.49697864,-0.12293366,6,"walking_upstairs"
-0.34304988,-0.32840533,0.32369406,-0.3469595,-0.79110117,0.047760675,-0.056016931,-0.03744225,-0.023545487,0.9168358,-0.23190553,0.74941381,-0.55654482,0.62282764,0.8384559,-0.36753538,-0.67069342,0.90541885,-0.68775312,-0.99602651,-0.40336818,-0.27670075,-0.10536997,0.42269333,-0.23071915,-0.69155929,-0.23071915,-0.69929075,-0.48461544,-0.10620783,6,"walking_upstairs"
-0.33512029,-0.32472127,0.31332391,-0.33187159,-0.80971182,0.039020918,-0.048074057,-0.024816348,-0.020908706,0.92373427,-0.25998277,0.76157042,-0.54753922,0.61185879,0.84417456,-0.30668781,-0.68706329,0.91020735,-0.67408066,-0.99799057,-0.23696323,-0.13223217,-0.17087221,0.27028296,-0.17641016,-0.61604167,-0.17641016,-0.65593625,-0.35807842,-0.72648302,6,"walking_upstairs"
-0.28133417,-0.31875751,0.29229575,-0.30529378,-0.83857419,0.011293717,-0.025973857,0.015104647,0.039580851,0.93229569,-0.2746979,0.83354999,-0.58336658,0.63949757,0.8855111,-0.064379258,-0.71884805,0.93813805,-0.6950359,-0.99861722,-0.49975193,0.038973621,-0.20791961,0.5101565,0.066120763,-0.49744828,0.066120763,-0.4266688,-0.5559465,-0.68370528,6,"walking_upstairs"
-0.32457501,-0.31875751,0.31286711,-0.33375428,-0.80754004,0.035282604,-0.038816071,-0.019650492,0.017945677,0.93229569,-0.34053076,0.7913845,-0.65984865,0.7171274,0.87100242,-0.16831982,-0.68819741,0.92186075,-0.77396422,-0.99814718,-0.43854718,-0.085525387,-0.1508047,0.46194025,-0.061795982,-0.67185892,-0.061795982,-0.55481392,-0.52583871,-0.69413022,6,"walking_upstairs"
-0.34306428,-0.32751631,0.31696243,-0.33850106,-0.80165054,0.046287357,-0.045288507,-0.035445294,-0.038088837,0.92207274,-0.31832124,0.77138328,-0.60250011,0.66026381,0.84922914,-0.28472086,-0.68064891,0.91405246,-0.71650979,-0.99662454,-0.45007696,-0.19470688,-0.11707394,0.47596075,-0.16443328,-0.4643292,-0.16443328,-0.64586202,-0.54131064,-0.21359032,6,"walking_upstairs"
-0.34502482,-0.32883567,0.32687836,-0.35278057,-0.78369094,0.046635334,-0.046416694,-0.035995961,-0.026567916,0.92207274,-0.27046594,0.75875911,-0.53004911,0.58535925,0.8415965,-0.2957909,-0.6663187,0.90910234,-0.63875271,-0.99645267,-0.38946564,-0.217491,-0.086343627,0.41455019,-0.19087273,-0.59690905,-0.19087273,-0.6677728,-0.4829,-0.060723741,6,"walking_upstairs"
-0.34435578,-0.32883567,0.32427701,-0.3497369,-0.78756262,0.032366352,-0.046416694,-0.015424287,0.0053054974,0.92420852,-0.20596639,0.77188532,-0.50423848,0.55391265,0.85065436,-0.23529545,-0.67200601,0.91424881,-0.60101427,-0.99823706,-0.28444558,-0.093608435,-0.13228238,0.32784693,-0.12170585,-0.5569168,-0.12170585,-0.60927813,-0.42301402,-0.33961422,6,"walking_upstairs"
-0.34228122,-0.3228353,0.315634,-0.33602697,-0.80483596,0.029875014,-0.048029749,-0.011733293,0.0053054974,0.91526669,-0.0395517,0.76927956,-0.58017047,0.62592253,0.85065436,-0.2586384,-0.68471988,0.91321212,-0.67022592,-0.99867783,-0.41210892,-0.09065533,-0.18136939,0.423511,-0.13533176,-0.50807012,-0.13533176,-0.62119802,-0.47561108,0.028581951,6,"walking_upstairs"
-0.34082562,-0.30988809,0.31280944,-0.32998933,-0.81226192,0.043433975,-0.048504889,-0.031015391,-0.015787912,0.91526669,0.053437196,0.74861043,-0.58160828,0.63638738,0.84468271,-0.19530285,-0.68712748,0.90509398,-0.69007073,-0.99703346,-0.425816,-0.166524,-0.16925214,0.44210796,-0.060618207,-0.57109208,-0.060618207,-0.55372625,-0.49814308,-0.11571022,6,"walking_upstairs"
-0.34082562,-0.32488798,0.3201691,-0.34081372,-0.79873243,0.043984137,-0.048504889,-0.031869461,-0.032497585,0.91725641,-0.021661146,0.74282365,-0.5253171,0.59085209,0.83352745,-0.15074105,-0.67643636,0.90282132,-0.6544834,-0.99709251,-0.37031357,0.04752628,-0.14194532,0.41641111,-0.0068480381,-0.33948139,-0.0068480381,-0.5017548,-0.50861904,-0.58796008,6,"walking_upstairs"
-0.36052905,-0.3359577,0.33031804,-0.35742024,-0.7777792,0.045592099,-0.040129234,-0.034469787,-0.032497585,0.91725641,-0.16705637,0.75131799,-0.54045661,0.59490502,0.84176397,-0.23196664,-0.66154891,0.90616848,-0.64711525,-0.9967413,-0.36226571,-0.13138186,-0.083463776,0.39136671,-0.11663381,-0.40679428,-0.11663381,-0.60483854,-0.46613294,-0.51428774,6,"walking_upstairs"
-0.13953144,-0.16310158,0.18819706,-0.15340489,-0.96325163,-0.014076221,0.0011319609,0.051665138,0.06757061,0.98026187,-0.13994349,0.92626448,-0.22316613,0.22962599,0.93531883,-0.85582863,-0.86249357,0.97342321,-0.23629122,-0.99468302,-0.81929019,-0.86457847,-0.49102348,0.81053922,-0.83688465,-0.68731689,-0.83688465,-0.98514688,-0.81370077,-0.85512002,6,"standing"
-0.17907226,-0.16331585,0.20743714,-0.18113567,-0.94852345,0.014801316,-0.015779302,0.0099798454,0.057856007,0.98026187,0.05582806,0.90547252,-0.78575942,0.79209468,0.89600568,-0.87991303,-0.84187434,0.96566512,-0.798089,-0.99832304,-0.65265322,-0.89718121,-0.48848025,0.62349206,-0.87910531,-0.66666721,-0.87910531,-0.99153396,-0.61662786,-0.96050888,6,"standing"
-0.19649797,-0.16331585,0.20701483,-0.18092877,-0.94876424,0.025525345,-0.015779302,-0.0054936429,0.014089747,0.98588368,0.0016741441,0.91521275,-0.21911238,0.24303036,0.89600568,-0.94017176,-0.84217787,0.96934696,-0.26745367,-0.99948277,-0.40817965,-0.9389151,-0.50969815,0.35344817,-0.92572279,-0.44621072,-0.92572279,-0.99651073,-0.33605276,-0.96064675,6,"standing"
-0.19649797,-0.15526375,0.20616375,-0.17948265,-0.94971692,0.0039766237,-0.008910383,0.025594243,0.055186474,0.98558396,-0.071522664,0.91061229,-0.096528106,0.15770305,0.89591786,-0.92174919,-0.8425898,0.96761102,-0.22018448,-0.99798503,-0.38808456,-0.93013016,-0.48743583,0.3345412,-0.91128542,0.13313723,-0.91128542,-0.99519811,-0.31982257,-0.9590334,6,"standing"
-0.19582919,-0.15526375,0.20525827,-0.17811651,-0.95055549,-0.013689814,0.026713876,0.051044612,0.05582578,0.98558396,-0.048561289,0.90731743,-0.3127331,0.40157053,0.8927663,-0.74761212,-0.8389944,0.9663679,-0.49163101,-0.99560874,-0.24151188,-0.75493019,-0.44037709,0.17853838,-0.74388347,-0.65251687,-0.74388347,-0.96492682,-0.16380192,-0.9583179,6,"standing"
-0.19582919,-0.16588573,0.20851757,-0.18286397,-0.94746235,0.01207906,-0.054922623,0.013908541,0.05582578,0.98487268,-0.12506996,0.90805563,-0.21631811,0.29824571,0.89285508,-0.76229729,-0.8401647,0.96664667,-0.38112123,-0.99586029,-0.22517568,-0.73324101,-0.43625088,0.21226645,-0.73839307,-0.53642961,-0.73839307,-0.96346268,-0.2524405,-0.86213425,6,"standing"
-0.20344287,-0.16896973,0.21598414,-0.19404521,-0.94022941,0.046774125,-0.055149753,-0.036175903,0.014316009,0.98438515,-0.26693488,0.90527451,-0.10043963,0.19984218,0.89285508,-0.86249668,-0.82482827,0.96559561,-0.30024351,-0.99562854,-0.16683658,-0.8187418,-0.40422954,0.16666739,-0.82864786,-0.37282138,-0.82864786,-0.98372043,-0.2244654,-0.83337847,6,"standing"
-0.20595372,-0.16896973,0.21553239,-0.19335209,-0.94069537,0.044774839,-0.055149753,-0.033282558,-0.025809617,0.98438515,-0.37957958,0.90533996,-0.10017106,0.22312249,0.89286325,-0.89541524,-0.82609045,0.96562043,-0.34767285,-0.9965935,-0.13568904,-0.89136921,-0.41785954,0.10126177,-0.88347292,-0.47524375,-0.88347292,-0.99209166,-0.12471606,-0.93083485,6,"standing"
-0.20335348,-0.16682171,0.21049942,-0.18594536,-0.94559533,0.034860441,-0.025221422,-0.018961423,-0.025370117,0.98559608,0.15075465,0.90983211,-0.11541173,0.18432197,0.89348467,-0.97840907,-0.83577004,0.96731741,-0.25458162,-0.99879034,-0.14998451,-0.96907094,-0.47297725,0.07828798,-0.96575501,-0.6180815,-0.96575501,-0.99907021,-0.061119618,-0.97542117,6,"standing"
-0.20335348,-0.16612386,0.21148598,-0.18741847,-0.94461754,0.0349118,-0.024221201,-0.019040788,-0.025370117,0.98633036,-0.081363319,0.9097517,-0.35952399,0.39736363,0.89348467,-0.98023744,-0.83434469,0.96728711,-0.43549508,-0.99878354,-0.34894612,-0.9734898,-0.46882304,0.2891568,-0.97562562,-0.38047087,-0.97562562,-0.99945734,-0.27055578,-0.96988635,6,"standing"
-0.20769028,-0.16612386,0.21404323,-0.19117627,-0.94217702,0.040215805,-0.032887963,-0.026701542,-0.02695156,0.98609023,-0.051332713,0.90738416,-0.25713541,0.27539734,0.89220697,-0.97266888,-0.82947732,0.96639324,-0.29354323,-0.99785401,-0.57237486,-0.97499898,-0.43986711,0.53461211,-0.97322122,-0.47214487,-0.97322122,-0.99937195,-0.52412935,-0.97147396,6,"standing"
-0.20684615,-0.16544721,0.21127462,-0.18717871,-0.94481669,0.045880813,-0.037441895,-0.034885118,-0.035896294,0.98609023,0.014472727,0.90965279,-0.16320252,0.18663245,0.89384119,-0.98462724,-0.83176384,0.96724964,-0.21038872,-0.99673702,-0.46292766,-0.98106806,-0.42720904,0.42966699,-0.98201218,-0.22946376,-0.98201218,-0.99965632,-0.43171709,-0.96560863,6,"standing"
-0.20684615,-0.15765075,0.21006987,-0.18551197,-0.94591832,0.048424963,-0.038734221,-0.038580143,-0.044300471,0.98713289,-0.14278515,0.91222247,-0.24068237,0.27218478,0.89384119,-0.98702428,-0.8325954,0.96821978,-0.30415961,-0.99612957,-0.33851088,-0.98108248,-0.41999637,0.30635104,-0.98349764,-0.37157337,-0.98349764,-0.9996969,-0.31680854,-0.97310234,6,"standing"
-0.20378201,-0.15765075,0.20969047,-0.18492605,-0.94629084,0.046604514,-0.038734221,-0.03594362,-0.038540582,0.98783478,0.025887367,0.91221602,0.043748962,-0.0098744544,0.89383489,-0.98631964,-0.83375796,0.96821738,-0.024190159,-0.996547,-0.34632018,-0.9817551,-0.42863707,0.30307373,-0.98216151,-0.24904233,-0.98216151,-0.99965979,-0.30233841,-0.96646581,6,"standing"
-0.26037055,-0.33240644,0.28445315,-0.29090576,-0.85222253,0.19502449,-0.32751521,-0.24611402,-0.18394255,0.82056965,0.82391434,0.69297517,-0.78466804,0.78309317,0.86657255,-0.72652445,-0.63092087,0.88194966,-0.78117239,-0.8686944,-0.87131169,-0.77544783,0.25486545,0.86208745,-0.72063908,-0.7994753,-0.72063908,-0.95852283,-0.86118929,-0.9397088,6,"standing"
-0.26037055,-0.24746736,0.25530973,-0.2520072,-0.89424348,0.15340455,-0.23455499,-0.1899189,-0.18393429,0.91781118,0.51646887,0.81436404,-0.6754113,0.6745151,0.86657255,-0.92420608,-0.70287537,0.93077545,-0.67334321,-0.9238989,-0.64014845,-0.91655661,0.092963675,0.61053765,-0.90117242,-0.40681057,-0.90117242,-0.99415398,-0.60398693,-0.93958236,6,"standing"
-0.26385073,-0.24851508,0.26395298,-0.26450168,-0.88260532,0.15641636,-0.21001048,-0.19422439,-0.18393429,0.93657987,0.46528691,0.80058221,-0.30002635,0.32601884,0.86582253,-0.89209621,-0.69024317,0.92544165,-0.35262378,-0.92069434,-0.28827233,-0.91084615,0.12814188,0.31626674,-0.88457364,-0.064447197,-0.88457364,-0.99222933,-0.39611648,-0.95542622,6,"standing"
-0.28778188,-0.25056468,0.27265584,-0.2770797,-0.87056439,0.16469808,-0.2101283,-0.20605103,-0.20097815,0.93650186,0.46088211,0.78103173,-0.11491307,0.12030464,0.84857685,-0.95178004,-0.67275175,0.917842,-0.12589545,-0.91132275,-0.7278319,-0.9613462,0.17928687,0.70661255,-0.95190647,-0.49016999,-0.95190647,-0.99836472,-0.70296108,-0.97526389,6,"standing"
-0.28422356,-0.25056468,0.27024351,-0.2736043,-0.87395422,0.15750855,-0.2101283,-0.1958149,-0.1899271,0.93650186,0.43021236,0.79172655,-0.090712862,0.097986015,0.85362271,-0.95952341,-0.68196934,0.92200969,-0.10548479,-0.91948765,-0.43147341,-0.96217142,0.15051157,0.37565599,-0.95727397,-0.30724622,-0.95727397,-0.99866076,-0.35568176,-0.97951968,6,"standing"
-0.28422356,-0.24398149,0.26539674,-0.26668067,-0.88076132,0.15421572,-0.20214973,-0.19116621,-0.1899271,0.94329736,0.33615087,0.80226496,-0.18115044,0.18705421,0.85362271,-0.97602434,-0.69052622,0.92611884,-0.19310729,-0.92330448,-0.539727,-0.97319907,0.12718969,0.49707023,-0.9711009,-0.20020065,-0.9711009,-0.99929177,-0.48362597,-0.98118042,6,"standing"
-0.28376055,-0.2362398,0.26424657,-0.26507085,-0.8823115,0.16171849,-0.20580302,-0.20189497,-0.1941043,0.94292147,0.18332153,0.79681273,-0.19394945,0.20492103,0.85346229,-0.98461806,-0.68510538,0.92399806,-0.21611225,-0.91475657,-0.38348621,-0.97941146,0.14740792,0.32922651,-0.98163323,-0.47275069,-0.98163323,-0.99964553,-0.31382859,-0.98183119,6,"standing"
-0.28376055,-0.23648779,0.26442231,-0.26528741,-0.88210473,0.16712085,-0.2111216,-0.20954675,-0.21237748,0.94088227,0.16108126,0.79028521,-0.29025033,0.31029034,0.84813647,-0.98937949,-0.67990994,0.92145633,-0.33043283,-0.90841954,-0.43735151,-0.98793816,0.1635545,0.38733565,-0.98835905,-0.60409268,-0.98835905,-0.9998142,-0.37270442,-0.98571724,6,"standing"
-0.28555343,-0.24278039,0.2659227,-0.26740551,-0.88006886,0.16857207,-0.2111216,-0.2115694,-0.21600838,0.93944053,0.14256589,0.78609291,-0.075330917,0.12499323,0.84710416,-0.98979228,-0.67686483,0.91982071,-0.17581271,-0.90670428,-0.55608012,-0.9867433,0.17156591,0.51673643,-0.98803246,-0.3843993,-0.98803246,-0.99980705,-0.5056074,-0.98028316,6,"standing"
-0.28556041,-0.24506148,0.26885026,-0.27166422,-0.87591947,0.16908895,-0.21581048,-0.21233977,-0.21693929,0.93801309,0.15574608,0.78223702,-0.26713676,0.29842368,0.84505408,-0.98693812,-0.67307874,0.91831468,-0.33018241,-0.9060318,-0.2459818,-0.98312227,0.18229341,0.17280721,-0.98614194,-0.41757364,-0.98614194,-0.9997636,-0.14716445,-0.98014706,6,"standing"
-0.28878207,-0.24506148,0.26921189,-0.27227295,-0.87533614,0.17149963,-0.21642681,-0.21583899,-0.2170619,0.93801309,0.26191286,0.78031954,-0.23763123,0.24897828,0.84358327,-0.9871357,-0.67042138,0.91756532,-0.25989541,-0.90298732,-0.47910575,-0.98555416,0.19185564,0.43075688,-0.98790479,-0.35114743,-0.98790479,-0.99980423,-0.41517609,-0.99099142,6,"standing"
-0.28878207,-0.24587747,0.26919134,-0.27223743,-0.87536871,0.17162709,-0.21642681,-0.21601478,-0.22087351,0.93801474,0.28998965,0.78012192,-0.17273057,0.18230232,0.84337943,-0.98692488,-0.67032511,0.91748808,-0.19122009,-0.90284264,-0.32201095,-0.98473367,0.19208038,0.25713853,-0.98711479,-0.26986243,-0.98711479,-0.99978623,-0.23479689,-0.98909791,6,"standing"
-0.28806414,-0.24587747,0.26932148,-0.27240965,-0.87519768,0.17186692,-0.21658438,-0.21634199,-0.22087351,0.93726176,0.40572663,0.7794671,0.20349575,-0.023946599,0.84326639,-0.95364699,-0.66995377,0.91723199,-0.15888489,-0.90255409,-0.37694965,-0.94332203,0.19292995,0.32104315,-0.94130081,-0.54820131,-0.94130081,-0.99769552,-0.30467633,-0.8712523,6,"standing"
0.13115839,-0.063869631,0.0024815441,0.11763397,-0.95616514,-0.024742166,-0.015499664,0.065979324,0.11758253,0.89941017,0.41115586,0.85619583,-0.37969948,0.37495676,0.89047633,-0.69272537,-0.85452513,0.94674592,-0.37009655,-0.98894321,-0.93766844,-0.6721211,-0.48585652,0.93616028,-0.6404533,-0.87367781,-0.6404533,-0.93233371,-0.93889645,-0.91982003,6,"sitting"
0.13115839,0.16922475,-0.02004172,0.15110875,-0.94469779,0.0087366976,-0.001085678,0.018606805,0.08729427,0.96526218,0.011684347,0.86951607,-0.50298796,0.50215454,0.89047633,-0.92668899,-0.83394091,0.95199688,-0.5010131,-0.99797633,-0.78670695,-0.9140289,-0.50856088,0.78296218,-0.9145314,-0.94502857,-0.9145314,-0.9955122,-0.79363693,-0.97633458,6,"sitting"
0.1177289,0.16922475,-0.017642803,0.14685648,-0.94751722,0.020954317,-0.001085678,0.0011760956,-0.0026326341,0.96526218,-0.49866954,0.85394861,-0.056983509,0.11470133,0.87390176,-0.89696708,-0.83784185,0.94606327,-0.17332375,-0.99993573,-0.17002154,-0.87950776,-0.57516551,0.14431697,-0.87796992,0.085308668,-0.87796992,-0.99138189,-0.17398495,-0.95082144,6,"sitting"
0.1177289,0.16904373,-0.017233065,0.14641022,-0.94779989,0.018842978,1.0604009e-05,0.0041763593,-0.0025175754,0.96540753,-0.43564597,0.85753392,0.050715245,0.11898375,0.87370804,-0.90415684,-0.83848775,0.9474363,-0.29194909,-0.99998543,-0.08621967,-0.89027807,-0.58086518,0.091549616,-0.88330208,-0.3063621,-0.88330208,-0.99206565,-0.16047307,-0.94911344,6,"sitting"
0.11919769,0.16904373,-0.017778373,0.14732803,-0.94720995,0.023191093,-0.0067510581,-0.0020164856,-0.0025175754,0.96865075,-0.17986452,0.85998667,-0.34911445,0.45071276,0.87399715,-0.95331352,-0.837532,0.94837547,-0.55322021,-0.99980452,-0.31243903,-0.95028003,-0.56047244,0.27012032,-0.94912054,-0.74967526,-0.94912054,-0.99819989,-0.27266161,-0.96583176,6,"sitting"
0.11919769,0.17175739,-0.019084298,0.14931045,-0.94594744,0.02724069,-0.0067510581,-0.007791302,-0.011894517,0.96847214,-0.37985568,0.86097868,-0.51581991,0.54390513,0.87491585,-0.98097246,-0.83528876,0.9487548,-0.57201992,-0.99964103,-0.39050711,-0.97920886,-0.53981767,0.34122388,-0.9783744,-0.69229737,-0.9783744,-0.99954709,-0.33085654,-0.96702157,6,"sitting"
0.11918653,0.17300535,-0.019338227,0.14960415,-0.94575798,0.027105516,-0.0065238021,-0.0075930828,-0.01424679,0.96700542,-0.15183043,0.85918164,-0.54649915,0.57114706,0.87491585,-0.98401748,-0.83493689,0.94806695,-0.59588475,-0.99965435,-0.31746742,-0.98169161,-0.54087246,0.26395758,-0.98156448,-0.53460124,-0.98156448,-0.99964293,-0.25403075,-0.96693322,6,"sitting"
0.11918653,0.17214032,-0.019233376,0.14931158,-0.94594575,0.025771451,-0.0055860115,-0.0056835258,-0.011664971,0.96700542,-0.12821936,0.85620729,-0.39020061,0.41440435,0.87308201,-0.98700606,-0.83522374,0.94692891,-0.43863044,-0.99973993,-0.22230502,-0.98509943,-0.5489578,0.15336212,-0.98617287,-0.42287334,-0.98617287,-0.99976433,-0.13366112,-0.97620403,6,"sitting"
0.12200824,0.17214032,-0.020128501,0.15060619,-0.94509836,0.027194105,-0.011744281,-0.0077086988,-0.011664971,0.96671673,-0.26201068,0.85553603,-0.28570821,0.30714478,0.87230753,-0.98618645,-0.83378572,0.94667184,-0.32833812,-0.99961279,0.11364168,-0.98414493,-0.54052509,-0.22120091,-0.98481616,-0.39724118,-0.98481616,-0.99973069,0.2588313,-0.97763867,6,"sitting"
0.12200824,0.16728162,-0.019898343,0.15034942,-0.94525507,0.028410281,-0.011744281,-0.0094459549,-0.0047779227,0.96671673,0.14269438,0.85727839,-0.42813591,0.45694676,0.8751534,-0.95693854,-0.83397608,0.94733858,-0.48624811,-0.99950166,-0.11255955,-0.96493816,-0.53529818,0.028344007,-0.9579827,-0.63769214,-0.9579827,-0.9986977,-0.00051477268,-0.98534197,6,"sitting"
0.12076822,0.16508462,-0.015934299,0.14471085,-0.9488492,0.021876166,-0.011729868,-0.00014526142,0.00010091512,0.96732981,-0.26606257,0.86240001,-0.3881241,0.40308293,0.8758127,-0.97103382,-0.8402758,0.94929784,-0.41821851,-0.9997952,-0.39403145,-0.96984942,-0.5670754,0.33612344,-0.96997883,-0.63824572,-0.96997883,-0.99924755,-0.31659478,-0.97344728,6,"sitting"
0.11526929,0.16508462,-0.015226005,0.14370581,-0.94949721,0.021327029,-0.0096154828,0.00063644184,0.00010091512,0.96906485,-0.65451044,0.86333512,0.034977895,0.13745713,0.8758127,-0.91313743,-0.84132657,0.94965565,-0.31304374,-0.99984782,-0.30340801,-0.88933625,-0.57120544,0.24590207,-0.89285193,-0.061345059,-0.89285193,-0.99322563,-0.23270874,-0.97053156,6,"sitting"
-0.077259945,-0.12319087,0.15777133,-0.10803287,-0.9821423,0.1435393,-0.19891238,-0.17353975,-0.1498312,0.93218024,0.34709698,0.86105468,-0.47379148,0.47069471,0.89396907,-0.85088395,-0.80600484,0.94864047,-0.46742744,-0.9355597,-0.95129172,-0.90884265,-0.30742806,0.95180321,-0.85445555,-0.92084531,-0.85445555,-0.98803092,-0.95574314,-0.88068435,6,"sitting"
-0.075417196,-0.092468788,0.12954861,-0.06702747,-0.99462053,0.12625213,-0.17281421,-0.14986928,-0.1498312,0.97656732,-0.032520243,0.90445055,-0.44105941,0.44146274,0.89396907,-0.93983765,-0.84423847,0.96528181,-0.44160726,-0.95204716,-0.8606733,-0.93714499,-0.4500318,0.84817162,-0.93287755,-0.66852836,-0.93287755,-0.99708531,-0.84452231,-0.92141205,6,"sitting"
-0.075417196,-0.061290999,0.12871081,-0.065724409,-0.99531412,0.12208267,-0.14700582,-0.14370916,-0.14520804,0.98339196,0.060869372,0.90220411,-0.11530159,0.15279809,0.89278232,-0.92840167,-0.8501515,0.96443469,-0.19090889,-0.95586858,-0.71008736,-0.92362243,-0.47165964,0.68791968,-0.92049437,-0.3877774,-0.92049437,-0.99606079,-0.68446954,-0.96560355,6,"sitting"
-0.090755393,-0.06957616,0.14267685,-0.08629249,-0.99079559,0.12624969,-0.16322102,-0.14979409,-0.14520804,0.98078006,0.15430139,0.8985519,-0.18157268,0.24112456,0.88964586,-0.9132138,-0.83737359,0.9630522,-0.30174422,-0.95203836,-0.51514853,-0.91452712,-0.40220375,0.48384637,-0.90982103,-0.69445662,-0.90982103,-0.99505541,-0.48439945,-0.97079827,6,"sitting"
-0.1146377,-0.06957616,0.14785348,-0.093961811,-0.98887527,0.13408889,-0.16356155,-0.16109297,-0.15410022,0.9806259,-0.098683245,0.89368339,0.021292444,0.070610485,0.8888786,-0.97022238,-0.82426283,0.96120794,-0.16453043,-0.94498029,-0.34520268,-0.96064315,-0.35473182,0.29343617,-0.96060159,-0.41773151,-0.96060159,-0.99882931,-0.28366503,-0.98628143,6,"sitting"
-0.1146377,-0.06854886,0.14636289,-0.091720843,-0.98953258,0.13496723,-0.16356155,-0.16222497,-0.16651372,0.97935111,0.15579854,0.8909116,0.021899255,0.072918351,0.88574555,-0.96382227,-0.82404997,0.96015691,-0.16870412,-0.94427157,-0.37490672,-0.95304008,-0.35981373,0.35207584,-0.95363276,-0.2873095,-0.95363276,-0.99846183,-0.37121344,-0.98278157,6,"sitting"
-0.11493236,-0.06592689,0.14686453,-0.092452412,-0.98932712,0.13619105,-0.16553065,-0.16395201,-0.16651372,0.97935111,0.24834251,0.88942269,0.0398291,0.056205293,0.88564999,-0.96935043,-0.8221883,0.95959193,-0.15344231,-0.94310766,-0.39276392,-0.96078895,-0.35429871,0.40874334,-0.96322298,-0.23483317,-0.96322298,-0.99895546,-0.46799242,-0.98910372,6,"sitting"
-0.1122157,-0.06592689,0.14638017,-0.091767319,-0.98951671,0.13723339,-0.16553065,-0.16549225,-0.17041269,0.9794657,0.11397986,0.89005244,0.20683675,-0.084146231,0.88552707,-0.98391673,-0.82114334,0.95983093,-0.040156966,-0.94208614,-0.13164776,-0.97698903,-0.35158394,0.088015383,-0.97689528,-0.18972836,-0.97689528,-0.99950013,-0.10209806,-0.98993496,6,"sitting"
-0.11170099,-0.064734228,0.14405669,-0.088356521,-0.99046525,0.13659486,-0.16419465,-0.16458968,-0.17041269,0.98008418,0.37517088,0.89159758,0.27265181,-0.10962027,0.88572311,-0.98057836,-0.82330731,0.96041723,-0.055131298,-0.94269884,-0.1536903,-0.9749584,-0.36213066,0.11575667,-0.97215011,-0.1125009,-0.97215011,-0.99933207,-0.13437461,-0.97962809,6,"sitting"
-0.11095247,-0.059527313,0.14276508,-0.086463781,-0.9909792,0.13628221,-0.16419465,-0.16415718,-0.16652652,0.98065597,0.20189563,0.89260639,0.066309517,0.063240457,0.88635256,-0.97436297,-0.82443682,0.96079985,-0.19400802,-0.94298346,-0.40817392,-0.96776472,-0.36769052,0.39208676,-0.96541413,-0.12379455,-0.96541413,-0.99905502,-0.41517302,-0.98068796,6,"sitting"
-0.11095247,-0.07443768,0.14584835,-0.090963776,-0.9896875,0.13443461,-0.16384005,-0.16146458,-0.16594515,0.9790674,0.081816872,0.89147917,0.01662877,0.092824687,0.88635256,-0.97516052,-0.82503674,0.96037212,-0.20439708,-0.94477411,0.07320993,-0.96879824,-0.36348759,-0.17570561,-0.97096245,-0.17541033,-0.97096245,-0.99928619,0.21016127,-0.98454355,6,"sitting"
-0.11292718,-0.075347817,0.15145403,-0.099207239,-0.98725809,0.1350246,-0.16391677,-0.16233511,-0.16594515,0.97897688,0.12684242,0.88938945,-0.052017555,0.090503946,0.88584614,-0.98097951,-0.82080839,0.95957923,-0.1297689,-0.94419259,0.0053160013,-0.97894268,-0.34030007,-0.10291656,-0.97674186,-0.1673244,-0.97674186,-0.999495,0.13681436,-0.99044457,6,"sitting"
-0.12241951,-0.075347817,0.15232383,-0.10051366,-0.98688111,0.13462232,-0.16391677,-0.16182442,-0.16485951,0.97897688,0.1065538,0.8907218,-0.16569169,0.1882931,0.88611911,-0.98127616,-0.82074547,0.96008474,-0.21108054,-0.94452678,0.18621161,-0.97732935,-0.33714486,-0.29503762,-0.97752972,-0.34640865,-0.97752972,-0.99952043,0.32916803,-0.99015249,6,"sitting"
-0.12241951,-0.074910915,0.15206798,-0.10013878,-0.98700212,0.13553723,-0.16631468,-0.16312621,-0.16485951,0.97882174,0.19018508,0.89009297,-0.090202353,0.10665329,0.88611911,-0.98581074,-0.81976728,0.95984605,-0.12291587,-0.94364425,0.46460657,-0.98171234,-0.33514342,-0.60587238,-0.98069214,-0.26071165,-0.98069214,-0.99961804,0.65514845,-0.9917094,6,"sitting"
0.85134273,0.39344681,-0.59033403,0.75004236,0.19144602,-0.37990948,0.27718088,0.49372868,0.55536816,-0.58185224,-0.92472769,-0.75488136,-0.96147765,0.96189637,0.63187202,0.50279864,0.38408638,-0.20846369,-0.96192547,-0.5161078,-0.40019405,0.46128991,0.34581885,0.3438718,0.58264429,-0.49007403,0.58264429,0.25577209,-0.32578344,-0.82694273,6,"laying"
0.85134273,0.8389242,-0.65952604,0.88672209,0.57986162,-0.33749321,0.44275447,0.49455623,0.55536816,-0.58185224,-0.41950416,-0.98870003,-0.9412569,0.9502872,-0.45782251,-0.70934745,0.6597153,-0.57064457,-0.95907628,-0.52244123,-0.58175748,-0.6766049,0.19158427,0.55136128,-0.66152481,-0.32744768,-0.66152481,-0.93984648,-0.54800322,-0.89234797,6,"laying"
0.84953545,0.89567486,-0.69034151,0.88853,0.58567697,-0.30716031,0.44275447,0.44668428,0.46875479,-0.56503069,-0.29555327,-0.9949396,-0.49221535,0.48869547,-0.58690155,-0.86176597,0.64110571,-0.54271381,-0.48489234,-0.61509187,0.27003339,-0.85478609,0.0039128018,-0.38202675,-0.8442637,-0.68945774,-0.8442637,-0.9864073,0.41298812,-0.91878817,6,"laying"
0.84414464,0.89571618,-0.69407208,0.89133249,0.59548237,-0.30428391,0.44326639,0.4432761,0.43176942,-0.47391926,0.050865947,-0.99774868,-0.83810964,0.85748622,-0.58690155,-0.97633789,0.62780904,-0.5241524,-0.87659446,-0.62118778,-0.40535441,-0.97408091,-0.033276069,0.35770333,-0.96866646,-0.075106511,-0.96866646,-0.99919051,-0.34830125,-0.9868053,6,"laying"
0.84414464,0.90761193,-0.69576691,0.89510032,0.60868794,-0.30251624,0.44137153,0.44233522,0.43152989,-0.4738128,0.10169459,-0.99773312,-0.50743623,0.51054276,-0.58521054,-0.9809232,0.62783029,-0.52433029,-0.51351019,-0.62281155,-0.29597161,-0.97766064,-0.025216111,0.26352427,-0.97622061,0.30362838,-0.97622061,-0.9994776,-0.27713981,-0.98903288,6,"laying"
0.84390159,0.90862169,-0.69746307,0.89503364,0.6084529,-0.30101447,0.44089146,0.43989407,0.43076842,-0.47343801,0.031415091,-0.99823611,-0.55404746,0.55351708,-0.57904473,-0.97515331,0.62347383,-0.5181639,-0.55260384,-0.62701605,0.42877922,-0.96813774,-0.043777719,-0.38087673,-0.96867799,0.64877436,-0.96867799,-0.99919471,0.23449215,-0.98792293,6,"laying"
0.84486739,0.90862169,-0.69789085,0.89509855,0.60868174,-0.30041682,0.44089146,0.43903932,0.42729108,-0.48983201,0.1765968,-0.99786283,-0.53411943,0.52965561,-0.57904473,-0.97895132,0.62603161,-0.52173904,-0.52491324,-0.62848756,0.013804621,-0.97938543,-0.039010594,-0.012422975,-0.97470285,0.11327142,-0.97470285,-0.99942519,-0.05926944,-0.98245743,6,"laying"
0.85034429,0.90863808,-0.69981498,0.89707331,0.61565649,-0.29788395,0.4277369,0.43618767,0.42729108,-0.49034348,0.26976602,-0.99686462,-0.80014891,0.79834457,-0.58362421,-0.96438569,0.63366139,-0.53248034,-0.79621544,-0.63332204,0.06871135,-0.97090081,-0.020612881,-0.12904374,-0.96426491,-0.12227785,-0.96426491,-0.99900328,0.11859456,-0.98356343,6,"laying"
0.85111488,0.90997666,-0.70606964,0.90056507,0.62800718,-0.29177991,0.4248033,0.42825167,0.42622545,-0.49034348,0.61442584,-0.99761283,-0.72144926,0.71947116,-0.57833347,-0.95965567,0.62779591,-0.52424041,-0.71710456,-0.64668993,0.26081791,-0.96939359,-0.048181013,-0.37451184,-0.96248787,-0.33872695,-0.96248787,-0.99892095,0.40774982,-0.98974945,6,"laying"
0.85111488,0.91303122,-0.70643026,0.90099011,0.62950913,-0.29114839,0.4248033,0.42753857,0.4213245,-0.50839078,0.25506243,-0.99696434,-0.51173673,0.50652951,-0.57833347,-0.963381,0.63145167,-0.5293783,-0.50103795,-0.64790546,0.13789505,-0.97466354,-0.039052386,-0.23463345,-0.96684814,-0.44074244,-0.96684814,-0.9991179,0.25906025,-0.98495505,6,"laying"
0.85260839,0.91303122,-0.70447307,0.90086815,0.62907766,-0.29188225,0.42033969,0.42896137,0.4213245,-0.50988056,0.21983464,-0.99460227,-0.63699505,0.63338729,-0.59117255,-0.96066713,0.64645346,-0.55049363,-0.62954509,-0.64552414,0.031367136,-0.95967499,0.0050217557,-0.10664178,-0.95935658,-0.42772225,-0.95935658,-0.99876789,0.11491623,-0.98915758,6,"laying"
0.85579925,0.91360204,-0.71124396,0.90392716,0.63994767,-0.28542753,0.41497547,0.42023054,0.42065216,-0.50988056,0.28542199,-0.99568442,-0.5692736,0.56506249,-0.5890281,-0.94779098,0.63993793,-0.54128279,-0.56055017,-0.65993259,-0.019903975,-0.9594915,-0.027712436,-0.010654885,-0.94965373,-0.34093785,-0.94965373,-0.99823205,-0.025452487,-0.99087487,6,"laying"
0.85605851,0.91781594,-0.71670355,0.90659448,0.64944163,-0.28044126,0.41467208,0.41357999,0.40533658,-0.49260744,0.51985572,-0.99723025,-0.6518403,0.64850035,-0.5890281,-0.97442135,0.63131443,-0.52916194,-0.64484406,-0.67084873,0.20258613,-0.97913481,-0.061547421,-0.29411603,-0.97360789,-0.21592654,-0.97360789,-0.9993859,0.30776236,-0.99165738,6,"laying"
0.85605851,0.91923469,-0.71506807,0.90663904,0.64959982,-0.28127743,0.41467208,0.41509621,0.40588808,-0.50498761,0.35295789,-0.99548124,-0.67568498,0.67516858,-0.58987324,-0.96441311,0.64158565,-0.5436288,-0.67442937,-0.6683912,0.22889988,-0.96160904,-0.029556067,-0.33098995,-0.95871105,-0.18712504,-0.95871105,-0.99873517,0.35493651,-0.97417422,6,"laying"
0.95737044,0.86529518,-0.86028154,0.97967195,0.92299201,-0.12606864,0.11781239,0.20884349,0.34917449,-0.61021874,-0.7300691,-0.98682739,-0.94326174,0.95714073,-0.38075497,-0.6453004,0.65301479,-0.56045598,-0.97084793,-0.90543659,-0.91956406,-0.6949125,-0.3211813,0.91476958,-0.64114566,-0.55108558,-0.64114566,-0.93261144,-0.91526244,-0.7941004,6,"laying"
0.95573749,0.98689899,-0.91907957,0.98343875,0.93520435,-0.069847127,0.11781239,0.12869315,0.17876587,-0.58182738,-0.63912135,-0.99677104,-0.96204841,0.96565977,-0.53705373,-0.84312252,0.61640938,-0.508276,-0.96892753,-0.96934258,-0.57634396,-0.83033625,-0.65021239,0.53979014,-0.83011124,-0.83321692,-0.83011124,-0.98398315,-0.53035176,-0.95121287,6,"laying"
0.93081503,0.98689899,-0.93150218,0.97951175,0.91986389,-0.058423687,0.10230438,0.11208498,0.11130377,-0.44606719,-0.083046249,-0.99979847,-0.82124265,0.8292892,-0.53705373,-0.95975223,0.60000737,-0.48520314,-0.83701316,-0.97746605,0.037769865,-0.9533183,-0.74967301,-0.12390746,-0.95163742,-0.50583326,-0.95163742,-0.9983484,0.14406204,-0.93686582,6,"laying"
0.93083159,0.99246592,-0.93889538,0.98329116,0.9344145,-0.050053334,0.092145334,0.10069295,0.10594497,-0.44635131,0.31096533,-0.99957823,-0.2977001,0.32796671,-0.5561219,-0.95203626,0.6076936,-0.49598071,-0.35885009,-0.98204536,0.3924115,-0.94103504,-0.7531304,-0.4277688,-0.94145903,-0.45535465,-0.94145903,-0.99770639,0.36843575,-0.97220393,6,"laying"
0.93164669,0.99574844,-0.94567687,0.98421056,0.93796695,-0.043047108,0.087410096,0.090908636,0.089892285,-0.44635131,0.29998458,-0.99963212,-0.35797308,0.38998187,-0.55422083,-0.96366789,0.60653958,-0.4943679,-0.42267298,-0.98555083,0.26592021,-0.95491369,-0.77987939,-0.32585744,-0.94962872,-0.52341549,-0.94962872,-0.99822949,0.30310795,-0.96897218,6,"laying"
0.93164669,0.99583512,-0.9483504,0.98426738,0.93818652,-0.040673626,0.087410096,0.087569317,0.086438188,-0.44338773,-0.052960875,-0.99981402,-0.45151343,0.45166143,-0.55255721,-0.97924965,0.60234718,-0.48850115,-0.45162975,-0.98670138,0.083270863,-0.96909986,-0.79992938,-0.14350813,-0.97041507,-0.26773152,-0.97041507,-0.99926499,0.13300895,-0.98123344,6,"laying"
0.93100878,0.99571467,-0.94243554,0.98359014,0.9355678,-0.046880502,0.087909814,0.096246069,0.096106363,-0.43959775,0.0015650208,-0.99982716,-0.40115314,0.40017267,-0.55255721,-0.97494472,0.60211672,-0.48817952,-0.39875058,-0.9836457,0.46378385,-0.96586693,-0.77920208,-0.47325571,-0.96964651,-0.34431309,-0.96964651,-0.9992344,0.3814803,-0.97171002,6,"laying"
0.93025275,0.99571467,-0.94044692,0.98350785,0.93524959,-0.048973271,0.089353002,0.099185401,0.096106363,-0.43959775,-0.10716856,-0.99983094,-0.33274388,0.33452928,-0.55049813,-0.97951442,0.60192397,-0.48791233,-0.3362677,-0.9826226,0.38930933,-0.97390601,-0.77208524,-0.43864155,-0.97411398,-0.40907891,-0.97411398,-0.99940431,0.39875715,-0.98685932,6,"laying"
0.93025275,0.99585709,-0.94712628,0.983605,0.93562498,-0.042189074,0.085400988,0.089643872,0.093960824,-0.43741009,-0.076958693,-0.99991916,-0.39636565,0.41242454,-0.55021971,-0.98325527,0.59905405,-0.4838919,-0.42870525,-0.98595005,0.32546102,-0.97604622,-0.8050481,-0.35604489,-0.9770694,-0.11071868,-0.9770694,-0.99950585,0.29906931,-0.97828832,6,"laying"
0.9312426,0.99585709,-0.94813879,0.98392493,0.9368621,-0.041161653,0.085400988,0.08822525,0.085613956,-0.43228246,-0.069422913,-0.99993409,-0.45414617,0.48184354,-0.55021971,-0.97868634,0.59854252,-0.48317874,-0.50946005,-0.986463,0.32187217,-0.97578419,-0.80934129,-0.33481017,-0.97446651,-0.30682995,-0.97446651,-0.99941688,0.25691078,-0.97272253,6,"laying"
0.93124312,0.9961457,-0.94821798,0.98437455,0.93860047,-0.041138027,0.077802448,0.088228532,0.085613956,-0.43228246,0.072985443,-0.99995158,-0.44274209,0.45485326,-0.54423873,-0.96927317,0.5973113,-0.48146072,-0.46711504,-0.98642722,0.57986222,-0.97108164,-0.81141518,-0.66885971,-0.96874874,-0.46801037,-0.96874874,-0.9991978,0.65449788,-0.97208961,6,"laying"
0.93124312,0.99612117,-0.95362132,0.98415685,0.93775855,-0.035592514,0.077058141,0.080413378,0.084234713,-0.43103394,0.18480804,-0.99998539,-0.4316812,0.43347587,-0.5440709,-0.97876798,0.59501881,-0.47825198,-0.43498674,-0.98887014,0.41688229,-0.97585483,-0.83905925,-0.49765128,-0.97625188,-0.30477545,-0.97625188,-0.99947865,0.48774241,-0.98541473,6,"laying"
0.93048894,0.99601582,-0.95287701,0.98385614,0.93659573,-0.036352188,0.077058141,0.081458233,0.07842152,-0.42956571,0.075387505,-0.99998007,-0.22248294,0.22432478,-0.5440709,-0.98157138,0.59555824,-0.47900475,-0.22604752,-0.98857491,-0.0087395377,-0.98045902,-0.83563639,-0.036616852,-0.97994295,-0.4166823,-0.97994295,-0.99959632,0.018390834,-0.97703647,6,"laying"
0.9306034,0.99599867,-0.9531,0.98381056,0.93641953,-0.036123986,0.073796353,0.081134174,0.07842152,-0.42956571,0.079755256,-0.99998143,-0.15761756,0.15488307,-0.54427415,-0.97703828,0.59542696,-0.47882108,-0.15171794,-0.98865552,0.41981016,-0.97530112,-0.83697928,-0.44200667,-0.97352611,-0.15484969,-0.97352611,-0.9993831,0.36797807,-0.98402507,6,"laying"
0.93168786,0.99599867,-0.9570576,0.98436611,0.93856833,-0.031992041,0.073753101,0.075370863,0.074152422,-0.43379672,-0.21504933,-0.99997139,-0.62674991,0.64063256,-0.54427415,-0.95504347,0.59587171,-0.47944305,-0.65449674,-0.99035424,0.17483841,-0.95163347,-0.84967458,-0.053973649,-0.94504564,-0.35827942,-0.94504564,-0.99794324,-0.15614354,-0.97635003,6,"laying"
-0.23907369,-0.21133258,0.24065018,-0.22988191,-0.91333974,-0.029708313,0.064749337,0.074243634,0.08942632,0.96099704,-0.1172434,0.87546962,-0.41771478,0.49815273,0.89340701,-0.33958448,-0.78328681,0.95425336,-0.57763772,-0.99038745,-0.077457145,-0.29875925,-0.2611083,0.11456067,-0.18873927,0.051104571,-0.18873927,-0.6659943,-0.21574936,-0.68172674,6,"walking"
-0.25571237,-0.21272975,0.24809887,-0.23924926,-0.90561935,-0.021695849,0.056445592,0.062331919,0.058520605,0.95922129,-0.15632212,0.84606286,-0.38095899,0.45166116,0.88128185,-0.34140655,-0.77602025,0.94303434,-0.51952176,-0.99360856,0.05093153,-0.27547591,-0.28907262,-0.0053414672,-0.20667338,0.18452153,-0.20667338,-0.68045032,-0.1093056,-0.62229374,6,"walking"
-0.24092135,-0.21272975,0.24406255,-0.23316516,-0.91058757,-0.01829757,0.053861099,0.057389697,0.057435691,0.95922129,-0.26332889,0.84661197,-0.33751917,0.40721785,0.8794588,-0.36759021,-0.78285944,0.94324494,-0.47239263,-0.99467435,-0.0057607611,-0.25800965,-0.31839572,0.041936617,-0.20387195,0.042725593,-0.20387195,-0.67813011,-0.14693472,-0.56166223,6,"walking"
-0.24092135,-0.208787,0.24004155,-0.22768885,-0.91515314,-0.016632384,0.053861099,0.055074349,0.049086683,0.95994039,-0.28460527,0.85671776,-0.4634898,0.53351439,0.8801999,-0.37345468,-0.78907899,0.94711648,-0.60181948,-0.99515451,-0.092962915,-0.29678852,-0.33200927,0.13277488,-0.17708351,0.32904064,-0.17708351,-0.65648779,-0.23660271,-0.6027054,6,"walking"
-0.24250255,-0.208787,0.24347805,-0.23364025,-0.9102995,-0.015124579,0.046909973,0.053135411,0.04761188,0.959819,-0.23967529,0.87086053,-0.43088135,0.50664327,0.89505124,-0.33777097,-0.78468652,0.95249913,-0.58191762,-0.99551146,-0.090614944,-0.20824082,-0.31067805,0.13608359,-0.143812,0.56454121,-0.143812,-0.62826913,-0.24503823,-0.62577938,6,"walking"
-0.24901587,-0.20823575,0.24424303,-0.23572392,-0.90860928,-0.012436534,0.046909973,0.049459184,0.047059943,0.959819,-0.14797371,0.88756677,-0.36030447,0.4341297,0.89505124,-0.44595873,-0.78437876,0.95885948,-0.50712224,-0.99616731,-0.053036479,-0.30859868,-0.30261216,0.07733035,-0.20661485,0.44203471,-0.20661485,-0.68030708,-0.1642119,-0.60472521,6,"walking"
-0.23127967,-0.20823575,0.23895887,-0.22751616,-0.91523328,-0.014684274,0.047015495,0.052590936,0.054136671,0.97036071,-0.20255774,0.88320404,-0.24080582,0.32300503,0.89500048,-0.50341339,-0.79122263,0.95721743,-0.4019011,-0.99555515,-0.27604686,-0.32571086,-0.31969058,0.30953257,-0.31425284,0.1877458,-0.31425284,-0.75972272,-0.39349982,-0.6239577,6,"walking"
-0.22345119,-0.19740011,0.22931077,-0.21273459,-0.9267499,-0.015353991,0.047509023,0.053362832,0.054136671,0.97036071,-0.23966341,0.87802096,-0.14779433,0.23337755,0.88716294,-0.45645818,-0.80464148,0.9552539,-0.31182268,-0.99542162,-0.36176147,-0.33673624,-0.36154483,0.40061113,-0.30128917,0.10776023,-0.30128917,-0.75125762,-0.48500546,-0.55005509,6,"walking"
-0.22345119,-0.1872593,0.22673305,-0.20925203,-0.9294541,-0.014543739,0.047509023,0.052257693,0.050161729,0.97343206,-0.19474742,0.88568271,-0.17107203,0.25052147,0.88716294,-0.381935,-0.80854475,0.95816978,-0.32323476,-0.99565621,-0.071759989,-0.33149123,-0.36834806,0.090079438,-0.23733428,-0.0083645514,-0.23733428,-0.70438143,-0.16963687,-0.57263876,6,"walking"
-0.23139162,-0.19100524,0.22987092,-0.21384646,-0.92605392,-0.01326019,0.041384526,0.05042129,0.050161729,0.97281013,-0.19833835,0.88373928,-0.11593845,0.19300575,0.88620816,-0.28475132,-0.80452539,0.95743166,-0.26161757,-0.99594455,-0.055841928,-0.20308516,-0.36219771,0.1125446,-0.1647458,0.00606367,-0.1647458,-0.64617696,-0.23444583,-0.56349895,6,"walking"
-0.23199524,-0.20885533,0.23599769,-0.22306786,-0.91875149,-0.012670056,0.041384526,0.04964846,0.047606343,0.97227849,-0.1630562,0.88398048,-0.47561383,0.54492151,0.89569229,-0.32198763,-0.79602459,0.95751789,-0.6122752,-0.99610092,-0.16391262,-0.25402647,-0.33905517,0.20348517,-0.20106258,-0.070279463,-0.20106258,-0.67598257,-0.30181253,-0.53384013,6,"walking"
-0.23106709,-0.20885533,0.23856474,-0.22767698,-0.91511963,-0.011931025,0.043549114,0.048766193,0.047606343,0.97227849,-0.15017575,0.8975025,-0.48715486,0.55785729,0.89716811,-0.50427181,-0.79259278,0.96264047,-0.62771171,-0.99625846,-0.22626982,-0.38695385,-0.31904564,0.25996294,-0.36405927,-0.29978743,-0.36405927,-0.79335585,-0.34885083,-0.52286795,6,"walking"
-0.22392649,-0.20758545,0.22968572,-0.21386828,-0.92579658,-0.013299311,0.043549114,0.05054416,0.055039708,0.9695159,-0.24134019,0.88956729,-0.33574244,0.42503657,0.89716811,-0.5120523,-0.80477514,0.95962542,-0.51243361,-0.99587842,-0.21617302,-0.33806185,-0.35759167,0.24959998,-0.33092936,0.0020846337,-0.33092936,-0.77160716,-0.33861564,-0.47737605,6,"walking"
-0.22081015,-0.17890031,0.22301765,-0.20270085,-0.93423837,-0.01598039,0.048863248,0.054020219,0.055039708,0.96602207,-0.29126422,0.86541198,-0.14788393,0.24320041,0.88367787,-0.37927942,-0.81328131,0.95044539,-0.33315941,-0.99530869,0.11099081,-0.14397912,-0.39628246,-0.1068187,-0.15594944,0.13388911,-0.15594944,-0.63883362,0.032510077,-0.48744487,6,"walking"
-0.22950718,-0.21791295,0.24613075,-0.23752679,-0.90687899,-0.0037516784,0.022117675,0.036751248,0.06737536,0.96445372,-0.18725759,0.87107175,-0.38666357,0.46917697,0.88592692,-0.46333579,-0.78374039,0.95260123,-0.5498119,-0.99750317,-0.33610976,-0.3882586,-0.34370699,0.38622591,-0.32910018,-0.031391252,-0.32910018,-0.77031847,-0.48554647,-0.42437585,6,"walking"
-0.25357794,-0.21791295,0.24772098,-0.23997611,-0.90497186,-0.0037902073,0.022117675,0.036828828,0.038967635,0.96445372,-0.36405468,0.87185412,-0.28649407,0.37162683,0.88477631,-0.33480757,-0.78145006,0.95289906,-0.45285954,-0.99784342,-0.070492235,-0.20596595,-0.33627555,0.11817074,-0.19096686,0.016739865,-0.19096686,-0.66782525,-0.22890617,-0.44789624,6,"walking"
-0.24707128,-0.21080938,0.24231961,-0.23246519,-0.91130157,-0.0034792626,0.026842498,0.036421285,0.038967635,0.97332072,-0.34479484,0.88314679,-0.20684126,0.29815367,0.88490373,-0.36840224,-0.78926414,0.95720664,-0.38338488,-0.99794706,-0.09871277,-0.26046018,-0.34947811,0.13775292,-0.22496235,-0.13345177,-0.22496235,-0.69483574,-0.23782324,-0.55088539,6,"walking"
-0.24707128,-0.20712233,0.24178782,-0.23099264,-0.9125263,1.5107267e-05,0.026842498,0.031286341,0.030895564,0.96626238,-0.34045343,0.87188929,-0.32419392,0.40507842,0.88490373,-0.35397573,-0.79066991,0.95291418,-0.48161851,-0.99863601,0.0021157531,-0.2364841,-0.37545205,0.037706833,-0.20517974,-0.27402369,-0.20517974,-0.67923333,-0.1446974,-0.69815588,6,"walking"
-0.24941725,-0.23566786,0.25044785,-0.24344848,-0.90171733,-0.0028837212,0.027136453,0.035459755,0.030895564,0.96559685,-0.32250134,0.86115861,-0.32857761,0.40454613,0.87905378,-0.34531993,-0.77770549,0.94882154,-0.47617761,-0.99820496,-0.16614269,-0.22897256,-0.33834503,0.20706571,-0.18411426,-0.025578562,-0.18411426,-0.66212178,-0.30734297,-0.62938772,6,"walking"
-0.25826339,-0.24025741,0.26096301,-0.2588491,-0.88800344,-0.0026813765,0.033202957,0.035205506,0.030603207,0.95929374,-0.23620213,0.85297402,-0.29460301,0.37468485,0.87905378,-0.46373962,-0.76262119,0.94568356,-0.45012184,-0.9982527,-0.32334058,-0.35548835,-0.30323639,0.35405513,-0.33039201,0.28444625,-0.33039201,-0.77121283,-0.43297722,-0.62915387,6,"walking"
-0.26051917,-0.24025741,0.25879423,-0.25470069,-0.89176687,-0.0055683325,0.034272431,0.039221686,0.041223566,0.95488216,-0.2533237,0.83910712,-0.18667956,0.26873742,0.87304075,-0.42222377,-0.7652039,0.94036138,-0.3446242,-0.99769936,-0.26851515,-0.3428592,-0.31400462,0.30944892,-0.28100059,0.33014025,-0.28100059,-0.73684689,-0.40224981,-0.5729641,6,"walking"
-0.25270953,-0.22438164,0.24902703,-0.24060818,-0.90439304,-0.0080675673,0.037923102,0.042792254,0.041223566,0.95488216,-0.31561694,0.84874741,-0.35570615,0.43317904,0.88425154,-0.35957953,-0.77866468,0.94404728,-0.50865277,-0.99723209,-0.17184227,-0.26687461,-0.33564587,0.21010404,-0.17986827,0.39754726,-0.17986827,-0.6587837,-0.30529962,-0.51158494,6,"walking"
-0.25270953,-0.21099187,0.24511752,-0.23609877,-0.9082951,-0.0090050243,0.040271974,0.044332552,0.041314522,0.95938357,-0.32119686,0.8718936,-0.40188359,0.47574404,0.88482424,-0.35402719,-0.78402881,0.95290908,-0.54795913,-0.99700779,-0.13886349,-0.16174857,-0.3267352,0.17753374,-0.16163077,0.18658854,-0.16163077,-0.6434946,-0.2734938,-0.50532775,6,"walking"
-0.25065185,-0.20925205,0.24387552,-0.23426498,-0.90982618,-0.0015194035,0.014592102,0.033530711,0.041314522,0.9681313,-0.25912802,0.87385113,-0.35687249,0.43429708,0.88482424,-0.36765739,-0.78740063,0.95366499,-0.50838758,-0.99803897,0.016663761,-0.27709408,-0.35912478,0.018212815,-0.23370695,-0.15980714,-0.23370695,-0.70142835,-0.11871743,-0.52230837,6,"walking"
-0.24647884,-0.20524351,0.24116588,-0.22982886,-0.91348753,0.0063171171,0.014592102,0.022186143,0.031458337,0.96517273,-0.15358021,0.86855281,-0.38287265,0.46133781,0.88287149,-0.41923557,-0.79244023,0.95164338,-0.53752504,-0.99933868,0.11202368,-0.26609502,-0.40537247,-0.080285942,-0.24409111,0.09303935,-0.24409111,-0.70922783,-0.023842698,-0.47502909,6,"walking"
-0.24647884,-0.20889668,0.24243457,-0.2310982,-0.9124177,0.0021796206,0.014605356,0.028080892,0.032099966,0.96022097,-0.28100946,0.85699132,-0.30885647,0.38883641,0.88287149,-0.48366988,-0.7900791,0.94721672,-0.46552422,-0.99891501,-0.13575782,-0.36721953,-0.39468644,0.16298339,-0.25467756,0.45822903,-0.25467756,-0.71741364,-0.24883318,-0.60938548,6,"walking"
-0.24032717,-0.20889668,0.24267909,-0.23106225,-0.91243368,-0.0070428963,0.030962408,0.041249175,0.046491134,0.96022097,-0.36742277,0.84859774,-0.18150274,0.27071028,0.87579622,-0.49124643,-0.78798147,0.94401004,-0.35401657,-0.99729466,-0.23445238,-0.32626979,-0.36576374,0.2595169,-0.30401436,0.41468248,-0.30401436,-0.75312685,-0.33719524,-0.57882974,6,"walking"
-0.2381001,-0.20346666,0.23691803,-0.22347588,-0.91856585,-0.012627755,0.04482841,0.049390477,0.050493299,0.96278536,-0.40567283,0.86616447,-0.16386535,0.26607502,0.88552392,-0.38596197,-0.79473117,0.9507258,-0.36488468,-0.99617196,-0.043254856,-0.18003233,-0.35169729,0.073584294,-0.11062133,0.14752898,-0.11062133,-0.5993839,-0.16708402,-0.60992963,6,"walking"
-0.20588032,-0.18408956,0.2179077,-0.19060943,-0.94247487,-0.0028823927,0.0098056338,0.034485678,0.043397435,0.9047945,-0.652511,0.77483888,-0.63044669,0.69756522,0.88092469,0.18760351,-0.82436681,0.91524553,-0.76449952,-0.99797876,-0.024498834,0.54098023,-0.549003,0.066190705,0.50449849,0.040513766,0.50449849,0.13604225,-0.17786363,-0.53856185,6,"walking_downstairs"
-0.20734416,-0.17826125,0.22139606,-0.19489005,-0.93960808,0.0078282315,0.0097973771,0.01951077,0.031975376,0.9047945,-0.46293526,0.76046253,-0.71778539,0.77615024,0.87012138,0.33827534,-0.82116278,0.90963583,-0.83470294,-0.99934825,0.28471525,0.55467755,-0.5881796,-0.13524303,0.56179806,-0.17855576,0.56179806,0.22297802,-0.11173181,-0.53760871,6,"walking_downstairs"
-0.20340513,-0.17827813,0.22033273,-0.19575983,-0.93895025,0.00046488255,0.0097973771,0.030061515,0.047888597,0.9125275,-0.41649214,0.80818995,-0.68469771,0.73830983,0.87012138,0.19818925,-0.82159366,0.92835203,-0.79165627,-0.99814571,-0.14174653,0.30730364,-0.52163516,0.15055145,0.44431974,0.32704576,0.44431974,0.047155976,-0.2181145,-0.033567244,6,"walking_downstairs"
-0.20340513,-0.2164138,0.23047596,-0.21118152,-0.92702194,-0.011153535,0.032326157,0.046635037,0.047888597,0.94227515,-0.59431253,0.81637163,-0.42704141,0.49007345,0.86389377,0.090075112,-0.80430241,0.93158333,-0.54864018,-0.99658178,-0.36118831,0.15206641,-0.42925659,0.36830423,0.31904986,0.51132632,0.31904986,-0.12346344,-0.41998598,0.34787243,6,"walking_downstairs"
-0.21923692,-0.2164138,0.24075607,-0.22650366,-0.91571053,-0.0043792206,0.018874019,0.037162086,0.047520741,0.93944771,-0.42920954,0.81968793,-0.52596429,0.59170908,0.87634987,0.028105469,-0.79132263,0.93284412,-0.65532314,-0.997795,-0.098572738,0.23151025,-0.41053552,0.13864074,0.31675634,0.54575488,0.31675634,-0.12745116,-0.24426551,-0.066926074,6,"walking_downstairs"
-0.19907727,-0.21618495,0.2242681,-0.20297348,-0.93306886,0.0028072076,0.015733835,0.026953902,0.031549379,0.93944771,-0.34656501,0.8370968,-0.56860663,0.62673431,0.87793187,0.21311597,-0.81634428,0.93955661,-0.6835542,-0.99893865,0.0065895928,0.35313406,-0.4888037,0.050831575,0.43570598,0.3467824,0.43570598,0.034659485,-0.18205209,0.0014255385,6,"walking_downstairs"
-0.19907727,-0.20505424,0.22576432,-0.2035982,-0.93267742,0.0039512222,0.015236825,0.025169947,0.02971756,0.92208225,-0.44188394,0.80636993,-0.61444338,0.68070923,0.87793187,0.15411532,-0.81436409,0.92760955,-0.74603133,-0.99909526,-0.013084447,0.44773103,-0.51484752,0.029676768,0.40623079,0.28239757,0.40623079,-0.0068798433,-0.11579989,-0.48227487,6,"walking_downstairs"
-0.21774816,-0.20505424,0.23730353,-0.21811142,-0.92255001,0.0042348572,0.015188911,0.024599028,0.027000694,0.92208225,-0.46306398,0.76260259,-0.51481368,0.5900412,0.84851975,0.11241196,-0.79776478,0.91060704,-0.66272458,-0.99920517,0.023632964,0.38792519,-0.50965554,0.019699259,0.38931615,0.16811867,0.38931615,-0.030647044,-0.13712382,-0.40721772,6,"walking_downstairs"
-0.2305121,-0.2414362,0.25311226,-0.24188146,-0.90229794,0.018324253,-0.011333983,0.004922322,0.021147698,0.9073293,-0.59239019,0.77345378,-0.54786576,0.61805968,0.88121895,0.20925494,-0.77576312,0.91469639,-0.6876016,-0.99942412,-0.15407388,0.46214775,-0.44556694,0.19377289,0.55197419,0.39601024,0.55197419,0.20799243,-0.29447566,-0.26616656,6,"walking_downstairs"
-0.25137291,-0.2414362,0.26582496,-0.25782624,-0.88878726,0.022460508,-0.011333983,-0.00084708152,0.0030064637,0.90663175,-0.61141525,0.73092327,-0.56894723,0.63368199,0.84135288,0.13663868,-0.75725997,0.89808027,-0.6972234,-0.99973989,-0.071491209,0.3484137,-0.45096967,0.11841858,0.40175096,0.32324213,0.40175096,-0.013300345,-0.23303537,-0.52503984,6,"walking_downstairs"
-0.23540827,-0.23895943,0.24907089,-0.23576218,-0.9078644,0.023257305,-0.033553455,-0.002002618,0.0030064637,0.90663175,-0.43029834,0.77044682,-0.56666468,0.63473004,0.85882761,0.16726132,-0.78148513,0.91361888,-0.70152464,-0.99942351,-0.17346226,0.47186897,-0.47552627,0.22635344,0.4098731,0.11907664,0.4098731,-0.0019789132,-0.34000328,-0.31243998,6,"walking_downstairs"
-0.23540827,-0.23083694,0.24492353,-0.23102008,-0.91208332,0.042445092,-0.051502241,-0.029113122,0.0029689847,0.93254677,-0.51188759,0.79090663,-0.50938492,0.57190663,0.85882761,0.19999333,-0.78482799,0.92168623,-0.63194198,-0.9967616,-0.28871454,0.45665734,-0.40879819,0.33992066,0.444679,0.14916096,0.444679,0.047581565,-0.44362034,0.0078282114,6,"walking_downstairs"
-0.24397582,-0.23083694,0.2550542,-0.24651454,-0.89909137,0.04872224,-0.051502241,-0.03819948,-0.032995926,0.93254677,-0.65422823,0.79736971,-0.51380435,0.57035261,0.86336119,0.18289691,-0.76881696,0.92419254,-0.62469047,-0.99602691,-0.018325961,0.3635662,-0.34001575,0.088051386,0.48435543,0.34203535,0.48435543,0.10545204,-0.23037719,-0.37384004,6,"walking_downstairs"
-0.25225301,-0.23069293,0.25329533,-0.24340681,-0.90190018,0.04331256,-0.033424153,-0.030430765,-0.032995926,0.92693316,-0.56142443,0.79071097,-0.53132823,0.59947589,0.86336119,0.066718452,-0.77264892,0.92158107,-0.66552542,-0.99740711,0.22517944,0.35515288,-0.37423541,-0.15386677,0.35832576,0.43434015,0.35832576,-0.073094936,-0.0058439532,-0.19530959,6,"walking_downstairs"
-0.23363806,-0.20899752,0.24254592,-0.22677314,-0.91576411,0.037641871,-0.030935711,-0.022219044,-0.0053748295,0.92693316,-0.51132258,0.7790893,-0.64787782,0.7094432,0.87240829,0.014245129,-0.78922619,0.91705249,-0.7703593,-0.99818025,0.14882195,0.19018726,-0.45005652,-0.096799056,0.29786136,0.25010199,0.29786136,-0.15259431,-0.037205065,-0.72258899,6,"walking_downstairs"
-0.23363806,-0.21510856,0.23876575,-0.22392417,-0.91803349,0.023289825,-0.030560082,-0.0021477136,0.0065943169,0.93126852,-0.55390663,0.82811842,-0.64689905,0.70495706,0.88218031,0.1533308,-0.79640268,0.9360423,-0.76208968,-0.99944502,0.082545538,0.28967708,-0.4635553,-0.023847257,0.37550164,0.2808201,0.37550164,-0.049540854,-0.11380556,-0.65217733,6,"walking_downstairs"
-0.25053086,-0.2259022,0.24828879,-0.23603834,-0.90829174,0.035813976,-0.035480445,-0.019790862,-0.020625461,0.9246187,-0.57533899,0.79274073,-0.6457259,0.70812953,0.87272918,0.27145174,-0.78128406,0.92235812,-0.76986379,-0.99864251,-0.18046603,0.30153673,-0.42118169,0.22171651,0.43296995,0.029003281,0.43296995,0.03077885,-0.32226511,-0.63939475,6,"walking_downstairs"
-0.2388913,-0.20840278,0.24308793,-0.22808716,-0.91480759,0.032602642,-0.024315595,-0.015194496,-0.0060397747,0.9246187,-0.3341159,0.78849101,-0.55563545,0.61885794,0.85717032,0.38222139,-0.78926159,0.92073029,-0.67967258,-0.99903375,0.25758852,0.41662274,-0.45818607,-0.14649073,0.56448766,-0.088741528,0.56448766,0.22716996,-0.056937373,-0.54231451,6,"walking_downstairs"
-0.2388913,-0.21443675,0.23928451,-0.22378065,-0.91830104,0.025453725,-0.019865538,-0.0051789414,-0.0048340805,0.94254335,-0.33832086,0.81167208,-0.5248782,0.58677374,0.86673649,0.1613183,-0.7955153,0.92976154,-0.64542156,-0.99968,0.011055719,0.24474177,-0.4792766,0.069292732,0.32396173,-0.26640875,0.32396173,-0.11908289,-0.22457514,-0.19414364,6,"walking_downstairs"
-0.24169871,-0.23229003,0.25160474,-0.242388,-0.9023713,0.028866042,-0.025295079,-0.01009263,-0.0048340805,0.9444652,-0.51067833,0.81653456,-0.46949669,0.53191767,0.86673649,-0.094769327,-0.77740518,0.9316473,-0.59080123,-0.99927333,-0.17414455,0.10938019,-0.41199026,0.23440713,0.15407253,0.065691289,0.15407253,-0.32914062,-0.35564763,0.19040781,6,"walking_downstairs"
-0.24402158,-0.23229003,0.2549382,-0.24676637,-0.89871264,0.034018567,-0.029108919,-0.017390814,-0.013754802,0.92767786,-0.45993403,0.80651791,-0.52513492,0.58963467,0.86281491,-0.081621051,-0.77197553,0.92775707,-0.65221237,-0.9988681,-0.085120598,0.23898938,-0.38807972,0.087225672,0.26587444,0.37790281,0.26587444,-0.1938618,-0.15194368,-0.086088955,6,"walking_downstairs"
-0.24402158,-0.22652218,0.25213163,-0.24021646,-0.90460496,0.045364964,-0.055065227,-0.033063256,-0.019507018,0.91595012,-0.53552401,0.7670351,-0.55917994,0.62263402,0.8605533,0.13972231,-0.77383777,0.9122919,-0.68433385,-0.99632116,-0.1020731,0.36460658,-0.39372747,0.12369629,0.39328791,0.2927262,0.39328791,-0.025040751,-0.20832471,-0.074477879,6,"walking_downstairs"
-0.25047806,-0.22189137,0.25504036,-0.24349952,-0.90189975,0.047323147,-0.055065227,-0.035667475,-0.013484955,0.91595012,-0.51339443,0.75086112,-0.63122414,0.69368636,0.85834189,0.1524468,-0.76919972,0.90596953,-0.75492721,-0.99588031,0.1129561,0.40598279,-0.39001084,-0.056697763,0.39593288,-0.08129876,0.39593288,-0.021476355,-0.079765603,-0.58521801,6,"walking_downstairs"
-0.24388918,-0.21879491,0.2484044,-0.23652234,-0.90780776,0.033446146,-0.044720437,-0.016478495,-0.012712049,0.91857532,-0.41377707,0.79819835,-0.58670723,0.65193553,0.86558881,0.19474234,-0.78147742,0.92447199,-0.71552649,-0.99872344,0.13621806,0.48793984,-0.42465335,-0.074825292,0.45312682,-0.040984857,0.45312682,0.059784582,-0.068967398,-0.58728363,6,"walking_downstairs"
-0.25987095,-0.32861192,0.29017516,-0.30375896,-0.83874987,-0.0035733498,0.010941865,0.036842437,0.04547847,0.93293575,-0.39424751,0.85457195,-0.650438,0.70558988,0.89414788,-0.25462545,-0.72041162,0.94618421,-0.76065657,-0.99777751,-0.40656089,-0.050532621,-0.1759418,0.41062811,-0.08218146,-0.16014545,-0.08218146,-0.57377551,-0.45631016,-0.79106907,6,"walking_upstairs"
-0.33330031,-0.32861192,0.32199907,-0.34729205,-0.79063789,0.010214953,0.0037290396,0.016666449,0.032157737,0.92351842,-0.26930768,0.78467777,-0.66527713,0.72440664,0.88430076,-0.23272367,-0.67578828,0.91917492,-0.78373447,-0.99938499,-0.23847683,-0.091276562,-0.16028893,0.2856645,-0.07605846,-0.078244664,-0.07605846,-0.56811818,-0.3889651,-0.65557896,6,"walking_upstairs"
-0.35755997,-0.34433021,0.3286843,-0.35446769,-0.78147591,0.025368778,-0.042149441,-0.0052488363,-0.0014292095,0.91292715,-0.15934353,0.74978974,-0.58183904,0.64245587,0.83782174,-0.25046734,-0.66611173,0.90556719,-0.70184679,-0.99931141,-0.28284627,-0.037169037,-0.17024284,0.29497857,-0.085329493,-0.18531212,-0.085329493,-0.57664733,-0.35705734,-0.14676175,6,"walking_upstairs"
-0.35755997,-0.34433021,0.33445939,-0.36285331,-0.7704076,0.036599848,-0.042904371,-0.02146208,-0.0080588267,0.91224998,-0.30410737,0.7422002,-0.58518103,0.65058301,0.8400201,-0.32698468,-0.65685161,0.90255943,-0.71528999,-0.99805603,-0.44111963,-0.14068797,-0.11040714,0.467754,-0.14941053,-0.27507532,-0.14941053,-0.63327721,-0.53465077,-0.17576933,6,"walking_upstairs"
-0.3539601,-0.34390355,0.32841154,-0.35560051,-0.77985168,0.032615737,-0.042904371,-0.015789567,-0.0055443458,0.91224998,-0.44427923,0.76557633,-0.53790407,0.59452395,0.85178632,-0.13979777,-0.66600402,0.91173211,-0.64975103,-0.9986136,-0.21237804,-0.055529677,-0.12762178,0.26157921,0.0042516968,-0.14012241,0.0042516968,-0.49067728,-0.36804827,-0.59054308,6,"walking_upstairs"
-0.35355003,-0.33043777,0.32193358,-0.34681436,-0.791385,0.031208359,-0.035119067,-0.013769913,-0.0055443458,0.92639695,-0.32681443,0.7799573,-0.39542944,0.45682225,0.85178632,-0.039459423,-0.67549768,0.91740939,-0.51508721,-0.99895446,-0.17054018,0.025575785,-0.14596117,0.19424116,0.10507736,-0.032520343,0.10507736,-0.38440744,-0.27588014,-0.36810815,6,"walking_upstairs"
-0.35355003,-0.33180702,0.32787565,-0.35504929,-0.78080928,0.037944418,-0.035119067,-0.023520113,-0.021707613,0.92639695,-0.22923987,0.76777072,-0.4314517,0.49647974,0.84297854,-0.20869746,-0.66620101,0.91264574,-0.55826192,-0.99820654,-0.24210631,-0.089798467,-0.10670525,0.2672589,-0.048802221,-0.069894259,-0.048802221,-0.54224403,-0.34535248,-0.3076109,6,"walking_upstairs"
-0.37148852,-0.33622375,0.3326116,-0.36140689,-0.77256826,0.031112897,-0.034871339,-0.013610055,-0.008348845,0.91812863,-0.3286265,0.75757456,-0.51627965,0.57382473,0.84191896,-0.21310418,-0.66005893,0.90863128,-0.62895025,-0.99902162,-0.13318132,-0.032223665,-0.1236404,0.15008121,-0.058353228,-0.055815208,-0.058353228,-0.55157478,-0.22658862,-0.70848374,6,"walking_upstairs"
-0.34782913,-0.33622375,0.32729979,-0.35247286,-0.78398469,0.026724374,-0.021227611,-0.0072002587,-0.008348845,0.91812863,-0.45987368,0.75140398,-0.50165858,0.55349143,0.83849554,-0.15492101,-0.66804693,0.90620579,-0.6027581,-0.99957655,-0.20792092,0.017580817,-0.16969329,0.22831925,-0.0069530528,-0.041548551,-0.0069530528,-0.50168759,-0.30442411,-0.47363121,6,"walking_upstairs"
-0.27160558,-0.3162241,0.29516234,-0.31056651,-0.83247971,0.0073245614,-0.018697124,0.020927327,0.041496162,0.93541366,-0.37536704,0.84392851,-0.67107114,0.7205816,0.89180464,-0.22287159,-0.71445701,0.94210875,-0.76983483,-0.9984486,-0.48637185,-0.056827739,-0.1852856,0.50249139,-0.093817603,0.069931414,-0.093817603,-0.58436913,-0.5554455,-0.69733236,6,"walking_upstairs"
-0.34628206,-0.3162241,0.31632818,-0.33874882,-0.80157655,0.029814236,-0.028616121,-0.011740436,0.013177088,0.93125253,-0.34877339,0.78763029,-0.68607607,0.74180741,0.87925031,-0.21214574,-0.68372032,0.92037714,-0.79751295,-0.99898686,-0.21670995,-0.023231363,-0.16075807,0.2673327,-0.033356051,-0.23504119,-0.033356051,-0.52764685,-0.37503473,-0.55450873,6,"walking_upstairs"
-0.35049899,-0.33368873,0.32416408,-0.34846018,-0.7890897,0.044138072,-0.052258093,-0.032330066,-0.028098353,0.91886317,-0.33759394,0.75835884,-0.47502445,0.53940073,0.84231257,-0.32216817,-0.67065645,0.90894067,-0.60063277,-0.99690784,-0.10628877,-0.12920833,-0.10818257,0.14122907,-0.12756748,-0.14657759,-0.12756748,-0.61436468,-0.2392708,-0.38777132,6,"walking_upstairs"
-0.36376919,-0.33368873,0.3312005,-0.35934239,-0.77527495,0.047633563,-0.052258093,-0.037503282,-0.026309617,0.91886317,-0.28669217,0.75645838,-0.51891756,0.58464074,0.84474298,-0.386287,-0.65991883,0.90819144,-0.64808004,-0.99611638,-0.12170279,-0.31065942,-0.066248195,0.14599797,-0.18670865,-0.11116681,-0.18670865,-0.6641467,-0.23160794,-0.35409611,6,"walking_upstairs"
-0.35939916,-0.33032322,0.32586815,-0.35186054,-0.78498081,0.036594179,-0.051395543,-0.021534229,-0.012601613,0.92412586,-0.41653544,0.76748092,-0.49891993,0.55585347,0.84516389,-0.166442,-0.66926405,0.91252795,-0.61020448,-0.99813079,-0.16203307,-0.078116712,-0.1208976,0.20278001,-0.016908603,-0.15544751,-0.016908603,-0.51161783,-0.30259408,-0.40194899,6,"walking_upstairs"
-0.35939916,-0.36827474,0.33660954,-0.36630124,-0.76504344,0.035324737,-0.05668651,-0.019656035,-0.012601613,0.90726156,-0.34835077,0.74322524,-0.48102498,0.54427877,0.84516389,-0.14887424,-0.65388415,0.90293737,-0.6055942,-0.99821972,-0.32755947,0.098400278,-0.10514301,0.34170583,0.063880986,-0.11687073,0.063880986,-0.42905381,-0.40326143,-0.12865883,6,"walking_upstairs"
-0.37220232,-0.36827474,0.35225871,-0.3887037,-0.73475412,0.054215089,-0.066227538,-0.047030007,-0.020769874,0.90726156,-0.38454403,0.71740355,-0.48127983,0.54538937,0.82900974,-0.20250115,-0.62836081,0.89273618,-0.60725292,-0.99362769,-0.3465015,0.026498526,0.0092223586,0.3692179,-0.034652395,-0.146237,-0.034652395,-0.52900123,-0.43869739,-0.16433092,6,"walking_upstairs"
-0.38581443,-0.3665621,0.34780893,-0.38224273,-0.74397703,0.063040742,-0.066227538,-0.059731814,-0.057302584,0.90994057,-0.51254701,0.72019012,-0.41362729,0.47213243,0.82557833,-0.28974334,-0.63268543,0.89384874,-0.52616298,-0.99149781,-0.13034804,-0.07572019,0.027756345,0.184971,-0.15081534,-0.17335938,-0.15081534,-0.634295,-0.30185164,-0.60384023,6,"walking_upstairs"
-0.29288738,-0.34544078,0.3261868,-0.35418421,-0.78041076,0.035660498,-0.059341949,-0.020328394,0.031860247,0.91979462,-0.49274318,0.78733095,-0.59418153,0.66128867,0.88702111,-0.073981153,-0.66891058,0.92015335,-0.72857781,-0.99614299,-0.26882018,0.11240977,-0.068772744,0.29130511,0.13729336,-0.37992591,0.13729336,-0.34814502,-0.36643211,-0.64427668,6,"walking_upstairs"
-0.38521518,-0.36772062,0.34314888,-0.37591346,-0.75284005,0.057230494,-0.063751853,-0.05136355,-0.03764015,0.90084405,-0.2595377,0.73187286,-0.60186718,0.65762824,0.83580618,-0.24035081,-0.64077741,0.89847955,-0.71211108,-0.99345927,-0.12339606,-0.066593895,-0.0028873099,0.14466991,-0.015350823,-0.35445777,-0.015350823,-0.50990315,-0.22711184,-0.46973967,6,"walking_upstairs"
-0.38521518,-0.38279105,0.35706856,-0.39481667,-0.72555382,0.066252726,-0.088471581,-0.064327019,-0.052991027,0.89340469,-0.28420891,0.69979909,-0.50600673,0.58480481,0.82640906,-0.11978613,-0.61860399,0.88568129,-0.66196361,-0.98981581,-0.21116816,0.10116525,0.058475538,0.22316584,0.084958026,-0.12489279,0.084958026,-0.40636791,-0.29012323,-0.23341685,6,"walking_upstairs"
-0.37199915,-0.38279105,0.35448434,-0.39123193,-0.73040907,0.059397725,-0.088471581,-0.054433236,-0.028378134,0.89340469,-0.33657492,0.706825,-0.53662073,0.60106706,0.83283816,-0.15126409,-0.6240256,0.88846617,-0.66445377,-0.99158689,-0.35108879,-0.027405728,0.027659029,0.36558262,0.041608837,-0.14294579,0.041608837,-0.45247259,-0.42605985,-0.085069966,6,"walking_upstairs"
-0.37156002,-0.38271976,0.34127075,-0.3726979,-0.75682508,0.050373175,-0.072509014,-0.04137354,-0.028378134,0.89604379,-0.04857509,0.73122742,-0.62284788,0.67797228,0.83283816,-0.046647463,-0.64492052,0.89821125,-0.73296479,-0.99513823,-0.41609587,0.04301148,-0.038829473,0.4396113,0.081894286,-0.20393429,0.081894286,-0.40974008,-0.50541553,-0.32903741,6,"walking_upstairs"
-0.37156002,-0.42229889,0.36709423,-0.40848631,-0.70316844,0.07119813,-0.098119178,-0.071438356,-0.032266261,0.870692,-0.054284948,0.67804718,-0.60330965,0.6653792,0.83127934,-0.14513327,-0.6029166,0.8768166,-0.72745277,-0.98721736,-0.46748355,0.11111506,0.097552734,0.47313626,0.024907484,-0.078683956,0.024907484,-0.46971811,-0.51617063,-0.18364696,6,"walking_upstairs"
-0.39671158,-0.42229889,0.37541279,-0.41960497,-0.68761013,0.069668002,-0.098119178,-0.069187451,-0.029749948,0.870692,-0.31779665,0.65992863,-0.70107366,0.75642419,0.82113321,-0.30897033,-0.59146704,0.86958369,-0.81203445,-0.98747907,-0.26919501,-0.19408591,0.1078237,0.25621722,-0.18849807,-0.24091365,-0.18849807,-0.66582489,-0.2930569,-0.56047989,6,"walking_upstairs"
-0.39041305,-0.39482162,0.35106945,-0.38562195,-0.73899221,0.045025349,-0.07664326,-0.033586841,-0.024880628,0.88270792,-0.38407072,0.70849635,-0.68998444,0.74447313,0.82549097,-0.28489986,-0.63173786,0.88915554,-0.79883778,-0.99617631,-0.20592122,-0.2413337,-0.041952918,0.22587379,-0.15394991,-0.37211777,-0.15394991,-0.63712233,-0.30223171,-0.72482661,6,"walking_upstairs"
-0.1561282,-0.12001094,0.18054319,-0.1416968,-0.97045331,-0.073548391,0.07534799,0.13666794,0.14748464,0.96848751,-0.041797892,0.88940559,-0.46405779,0.45947958,0.92515877,-0.93998723,-0.82610735,0.95952867,-0.45470108,-0.96541677,-0.38828499,-0.92885183,-0.32363889,0.34207451,-0.91971959,-0.96322136,-0.91971959,-0.99598665,-0.33518594,-0.9462154,15,"standing"
-0.16640467,-0.12001094,0.18421655,-0.1469914,-0.9679367,-0.069839954,0.12865179,0.13131015,0.13957441,0.96851772,-0.27578926,0.88724243,-0.68083046,0.67920874,0.88862662,-0.98202172,-0.82599938,0.95875423,-0.67728407,-0.96868355,-0.6031084,-0.9793173,-0.32506637,0.5834568,-0.97965411,-0.78613837,-0.97965411,-0.99958756,-0.59018294,-0.96413861,15,"standing"
-0.16761484,-0.11976101,0.1831366,-0.14569245,-0.9685797,-0.06940732,0.12865179,0.13096417,0.12422294,0.98110794,-0.084797626,0.89643183,-0.72178021,0.73018251,0.88862662,-0.99178702,-0.82755613,0.96224957,-0.73827855,-0.96891262,-0.35664318,-0.99065621,-0.32279697,0.32831723,-0.99106789,-0.36376558,-0.99106789,-0.99986928,-0.34303121,-0.98451309,15,"standing"
-0.16481873,-0.11619157,0.18193541,-0.143889,-0.96946489,-0.071005806,0.13436977,0.13320171,0.12422294,0.98110794,-0.11983665,0.89479651,-0.41218771,0.4243729,0.88756362,-0.99183329,-0.82723403,0.96163013,-0.43649214,-0.96780961,-0.34443761,-0.98976828,-0.32290675,0.29517674,-0.99085969,-0.35260639,-0.99085969,-0.99986531,-0.28823422,-0.98984425,15,"standing"
-0.16160628,-0.11551954,0.1801265,-0.14124581,-0.97072452,-0.070918732,0.13494233,0.13307848,0.12385837,0.98125531,-0.14842631,0.89609463,-0.34299773,0.36792027,0.88763224,-0.98915942,-0.82918039,0.96212208,-0.39285451,-0.96787238,-0.4773826,-0.9849232,-0.3294679,0.44804488,-0.98676858,-0.54606885,-0.98676858,-0.99977839,-0.45310477,-0.98897037,15,"standing"
-0.16160628,-0.11884793,0.17924804,-0.13995555,-0.9713337,-0.071018794,0.13270667,0.13321545,0.12434038,0.9817056,-0.18990262,0.89642711,-0.18260996,0.22577035,0.88763224,-0.95820844,-0.82997567,0.96224808,-0.26940742,-0.96780188,-0.61234529,-0.95066712,-0.3323635,0.59568823,-0.95722803,-0.70500325,-0.95722803,-0.99865829,-0.60497363,-0.9752278,15,"standing"
-0.16167403,-0.12798003,0.18448896,-0.14763391,-0.96751641,-0.068698927,0.12735912,0.12991727,0.12434038,0.9812787,-0.075353741,0.8949162,-0.13359249,0.16241708,0.88762526,-0.95765547,-0.82681647,0.9616755,-0.19150936,-0.96942254,-0.54631252,-0.95493196,-0.32142602,0.51190981,-0.95725129,-0.68743657,-0.95725129,-0.9986595,-0.5068519,-0.97805554,15,"standing"
-0.16935415,-0.12798003,0.18806651,-0.15287973,-0.96492289,-0.06675147,0.12735912,0.12715077,0.12093434,0.9812787,-0.40137489,0.894171,-0.34228956,0.35515047,0.88676171,-0.98182642,-0.82481371,0.9613931,-0.36723832,-0.97078487,-0.2378514,-0.98280733,-0.3151157,0.16324311,-0.98289125,-0.52154507,-0.98289125,-0.99968049,-0.136831,-0.9904474,15,"standing"
-0.16680054,-0.12754459,0.18444049,-0.14758116,-0.96760825,-0.068614577,0.12736643,0.12981401,0.12235348,0.98147439,-0.23400582,0.89553239,-0.53788804,0.54784118,0.88830989,-0.98776298,-0.82694924,0.96190897,-0.55763171,-0.96948331,-0.12749124,-0.98711152,-0.32139622,0.041578233,-0.98741427,-0.31863072,-0.98741427,-0.99979314,-0.010829273,-0.99269349,15,"standing"
-0.16680054,-0.12055723,0.18298675,-0.14552186,-0.96865956,-0.070090048,0.13363726,0.13198845,0.12235348,0.98152563,-0.11424544,0.89754083,-0.41798878,0.43476894,0.88835815,-0.99178662,-0.827045,0.96266985,-0.45163666,-0.96841978,-0.11611609,-0.98924805,-0.3197151,0.035228516,-0.990492,-0.42133742,-0.990492,-0.99985821,-0.010448349,-0.99071847,15,"standing"
-0.16784077,-0.12061364,0.18481668,-0.14821779,-0.96732426,-0.070413678,0.1342634,0.13247101,0.12346197,0.98144551,-0.082816002,0.89665886,-0.37028132,0.38560487,0.88835815,-0.99179943,-0.82480937,0.96233569,-0.40078685,-0.96817738,-0.40914923,-0.98806154,-0.31174713,0.37663558,-0.98942325,-0.36351321,-0.98942325,-0.99983671,-0.38314626,-0.98698179,15,"standing"
-0.17240487,-0.12297404,0.18586194,-0.14975232,-0.96655269,-0.06986762,0.12957139,0.13169585,0.12346197,0.98144551,-0.041753103,0.89645742,-0.34161199,0.34636778,0.88910139,-0.99048305,-0.82423232,0.96225932,-0.35109816,-0.96855832,-0.48067934,-0.98746611,-0.30979809,0.47401684,-0.99038728,-0.48473996,-0.99038728,-0.99985621,-0.50300406,-0.99119282,15,"standing"
-0.17279138,-0.12368765,0.18681199,-0.1512014,-0.9658112,-0.068097064,0.12919525,0.12921827,0.12313114,0.98176333,-0.24373279,0.89862295,-0.27357145,0.27547782,0.88912942,-0.98900159,-0.82490837,0.96307958,-0.27736553,-0.96978097,-0.28930464,-0.98686684,-0.3109059,0.22982607,-0.98969571,-0.36201886,-0.98969571,-0.99984229,-0.21579397,-0.99475111,15,"standing"
-0.19309865,-0.3235431,0.24999141,-0.24159919,-0.89416761,-0.00033599375,-0.052108155,0.031651174,0.081478857,0.91167075,0.96601593,0.84304995,-0.83961531,0.83785838,0.89455467,-0.590256,-0.77880415,0.94161022,-0.83574945,-0.99267894,-0.96532055,-0.70352006,-0.28936692,0.96553615,-0.59033038,-0.982202,-0.59033038,-0.91275969,-0.96817919,-0.92234411,15,"standing"
-0.19309865,-0.18396925,0.21158206,-0.18763664,-0.94426003,-0.033974943,0.051077241,0.080378922,0.081478857,0.97245642,0.5554881,0.90260997,-0.91077051,0.91266414,0.89455467,-0.93814059,-0.82072994,0.9645831,-0.91420956,-0.98877687,-0.96317304,-0.95354351,-0.3395728,0.96538769,-0.94113111,-0.96348926,-0.94113111,-0.99768387,-0.97031861,-0.97283277,15,"standing"
-0.20275936,-0.1713381,0.21709332,-0.1956795,-0.93910425,-0.033420882,0.079120429,0.079587406,0.078903281,0.98128531,0.39022936,0.89805127,-0.54321082,0.54349017,0.89320066,-0.98628088,-0.81365874,0.96286203,-0.54361667,-0.98916419,-0.85273636,-0.98331656,-0.32315599,0.83905146,-0.98592523,-0.79406353,-0.98592523,-0.99975793,-0.83471845,-0.98970374,15,"standing"
-0.21629267,-0.17166641,0.21804396,-0.1970078,-0.93822855,-0.032479559,0.079008223,0.078208561,0.070456352,0.98128531,0.3334932,0.89632539,-0.43845506,0.45960085,0.88792816,-0.98329413,-0.81287824,0.96220946,-0.48087824,-0.98957752,-0.42709328,-0.97992283,-0.32448808,0.38163219,-0.98206693,-0.33348811,-0.98206693,-0.99965792,-0.37305277,-0.98146722,15,"standing"
-0.21646489,-0.176707,0.22046218,-0.200542,-0.93575091,-0.031897031,0.076815682,0.077376163,0.070071468,0.97910726,-0.04922915,0.89457274,-0.55945006,0.61580097,0.88792816,-0.88609073,-0.80991158,0.96154494,-0.67290226,-0.98981629,-0.68315442,-0.8862045,-0.31839261,0.70475946,-0.88044255,-0.79777744,-0.88044255,-0.99170566,-0.74977896,-0.93276312,15,"standing"
-0.22361054,-0.21604521,0.23142597,-0.21652601,-0.92352436,-0.027655617,0.064263094,0.071285542,0.068769115,0.97333997,0.27481142,0.88620506,-0.61208,0.64287811,0.88676503,-0.88038005,-0.79692755,0.95836764,-0.67399522,-0.99139052,-0.82489157,-0.90204192,-0.2973705,0.81249088,-0.88478401,-0.58383112,-0.88478401,-0.99225552,-0.81142768,-0.84313891,15,"standing"
-0.22883378,-0.21604521,0.2420755,-0.23216285,-0.91132493,-0.027013532,0.064263094,0.070425065,0.069807923,0.97325533,0.66338879,0.87855472,-0.47576481,0.48155932,0.88392654,-0.92377401,-0.7824401,0.95545968,-0.48725803,-0.99161794,-0.78075969,-0.91747959,-0.26279797,0.76113687,-0.91803962,-0.54203261,-0.91803962,-0.99583852,-0.7554656,-0.84541334,15,"standing"
-0.22114681,-0.21593483,0.23444731,-0.22107268,-0.92003884,-0.030973222,0.069817212,0.076126216,0.069807923,0.97325533,-0.011120166,0.88493232,-0.35754852,0.36388944,0.88821335,-0.95480329,-0.7912749,0.95788241,-0.37033879,-0.99015216,-0.75719582,-0.95368187,-0.27302196,0.74032833,-0.95469852,-0.45421166,-0.95469852,-0.99852227,-0.73932347,-0.92826319,15,"standing"
-0.21394367,-0.18941383,0.2207397,-0.20103021,-0.93531218,-0.031438307,0.076416443,0.076748143,0.07241811,0.97842007,0.17107231,0.89622661,-0.26818525,0.27602431,0.88869316,-0.97024933,-0.80976869,0.96217126,-0.28406333,-0.98998587,-0.68294918,-0.96445648,-0.31754056,0.66331608,-0.96886686,-0.54326861,-0.96886686,-0.99920272,-0.66455926,-0.97133121,15,"standing"
-0.21394367,-0.17470276,0.21718479,-0.19571683,-0.93910425,-0.034462921,0.076416443,0.08104813,0.076884237,0.97898493,-0.075835418,0.89552063,-0.15735939,0.16016095,0.88869316,-0.97478101,-0.81297234,0.96190368,-0.16304418,-0.98870433,-0.60135408,-0.96848608,-0.32099432,0.57277522,-0.97340284,-0.44337389,-0.97340284,-0.9993784,-0.57012657,-0.97778799,15,"standing"
-0.21395554,-0.18705744,0.2231457,-0.20442247,-0.93286988,-0.03571037,0.076834119,0.082861129,0.076884237,0.9788727,0.33332481,0.89007852,-0.36655317,0.36888318,0.88744894,-0.98023167,-0.80429483,0.95984051,-0.37119698,-0.9881756,-0.45991053,-0.98046376,-0.29647604,0.40708843,-0.98057245,-0.15586323,-0.98057245,-0.99961504,-0.38849368,-0.97828134,15,"standing"
-0.22681731,-0.18737243,0.22959926,-0.21405317,-0.92588937,-0.030992113,0.073779347,0.076159226,0.07612377,0.9788727,-0.16853949,0.89036492,-0.1933448,0.19671439,0.88590377,-0.98388276,-0.79791465,0.95994934,-0.19973826,-0.99011239,-0.39835365,-0.98327742,-0.28802145,0.33904473,-0.98439835,-0.34806547,-0.98439835,-0.9997204,-0.31781431,-0.99331878,15,"standing"
-0.2325704,-0.18737243,0.22951979,-0.21399287,-0.9259471,-0.028995103,0.073779347,0.073296901,0.066326279,0.98035304,-0.052507481,0.8922179,-0.063964522,0.081643085,0.88590377,-0.99273568,-0.79895285,0.96065253,-0.099303502,-0.99093827,-0.5936745,-0.99296065,-0.29448133,0.56002678,-0.9934992,-0.40845748,-0.9934992,-0.99991253,-0.55235302,-0.99586665,15,"standing"
-0.23132155,-0.18350421,0.22751571,-0.21100642,-0.92819402,-0.030018375,0.074816982,0.074747192,0.066333215,0.98076177,-0.106219,0.89247704,0.20397223,-0.15625953,0.88604422,-0.96650067,-0.80122731,0.96075081,0.10970515,-0.99054909,-0.41515519,-0.9694027,-0.29852713,0.41008646,-0.96636264,-0.73984612,-0.96636264,-0.99909676,-0.44550195,-0.90376773,15,"standing"
0.43330379,-0.23090543,-0.11663348,0.2744008,-0.73315606,-0.12616918,-0.04697583,0.20073788,0.28401546,0.77560317,-0.95983965,0.53077756,-0.91172699,0.91184735,0.81950546,0.11744748,-0.63139848,0.8151591,-0.91158651,-0.90158628,-0.97792222,-0.014289696,0.15823418,0.97683243,0.17693806,-0.99524252,0.17693806,-0.30240451,-0.97721244,-0.95943853,15,"sitting"
0.43330379,0.41282808,-0.23186618,0.44149468,-0.59162565,-0.15873662,0.21542711,0.25398922,0.28401546,0.77560317,-0.13975313,0.4047501,-0.97433721,0.97537984,0.72926862,-0.85581851,-0.45824292,0.76196396,-0.97604257,-0.87616569,-0.94565119,-0.92576093,0.52227041,0.95123719,-0.86687246,-0.96425945,-0.86687246,-0.98987146,-0.96099228,-0.99084612,15,"sitting"
0.41279668,0.43613826,-0.22358837,0.42414558,-0.62257768,-0.13808404,0.21542711,0.22218837,0.2427504,0.77577964,-0.80393916,0.40415585,-0.76692186,0.76633126,0.6920665,-0.96666154,-0.48393443,0.76175265,-0.76542353,-0.90704595,-0.90889274,-0.96664811,0.38977649,0.89930801,-0.96357459,-0.8748043,-0.96357459,-0.99897143,-0.89543945,-0.98805976,15,"sitting"
0.39179904,0.43617922,-0.22396017,0.42541012,-0.62052284,-0.13804297,0.21543662,0.22251698,0.21682644,0.78563537,-0.4768916,0.40839871,-0.6128608,0.61501857,0.6920665,-0.98736259,-0.48346282,0.76362747,-0.61681211,-0.9069125,-0.65552248,-0.98849238,0.39769375,0.62312586,-0.98738956,-0.54584602,-0.98738956,-0.99979267,-0.61259134,-0.99210473,15,"sitting"
0.39179904,0.44794701,-0.22704245,0.42986551,-0.61291401,-0.1397039,0.22546317,0.22503342,0.21682644,0.78445805,-0.3606028,0.40325157,-0.31532422,0.31776201,0.68979349,-0.99555665,-0.47819411,0.76136384,-0.32012055,-0.90478496,-0.36757558,-0.99476403,0.41216415,0.31080359,-0.99467324,-0.52421682,-0.99467324,-0.99993161,-0.2941157,-0.99750547,15,"sitting"
0.3915386,0.45019857,-0.22747571,0.4300122,-0.6126612,-0.13843405,0.22338154,0.22309291,0.21425913,0.78409306,-0.51409283,0.40111943,-0.38921308,0.39486133,0.68729377,-0.99238548,-0.47847139,0.76042453,-0.40032283,-0.90646699,-0.1424269,-0.98961775,0.40557106,0.07678255,-0.9925445,-0.53201333,-0.9925445,-0.99989644,-0.06597898,-0.99854865,15,"sitting"
0.39166834,0.44961879,-0.22750136,0.42985085,-0.61293977,-0.136663,0.2199159,0.22057212,0.21278503,0.78409306,-0.51533626,0.40171139,-0.35709449,0.35864716,0.68792074,-0.99570623,-0.47962635,0.76068529,-0.35981405,-0.90861219,-0.10190583,-0.99431281,0.3988986,0.020709541,-0.99443902,-0.085212197,-0.99443902,-0.99992797,0.0037548384,-0.99958157,15,"sitting"
0.39415905,0.44961879,-0.22829407,0.43088968,-0.61113828,-0.13576128,0.2199159,0.21934647,0.21163726,0.78330988,-0.23008181,0.40111487,-0.4382825,0.44268738,0.68792074,-0.99375011,-0.47915839,0.76042221,-0.44680493,-0.90965779,0.13880231,-0.9919164,0.39793877,-0.24936012,-0.99399183,0.036437572,-0.99399183,-0.99992082,0.28804878,-0.99954059,15,"sitting"
0.39415905,0.45118952,-0.2293822,0.43239393,-0.60853198,-0.13684427,0.22050262,0.22088286,0.21166938,0.78325336,-0.30797244,0.39836117,-0.38836737,0.41306164,0.68638668,-0.99518617,-0.47696936,0.75920828,-0.43811972,-0.90835616,-0.0340319,-0.99394945,0.40379476,-0.050639479,-0.99509554,-0.14784847,-0.99509554,-0.99993784,0.073575911,-0.99901164,15,"sitting"
0.39415778,0.45220824,-0.22935376,0.43230253,-0.60869114,-0.13645427,0.22165324,0.22032204,0.21166938,0.78325336,-0.27012748,0.39848777,-0.456341,0.49447383,0.68584215,-0.99243449,-0.47726765,0.75926418,-0.53254476,-0.90883334,-0.12888311,-0.99096706,0.40215549,0.068160213,-0.9923338,-0.15111268,-0.9923338,-0.99989253,-0.063875735,-0.99741736,15,"sitting"
0.39423405,0.44841699,-0.22887235,0.43183961,-0.60949224,-0.13420467,0.2109471,0.21731,0.2089923,0.78400186,-0.70638429,0.40280581,-0.61449159,0.61801197,0.6937525,-0.96386745,-0.47940711,0.76116545,-0.62142228,-0.91135698,-0.63416924,-0.97015939,0.39650603,0.60942923,-0.96625782,-0.5655928,-0.96625782,-0.99909236,-0.60850114,-0.99654826,15,"sitting"
0.39423405,0.44656316,-0.22653074,0.42905795,-0.61429397,-0.12847511,0.20476674,0.2095445,0.20863862,0.78442769,-0.6059155,0.41497891,-0.51165128,0.51257512,0.69692325,-0.96768161,-0.48629646,0.76651139,-0.51335137,-0.9176772,-0.44571931,-0.96849116,0.37848205,0.4006367,-0.96732571,-0.571879,-0.96732571,-0.99913827,-0.39099863,-0.99549531,15,"sitting"
0.039398894,-0.10382815,0.073432363,0.015333731,-0.99120205,-0.040279482,0.037972328,0.088597248,0.12727071,0.9704685,-0.93272658,0.91099433,-0.92410252,0.92566531,0.93294776,-0.76629419,-0.91543277,0.96765439,-0.92686386,-0.98483373,-0.97432218,-0.75088151,-0.60158765,0.97610615,-0.73569146,-0.96323394,-0.73569146,-0.96272221,-0.97979303,-0.96269922,15,"sitting"
0.039398894,0.039732275,0.061060401,0.033299963,-0.99408528,-0.014706691,0.034409084,0.052016479,0.088280262,0.9704685,-0.86591979,0.9083856,-0.70731646,0.70639445,0.90069581,-0.88374056,-0.9346552,0.96674121,-0.70509951,-0.99497025,-0.93260005,-0.89973079,-0.73214031,0.93116668,-0.87986716,-0.85211927,-0.87986716,-0.99163109,-0.93431482,-0.93174688,15,"sitting"
0.0001937326,0.039732275,0.069621202,0.020957948,-0.99699831,-0.014925985,0.034409084,0.052493012,0.060769976,0.98967821,-0.5569351,0.92376191,-0.83920584,0.84399996,0.90069581,-0.94442707,-0.94312954,0.97256532,-0.84845719,-0.99522154,-0.92298865,-0.96156101,-0.75318374,0.92336278,-0.94794014,-0.89478449,-0.94794014,-0.99812756,-0.92910236,-0.96399583,15,"sitting"
0.0001937326,0.046313382,0.06608927,0.026097511,-0.99622816,-0.023076491,0.055521909,0.064109158,0.060769976,0.98967821,-0.02829976,0.91839139,-0.32592902,0.34284849,0.89791166,-0.95797666,-0.93106081,0.97054522,-0.36005401,-0.99318388,-0.75550775,-0.9608176,-0.71207204,0.75163196,-0.95799208,-0.60156146,-0.95799208,-0.99869812,-0.76457396,-0.98472508,15,"sitting"
-0.00033161948,0.04716637,0.067642342,0.023823421,-0.99660187,-0.016334539,0.047046094,0.054472626,0.059567744,0.98973898,-0.051940719,0.92026193,-0.21364458,0.2782974,0.89730358,-0.96060885,-0.93976939,0.9712496,-0.34397952,-0.99513704,-0.68295987,-0.9571423,-0.74264259,0.6863322,-0.95755502,-0.61828898,-0.95755502,-0.9986749,-0.7119724,-0.98492066,15,"sitting"
0.003979009,0.04716637,0.066635266,0.025287882,-0.99633766,-0.01541073,0.047046094,0.05314399,0.056618834,0.98881989,-0.10210889,0.91956945,-0.26581517,0.29607883,0.89730358,-0.96051275,-0.93975104,0.97098858,-0.32669455,-0.99542022,-0.42374044,-0.96012406,-0.74271781,0.37722552,-0.95847955,-0.60072814,-0.95847955,-0.99872332,-0.36768366,-0.98849065,15,"sitting"
0.003979009,0.049996453,0.063765172,0.029476525,-0.99562833,-0.021002899,0.051667566,0.061125569,0.056634063,0.98881989,-0.19105531,0.91693567,-0.32221032,0.33422259,0.89672361,-0.98082905,-0.9311653,0.96999676,-0.34624181,-0.99386775,0.11834663,-0.97721165,-0.71192295,-0.22618096,-0.97776546,-0.64481792,-0.97776546,-0.99952804,0.26321725,-0.99445112,15,"sitting"
0.0039230159,0.053895669,0.064077165,0.029022986,-0.99571728,-0.02014786,0.059039333,0.05990718,0.056634063,0.9888698,-0.081486508,0.91744204,-0.44665117,0.46458564,0.8957286,-0.99198431,-0.93236074,0.9701877,-0.48260494,-0.99415048,-0.12994835,-0.98890735,-0.71604304,0.048495384,-0.99198331,-0.31711447,-0.99198331,-0.99988634,-0.022172398,-0.99511614,15,"sitting"
0.0048789767,0.053895669,0.063316906,0.030120065,-0.99551047,-0.018947134,0.059039333,0.058177149,0.050300865,0.98912185,-0.15841993,0.91647397,-0.46006998,0.48781292,0.89569675,-0.99076392,-0.93286112,0.96982289,-0.51581617,-0.9945356,-0.23068616,-0.98895094,-0.71838806,0.15921865,-0.99139845,-0.4262892,-0.99139845,-0.99987562,-0.1364534,-0.99904485,15,"sitting"
0.0048789767,0.056200918,0.062039123,0.031984383,-0.99516489,-0.019127033,0.059560062,0.058431783,0.050300865,0.98912185,-0.28241584,0.91592688,-0.45287269,0.48080072,0.89518898,-0.98989955,-0.93140404,0.96961676,-0.50891267,-0.99448352,-0.043188011,-0.985262,-0.71304127,-0.046005942,-0.9893179,-0.36240989,-0.9893179,-0.9998341,0.074694385,-0.99850656,15,"sitting"
0.0045662646,0.057785822,0.061944176,0.032138737,-0.99513598,-0.019617635,0.059560062,0.059148986,0.052060918,0.98954535,-0.21177981,0.91696599,-0.31974048,0.37978495,0.89519568,-0.99317249,-0.93081454,0.97000841,-0.44060718,-0.99432891,0.0073224475,-0.99071113,-0.70995258,-0.093416505,-0.99267597,-0.24098004,-0.99267597,-0.99989871,0.11548005,-0.9989987,15,"sitting"
0.0050791269,0.05804444,0.061591513,0.032671353,-0.99503237,-0.021355796,0.061605476,0.061650528,0.053859753,0.98997563,-0.18884968,0.91770165,-0.33658605,0.38384507,0.89579625,-0.9960437,-0.92869483,0.97028558,-0.43135142,-0.99378993,-0.14133606,-0.99499754,-0.70128891,0.082724988,-0.99611516,-0.1798398,-0.99611516,-0.99995289,-0.079477194,-0.99917946,15,"sitting"
0.0050801216,0.057523901,0.061595423,0.032686605,-0.99502892,-0.021477209,0.061347245,0.061847195,0.053859753,0.99010055,-0.23392251,0.91925337,-0.3061031,0.34525775,0.89650703,-0.99526817,-0.92857393,0.97087002,-0.38484847,-0.99374538,-0.19170265,-0.99284711,-0.69959814,0.13438822,-0.99536051,-0.37221739,-0.99536051,-0.99994203,-0.12942567,-0.99951349,15,"sitting"
0.0050801216,0.056778525,0.062362143,0.031564772,-0.99524489,-0.019711979,0.059053548,0.05932343,0.053775199,0.99053558,-0.13515622,0.91988962,-0.37483645,0.40922178,0.89650703,-0.98795549,-0.9311357,0.97110965,-0.44359293,-0.99428898,-0.3532332,-0.9863909,-0.7089275,0.328025,-0.98750096,-0.55205338,-0.98750096,-0.99979517,-0.34606044,-0.99909929,15,"sitting"
0.0062478035,0.056778525,0.062258659,0.031701714,-0.99521755,-0.017609616,0.057306378,0.056303704,0.049212217,0.99053558,-0.1197331,0.91931057,-0.35363431,0.39906782,0.8964154,-0.98512748,-0.93313867,0.97089161,-0.44424275,-0.99491745,-0.40715926,-0.98174579,-0.7170438,0.41888261,-0.97966,-0.28417014,-0.97966,-0.99958774,-0.47279327,-0.99104978,15,"sitting"
0.83362112,0.86043809,-0.65869801,0.86325579,0.49863083,-0.33171074,0.41488481,0.47503213,0.50676352,-0.35935161,0.439939,-0.97154287,-0.96640556,0.97382938,-0.12355881,-0.67125056,0.4814864,-0.32052877,-0.98098714,-0.56194681,-0.68463309,-0.65212872,0.17668516,0.67885477,-0.64092148,-0.76230989,-0.64092148,-0.93252158,-0.69439089,-0.77221466,15,"laying"
0.84136631,0.86897951,-0.68838341,0.88031383,0.55730534,-0.29623697,0.40110666,0.42950675,0.49739857,-0.35718236,0.61711143,-0.96804842,-0.84102502,0.84086638,-0.31549151,-0.78381829,0.46365362,-0.29632675,-0.84038772,-0.64217032,-0.39472959,-0.81957014,0.14790024,0.34554775,-0.78621806,-0.89104141,-0.78621806,-0.97520279,-0.33540459,-0.95661203,15,"laying"
0.84136631,0.89886061,-0.70059963,0.89063089,0.5929846,-0.27528849,0.40110666,0.4040882,0.39932248,-0.22232596,0.16740251,-0.95625936,-0.9648884,0.97022292,-0.31549151,-0.98361575,0.43523899,-0.25658227,-0.97525954,-0.68596074,-0.68794011,-0.98820564,0.18442348,0.66221429,-0.98570019,-0.9296578,-0.98570019,-0.9997529,-0.6564771,-0.98295261,15,"laying"
0.84088338,0.9037986,-0.6999963,0.8904336,0.59228825,-0.27748151,0.40429962,0.40697831,0.39660257,-0.2195484,-0.079531232,-0.95906746,-0.59993186,0.59665523,-0.32238028,-0.99639878,0.44037576,-0.26361517,-0.59315401,-0.68141328,-0.022542046,-0.99447861,0.17808643,-0.020901521,-0.99601765,-0.534426,-0.99601765,-0.99995136,-0.00098595005,-0.99110343,15,"laying"
0.83973039,0.9037986,-0.70041726,0.89043009,0.5922756,-0.27718805,0.40693905,0.40648816,0.39634508,-0.2195484,-0.14322984,-0.9594075,-0.48794164,0.4936082,-0.33173008,-0.99757977,0.44095207,-0.26446846,-0.49904373,-0.68219429,0.18898996,-0.99725696,0.1751264,-0.25837391,-0.99718467,-0.19691569,-0.99718467,-0.99996737,0.24988286,-0.9977329,15,"laying"
0.83973039,0.90349113,-0.70107779,0.89026468,0.59169601,-0.2760526,0.40597975,0.40478298,0.39442406,-0.21713004,-0.38881955,-0.95871105,-0.33419788,0.37256493,-0.3307731,-0.99866728,0.43955075,-0.26267008,-0.41164853,-0.68489203,0.18146885,-0.99734848,0.173579,-0.2710356,-0.99830544,-0.083047164,-0.99830544,-0.99998124,0.28476394,-0.99877918,15,"laying"
0.84070248,0.90349113,-0.70186774,0.8905213,0.59259619,-0.27507565,0.40493237,0.40343358,0.39223162,-0.21673876,0.27471776,-0.95853265,-0.050990988,0.13316666,-0.3307731,-0.96823279,0.4391808,-0.26221168,-0.21688696,-0.68702063,-0.10305751,-0.9670557,0.17155167,0.081586325,-0.96345137,-0.35834258,-0.96345137,-0.99896603,-0.12093251,-0.98583897,15,"laying"
0.84070248,0.90399983,-0.70172276,0.89107756,0.59454632,-0.27585598,0.40493237,0.40471775,0.39827924,-0.22469076,0.21952426,-0.95959376,-0.14608323,0.19063634,-0.33082365,-0.97405538,0.4412936,-0.26497016,-0.23630721,-0.68498629,-0.20924211,-0.96885717,0.17118927,0.19769169,-0.96784616,-0.41563985,-0.96784616,-0.99916036,-0.24031416,-0.98700831,15,"laying"
0.84070052,0.90302522,-0.69968844,0.8902839,0.59176438,-0.27934679,0.40547016,0.40938774,0.40071518,-0.22827323,-0.05824404,-0.96186181,-0.55359781,0.55791434,-0.33293037,-0.98875977,0.44570972,-0.27095703,-0.56223144,-0.67755917,-0.1723105,-0.98778079,0.17000017,0.13295319,-0.98800858,-0.045526639,-0.98800858,-0.99980644,-0.14853947,-0.99533792,15,"laying"
0.8390108,0.90288306,-0.69868261,0.88941854,0.58873179,-0.28126032,0.41311642,0.41172505,0.40071518,-0.22901189,-0.090214863,-0.96339907,-0.54101189,0.54655184,-0.34107266,-0.99639977,0.44865189,-0.27507053,-0.55202768,-0.67383719,-0.059135777,-0.99561904,0.1659856,0.0068170966,-0.99568503,0.0001033717,-0.99568503,-0.99994674,-0.015946063,-0.99599798,15,"laying"
0.83924787,0.90288306,-0.69938116,0.88945577,0.58886226,-0.28082122,0.41285055,0.41099081,0.39976574,-0.23145642,-0.21870053,-0.96402239,-0.36709464,0.38255778,-0.34459666,-0.99665996,0.44982993,-0.27677871,-0.39822334,-0.67501656,0.015253823,-0.99597772,0.16084003,-0.065694796,-0.99530017,-0.17199577,-0.99530017,-0.99994113,0.049046094,-0.9943153,15,"laying"
0.83943543,0.90288439,-0.69983334,0.88999997,0.59076853,-0.28060117,0.41285055,0.41083027,0.39908531,-0.23145762,-0.31079751,-0.96450305,-0.36990559,0.38641789,-0.34538303,-0.9961348,0.45083316,-0.27810279,-0.40316053,-0.67527401,-0.12338085,-0.99379419,0.15934278,0.087923688,-0.99590385,-0.4290813,-0.99590385,-0.99994993,-0.11106419,-0.99599077,15,"laying"
0.84011372,0.90366009,-0.69999944,0.89036427,0.59204498,-0.28043354,0.4123377,0.41073337,0.39904435,-0.23145762,-0.46106361,-0.9645068,-0.4610781,0.47572444,-0.34642321,-0.99626507,0.45088176,-0.27811263,-0.49033265,-0.67542918,-0.30427759,-0.99658693,0.16005424,0.25669405,-0.99655519,-0.15933395,-0.99655519,-0.99995893,-0.25403622,-0.99466283,15,"laying"
0.87027183,0.88695504,-0.69990023,0.88689019,0.58023419,-0.27669884,0.31359372,0.40443714,0.42905311,-0.22412814,0.66172437,-0.95770995,-0.76998046,0.77149752,-0.30248428,-0.8006542,0.43736816,-0.26029919,-0.77264825,-0.68296132,-0.64811935,-0.81480203,0.16805018,0.61434312,-0.79318712,-0.84457893,-0.79318712,-0.97672183,-0.60289114,-0.90716543,15,"laying"
0.85914215,0.88695504,-0.70809594,0.89348148,0.60338366,-0.26108631,0.33802843,0.38509208,0.42905311,-0.22412814,0.40483619,-0.94518705,-0.56802728,0.56692102,-0.25784864,-0.73895947,0.41727967,-0.23233029,-0.56561458,-0.71189275,-0.58473155,-0.72484677,0.18804074,0.54987732,-0.71419992,-0.90920264,-0.71419992,-0.95665857,-0.54156415,-0.6682581,15,"laying"
0.88062124,0.91001174,-0.74629782,0.91145643,0.66700479,-0.20525287,0.19327039,0.3108297,0.3674897,-0.18571319,-0.42126488,-0.92829611,-0.69465384,0.69817082,-0.23716399,-0.49660739,0.3897297,-0.19560615,-0.70140887,-0.81050829,-0.6198661,-0.5887267,0.10903778,0.59589929,-0.50641178,-0.92325876,-0.50641178,-0.87440426,-0.59656635,-0.56986743,15,"laying"
0.8812788,0.91765006,-0.77912322,0.92294153,0.70847753,-0.14312892,0.17250728,0.22648286,0.32571191,-0.14704328,-0.55724783,-0.90449683,-0.81560779,0.81774875,-0.16235773,-0.52936846,0.35812909,-0.15429865,-0.81960897,-0.8965886,-0.59381365,-0.5939605,-0.0057219729,0.56605584,-0.52838591,-0.9370104,-0.52838591,-0.88511534,-0.56442224,-0.84214408,15,"laying"
0.8812788,0.93241291,-0.77470165,0.92463565,0.71448964,-0.12121586,0.17250728,0.19756134,0.21575015,-0.12114514,-0.62561553,-0.87575974,-0.94268418,0.94587773,-0.15960377,-0.90693991,0.32422731,-0.10752154,-0.94876444,-0.92631836,-0.65533663,-0.92422782,0.011547849,0.63385539,-0.90426447,-0.95073166,-0.90426447,-0.9944868,-0.6348144,-0.97815578,15,"laying"
0.87041663,0.93241291,-0.76123175,0.92020923,0.69837118,-0.13820604,0.19976731,0.22111684,0.21640692,-0.062903346,0.11507133,-0.87044599,-0.8940228,0.89859319,-0.15960377,-0.97761976,0.31855441,-0.099174866,-0.90283297,-0.90803528,-0.53226409,-0.97747787,0.078519507,0.50201945,-0.97779254,-0.71184941,-0.97779254,-0.99952899,-0.50222819,-0.98430182,15,"laying"
0.86943995,0.93271748,-0.76165893,0.92082738,0.70060876,-0.14155516,0.22610914,0.22576548,0.21891265,-0.062903346,-0.40275962,-0.8746009,-0.61155412,0.6150527,-0.17066058,-0.98553484,0.32317215,-0.10519326,-0.61834339,-0.90415001,-0.22741125,-0.98429965,0.081046618,0.19319122,-0.98499816,-0.32038841,-0.98499816,-0.99973554,-0.21062818,-0.99287516,15,"laying"
0.86943995,0.93258102,-0.76029355,0.92031976,0.69877112,-0.14376194,0.22610914,0.2288008,0.22216183,-0.062612744,-0.20135004,-0.87463714,-0.48099978,0.51284588,-0.17478648,-0.98767797,0.3232563,-0.10524472,-0.54484113,-0.90146751,-0.15393116,-0.98446111,0.087679769,0.10755057,-0.9864526,-0.25414084,-0.9864526,-0.9997707,-0.116859,-0.9953893,15,"laying"
0.86998512,0.93258102,-0.75943963,0.91984834,0.69706406,-0.14512702,0.22880617,0.23064166,0.22216183,-0.066855243,-0.3746398,-0.87469218,-0.48451771,0.51110737,-0.17429089,-0.90853369,0.32330199,-0.10532749,-0.53761419,-0.89985504,-0.10555619,-0.91163938,0.09115934,0.051946682,-0.89506899,0.15997058,-0.89506899,-0.99347921,-0.056319404,-0.98342473,15,"laying"
0.87733848,0.93277616,-0.76608368,0.92343905,0.71010845,-0.14218616,0.22470919,0.22673732,0.22072056,-0.095695593,-0.38443193,-0.88230832,-0.47548678,0.47766102,-0.17429089,-0.91183588,0.33209069,-0.11697123,-0.47972393,-0.90329253,-0.22241268,-0.91851755,0.068087431,0.16771056,-0.89989611,-0.032457011,-0.89989611,-0.99401903,-0.16355263,-0.9725179,15,"laying"
0.87912431,0.93548908,-0.77604357,0.92873901,0.7294021,-0.13727433,0.21578556,0.22020199,0.21535232,-0.096073638,-0.46514609,-0.89316646,-0.89935462,0.90078739,-0.1807992,-0.96564148,0.34472895,-0.13374471,-0.90189411,-0.90889613,-0.5640686,-0.95969579,0.032762852,0.54259094,-0.96340416,-0.73034895,-0.96340416,-0.99896241,-0.55016969,-0.96964702,15,"laying"
0.87912431,0.94168361,-0.77924079,0.93041887,0.73553246,-0.13537529,0.21578556,0.21766454,0.21500427,-0.096073638,0.077606164,-0.89626708,-0.64684805,0.65934236,-0.20750058,-0.98232435,0.34840574,-0.13862577,-0.67114945,-0.91105172,-0.23569014,-0.97994595,0.021158465,0.18123706,-0.98067164,-0.52281938,-0.98067164,-0.99961771,-0.17648898,-0.98883998,15,"laying"
0.87912176,0.94085873,-0.77611106,0.92892233,0.73006232,-0.14061271,0.21614325,0.22478366,0.22363313,-0.10023504,-0.4409175,-0.89679999,-0.4159822,0.42778287,-0.20750221,-0.98751626,0.34902961,-0.13949458,-0.4397875,-0.9049266,-0.013271447,-0.98343809,0.034446539,-0.044677346,-0.98459855,-0.52919263,-0.98459855,-0.9997255,0.037665064,-0.99552454,15,"laying"
0.87620711,0.94015632,-0.77343151,0.92755258,0.7250578,-0.147221,0.22850584,0.23373789,0.22783812,-0.10434184,-0.36729833,-0.89967591,-0.55491717,0.55552269,-0.20812698,-0.99082626,0.35248743,-0.14421407,-0.55589396,-0.89705689,0.16322604,-0.99013644,0.04557787,-0.17816954,-0.98946149,-0.50448229,-0.98946149,-0.9998375,0.11329208,-0.99398877,15,"laying"
0.87548224,0.93822571,-0.77183565,0.92666367,0.72181725,-0.14997982,0.23714092,0.23744744,0.22788811,-0.10434184,-0.21592787,-0.90020155,-0.65134109,0.65153674,-0.20706952,-0.99182389,0.35308718,-0.14507639,-0.65152593,-0.89371038,0.084135948,-0.99060746,0.051417944,-0.096815233,-0.99209937,-0.36412051,-0.99209937,-0.99988848,0.034398932,-0.99451036,15,"laying"
0.87471991,0.93743155,-0.76983424,0.9251202,0.71619628,-0.14872984,0.23513923,0.23560263,0.22788811,-0.1026188,-0.52165113,-0.89569381,-0.59611219,0.59383865,-0.20089167,-0.99027003,0.34749372,-0.13773995,-0.59134478,-0.89538698,-0.20124058,-0.98973216,0.056404488,0.15212674,-0.99084499,-0.15885365,-0.99084499,-0.99986504,-0.15544685,-0.99621849,15,"laying"
0.8733116,0.93743155,-0.76918611,0.92465648,0.71450788,-0.14794449,0.23513923,0.23449834,0.22782412,-0.095342601,-0.47129375,-0.89383025,-0.58287971,0.58164888,-0.20089167,-0.99243517,0.34520491,-0.13471143,-0.5801646,-0.89639381,-0.056968566,-0.99013368,0.058018154,-0.015756939,-0.99086956,0.021546529,-0.99086956,-0.99986557,0.028042827,-0.99447733,15,"laying"
0.87419983,0.93764361,-0.76913135,0.92508594,0.71607019,-0.15004887,0.2353877,0.23746446,0.23015735,-0.095986817,-0.2349575,-0.89597429,-0.67520273,0.6879997,-0.20189668,-0.96339381,0.34788275,-0.13815907,-0.70077638,-0.89368457,-0.36637199,-0.95869574,0.060480482,0.34284757,-0.96197373,-0.62836494,-0.96197373,-0.99889644,-0.3614685,-0.97240652,15,"laying"
0.87650639,0.9379043,-0.77134059,0.92658077,0.72151859,-0.14884415,0.23416965,0.23594208,0.23015735,-0.10247133,-0.16530075,-0.89811317,-0.66723828,0.68008883,-0.2090765,-0.96120188,0.3505798,-0.14163697,-0.69291659,-0.89506219,-0.39078326,-0.95691349,0.053784176,0.36481986,-0.96120161,-0.69643067,-0.96120161,-0.99885928,-0.37938098,-0.97360222,15,"laying"
0.87660676,0.9396887,-0.77449721,0.9283202,0.72786005,-0.14645355,0.23416965,0.23276146,0.224527,-0.1034502,-0.023651943,-0.90048713,-0.32551398,0.32585224,-0.20973185,-0.99244785,0.35354083,-0.14554183,-0.32622653,-0.89796522,-0.148664,-0.98980918,0.042500114,0.086055018,-0.99135372,-0.58032323,-0.99135372,-0.99987476,-0.078580134,-0.98980456,15,"laying"
0.87660891,0.94138528,-0.77490379,0.92853372,0.72863925,-0.14630537,0.23432318,0.23256638,0.22263401,-0.1034502,-0.074648147,-0.90097171,-0.40416675,0.40577085,-0.21236545,-0.99617431,0.35413668,-0.14633837,-0.40728017,-0.89814097,0.10070067,-0.99445008,0.041027023,-0.11918093,-0.99437277,-0.28151213,-0.99437277,-0.99992692,0.062788593,-0.99472476,15,"laying"
-0.25835542,-0.22634472,0.24995872,-0.24405953,-0.90143334,-0.053876496,0.083611105,0.10937562,0.12797188,0.95828617,-0.2037725,0.8661415,-0.6802738,0.73218784,0.88547793,-0.53008647,-0.7582611,0.95070853,-0.78379052,-0.97783847,-0.29734005,-0.40133389,-0.13554871,0.33065949,-0.4421466,-0.68817577,-0.4421466,-0.84030997,-0.41276716,-0.29690742,15,"walking"
-0.25312717,-0.21446962,0.24617937,-0.23813301,-0.90655692,-0.039519882,0.081701514,0.088478896,0.10407236,0.9627146,-0.3313044,0.86972229,-0.60876421,0.67414555,0.88547793,-0.53052472,-0.77113644,0.95208438,-0.73869103,-0.98625297,-0.22313934,-0.37731005,-0.20483469,0.27410264,-0.39929434,-0.52533383,-0.39929434,-0.81530365,-0.37912053,-0.3176312,15,"walking"
-0.25101385,-0.21110743,0.24451572,-0.23481977,-0.90935329,-0.042311438,0.081701514,0.092141015,0.09141804,0.9627146,-0.37786769,0.85485027,-0.44835414,0.52228023,0.87708868,-0.47533952,-0.77197667,0.94640749,-0.59253032,-0.98507991,-0.18604485,-0.32604847,-0.21496307,0.23987497,-0.34244177,-0.44691662,-0.34244177,-0.77928507,-0.35176683,-0.32963055,15,"walking"
-0.25101385,-0.21775724,0.24766188,-0.23937935,-0.905454,-0.041011463,0.080918782,0.09028643,0.09141804,0.96223172,-0.20990838,0.85228541,-0.44243093,0.50944281,0.87363528,-0.45493626,-0.76837337,0.94542534,-0.57273557,-0.9857013,-0.18467791,-0.26633011,-0.20942521,0.23145176,-0.32879899,-0.45576822,-0.32879899,-0.77015457,-0.33580168,-0.18652748,15,"walking"
-0.24789943,-0.21775724,0.24637471,-0.23753846,-0.90697742,-0.039024488,0.080812373,0.087437663,0.089823597,0.96223172,-0.12048506,0.85482679,-0.47999486,0.55357219,0.87594196,-0.49098112,-0.77111449,0.94639868,-0.62398143,-0.98665462,-0.20302041,-0.3310739,-0.22016478,0.24925012,-0.34136509,-0.47727791,-0.34136509,-0.77852824,-0.35215753,-0.24532853,15,"walking"
-0.24612428,-0.21070885,0.24187396,-0.23142366,-0.91215071,-0.047351588,0.080812373,0.099554266,0.10070908,0.96552622,-0.11080156,0.86269708,-0.44975841,0.52520214,0.8783417,-0.45480062,-0.77278699,0.94940979,-0.59680266,-0.98237402,-0.13290209,-0.36598396,-0.19860361,0.18374141,-0.3180083,-0.41529138,-0.3180083,-0.76286909,-0.29664167,-0.39152991,15,"walking"
-0.24612428,-0.22545016,0.24910407,-0.24229728,-0.90277922,-0.051070029,0.10048029,0.10509395,0.10070908,0.96048935,-0.15862387,0.85986407,-0.53724886,0.60374324,0.87837861,-0.48572529,-0.76102475,0.94832128,-0.6683732,-0.98040071,-0.21687748,-0.37215146,-0.15636575,0.24457215,-0.33646475,-0.37523316,-0.33646475,-0.77535644,-0.32683142,-0.32718708,15,"walking"
-0.26243189,-0.22651668,0.25659799,-0.2532833,-0.89325636,-0.047081156,0.09433672,0.099421702,0.098449637,0.96048935,-0.16079607,0.85555195,-0.58116381,0.64751134,0.87961484,-0.54696716,-0.75313172,0.94667062,-0.71274974,-0.98254945,-0.25731979,-0.42082582,-0.14486271,0.27752828,-0.42946653,-0.36708629,-0.42946653,-0.83310031,-0.34863477,-0.25858011,15,"walking"
-0.26477602,-0.22651668,0.25492032,-0.25114045,-0.89518166,-0.044891546,0.09433672,0.096372976,0.090664939,0.96312508,-0.10597774,0.86306312,-0.5581943,0.62250619,0.87961484,-0.62847459,-0.75653946,0.94954784,-0.6848198,-0.98369986,-0.17263715,-0.50175831,-0.15329559,0.19880832,-0.50066559,-0.3773459,-0.50066559,-0.87151531,-0.28054596,-0.33636548,15,"walking"
-0.26477602,-0.22244591,0.25284696,-0.24811867,-0.89790459,-0.04513903,0.09551955,0.096719593,0.090664939,0.96543695,-0.06493128,0.86504701,-0.46563295,0.5226884,0.878878,-0.61017671,-0.75922458,0.950309,-0.57678874,-0.98357786,-0.091861648,-0.46547722,-0.15911173,0.12477803,-0.49542328,-0.1668996,-0.49542328,-0.86882435,-0.217848,-0.33353139,15,"walking"
-0.25845201,-0.22037861,0.25158757,-0.24586204,-0.89987383,-0.044546485,0.093292836,0.095691773,0.089537614,0.96309905,-0.24421985,0.85971746,-0.4441282,0.5121566,0.87697979,-0.51503763,-0.76123853,0.94827003,-0.57723269,-0.98394424,-0.16010592,-0.35945143,-0.17190707,0.22143772,-0.39339833,-0.19384714,-0.39339833,-0.81167807,-0.34257312,-0.37068001,15,"walking"
-0.25188519,-0.22007618,0.24755699,-0.23963436,-0.90524587,-0.042238978,0.078176523,0.092207436,0.088878878,0.96284727,-0.27377961,0.85868511,-0.48632665,0.55851527,0.87777653,-0.46869543,-0.76789299,0.94787391,-0.62800916,-0.98511795,-0.19273364,-0.35073108,-0.19889117,0.23537599,-0.35560037,-0.4758818,-0.35560037,-0.78793789,-0.33518215,-0.2295477,15,"walking"
-0.25188519,-0.22544181,0.25012048,-0.24265932,-0.90258794,-0.035356117,0.071292541,0.082076508,0.087669088,0.95432902,-0.18859426,0.84751749,-0.5785534,0.64051695,0.87777653,-0.49242047,-0.76771166,0.94358453,-0.7009161,-0.98828734,-0.21337223,-0.3895907,-0.22599531,0.25288122,-0.37874368,-0.56500819,-0.37874368,-0.80253471,-0.3477207,-0.14497487,15,"walking"
-0.26464465,-0.23167226,0.25773729,-0.25424532,-0.89234052,-0.035361098,0.071292541,0.082297494,0.086958974,0.95432902,-0.15596464,0.84862712,-0.69464403,0.75091129,0.88623426,-0.52150055,-0.75719288,0.94400105,-0.80721127,-0.98820533,-0.27451402,-0.44624705,-0.19314078,0.3187759,-0.42216195,-0.41832209,-0.42216195,-0.82881612,-0.41336554,-0.32590346,15,"walking"
-0.27146538,-0.23776858,0.26367697,-0.26312407,-0.88413208,-0.050527051,0.088789209,0.10424565,0.12274875,0.95215194,-0.3142117,0.83960508,-0.61754726,0.6752898,0.87333468,-0.58715755,-0.74173831,0.94054772,-0.73216468,-0.98044585,-0.34124047,-0.46527291,-0.11702303,0.38677974,-0.4903069,-0.65705783,-0.4903069,-0.8662238,-0.47991171,-0.35013095,15,"walking"
-0.25374138,-0.23574766,0.25472795,-0.2498603,-0.89607884,-0.045348499,0.088555297,0.096638908,0.093685877,0.95215194,-0.23277658,0.84715305,-0.66901471,0.72736787,0.88827696,-0.53973095,-0.75656588,0.94342429,-0.78568992,-0.98355337,-0.3566895,-0.41296821,-0.1678366,0.40783599,-0.44731856,-0.56748585,-0.44731856,-0.84315286,-0.50655893,-0.33932046,15,"walking"
-0.24926325,-0.21971578,0.2440218,-0.23542332,-0.90882274,-0.041444649,0.082498129,0.091415862,0.091991116,0.95757103,-0.22928965,0.87851289,-0.65950333,0.72725658,0.88943779,-0.52152187,-0.77309501,0.95542159,-0.79522456,-0.98534065,-0.35122044,-0.42298123,-0.19792812,0.3958914,-0.42082103,-0.50532645,-0.42082103,-0.82806927,-0.48743241,-0.39740505,15,"walking"
-0.24926325,-0.21279205,0.24449014,-0.23626104,-0.90812228,-0.033800517,0.071071909,0.080425609,0.078700374,0.97155251,-0.30903428,0.8838115,-0.50185693,0.57023848,0.88943779,-0.55870876,-0.776171,0.95745585,-0.63570404,-0.98885885,-0.25319949,-0.42125469,-0.22110818,0.29441774,-0.42205744,-0.50660049,-0.42205744,-0.8287683,-0.38681097,-0.40697713,15,"walking"
-0.2563431,-0.22763176,0.25109688,-0.24597749,-0.89971335,-0.031560561,0.071071909,0.077230797,0.077000686,0.97155251,-0.34622049,0.87921803,-0.40351935,0.47075225,0.88408743,-0.55605493,-0.76802346,0.95571216,-0.53325262,-0.98982091,-0.34644491,-0.40047958,-0.2066118,0.39908137,-0.41336459,-0.53289294,-0.41336459,-0.82354215,-0.4990517,-0.42734752,15,"walking"
-0.26263478,-0.23209667,0.25578778,-0.25339538,-0.89309944,-0.036000415,0.074760304,0.08386656,0.088372135,0.97488231,-0.23852037,0.88182165,-0.33232458,0.40337685,0.88408743,-0.53439711,-0.75960624,0.95670346,-0.46849305,-0.9878211,-0.37834549,-0.43099959,-0.16683026,0.41782718,-0.42207124,-0.54151798,-0.42207124,-0.82881543,-0.50248083,-0.41258507,15,"walking"
-0.25441622,-0.23209667,0.2511034,-0.24564292,-0.8998716,-0.043686379,0.08783437,0.094640259,0.09618808,0.9630122,-0.18109991,0.86857744,-0.54617511,0.61392877,0.88359232,-0.55680054,-0.7623386,0.95164801,-0.67993685,-0.98424717,-0.35653734,-0.41761267,-0.16881619,0.39874595,-0.43509286,-0.47713677,-0.43509286,-0.83628274,-0.48772218,-0.38706775,15,"walking"
-0.2466997,-0.21123926,0.24400688,-0.23406174,-0.90997092,-0.047829062,0.097134675,0.1000475,0.096248297,0.95840626,-0.13530639,0.85247261,-0.63871364,0.69606595,0.87988961,-0.53388108,-0.7696686,0.94549186,-0.75287221,-0.98234659,-0.26944155,-0.42387565,-0.19765559,0.30674766,-0.41965635,-0.40405757,-0.41965635,-0.82740816,-0.39532292,-0.31470317,15,"walking"
-0.2466997,-0.20865257,0.24099146,-0.23015135,-0.91320603,-0.048588493,0.097134675,0.10133306,0.10199932,0.95840626,-0.21057029,0.86317274,-0.63433694,0.69110064,0.88505211,-0.57232916,-0.77325509,0.94957752,-0.74738793,-0.98183807,-0.2413502,-0.45633754,-0.19698313,0.28796078,-0.44193355,-0.39543328,-0.44193355,-0.84015442,-0.38762009,-0.42267476,15,"walking"
-0.24749114,-0.21889847,0.24314572,-0.2338663,-0.91006737,-0.048848242,0.08929828,0.1019759,0.10199932,0.96663001,-0.30869433,0.87103488,-0.54537916,0.60701284,0.88505211,-0.57832849,-0.77023846,0.95259091,-0.66686537,-0.9815659,-0.22780228,-0.44507057,-0.17938249,0.28844582,-0.42780692,-0.54343241,-0.42780692,-0.83208198,-0.40530392,-0.41514248,15,"walking"
-0.25199552,-0.21897046,0.24866285,-0.24165076,-0.90350707,-0.042749732,0.080946213,0.093107204,0.10189385,0.96580045,-0.23298673,0.86418883,-0.40311841,0.47467576,0.87874698,-0.53338206,-0.76613071,0.94998039,-0.54184159,-0.98467178,-0.23338606,-0.39786835,-0.18696052,0.28719937,-0.40353477,-0.56420792,-0.40353477,-0.81786087,-0.39675604,-0.3215929,15,"walking"
-0.25559102,-0.21897046,0.24825682,-0.2407327,-0.90432835,-0.04334957,0.080946213,0.093840056,0.098515208,0.9634853,-0.19758452,0.85885929,-0.43494842,0.49692892,0.87810449,-0.55333618,-0.76637188,0.94794148,-0.555165,-0.98440907,-0.19267195,-0.43715965,-0.1914161,0.25077372,-0.44187892,-0.50480933,-0.44187892,-0.84016055,-0.36625108,-0.35860715,15,"walking"
-0.25559102,-0.20951986,0.24586793,-0.23728556,-0.90729826,-0.048385516,0.091096784,0.10108244,0.098515208,0.9634853,-0.14169304,0.85927483,-0.5279408,0.59013566,0.87785854,-0.59189812,-0.76686764,0.94810088,-0.64964901,-0.98192579,-0.16525468,-0.49791053,-0.18111851,0.20494026,-0.49448035,-0.49213903,-0.49448035,-0.86838334,-0.30072318,-0.38141574,15,"walking"
-0.25601182,-0.21787962,0.24828019,-0.24084971,-0.90422255,-0.04168984,0.07718751,0.09148419,0.094323342,0.96482387,-0.04379134,0.86095771,-0.5200925,0.58056472,0.87785854,-0.61557689,-0.7671904,0.9487453,-0.6383225,-0.98524716,-0.24345338,-0.53313289,-0.19584767,0.27908251,-0.50810507,-0.47190457,-0.50810507,-0.87524674,-0.36649218,-0.38230095,15,"walking"
-0.20484229,-0.23645843,0.22969491,-0.20722683,-0.92975804,-0.058760126,0.089272568,0.11223358,0.1211975,0.9057239,-0.56607161,0.74667756,-0.67674949,0.75179126,0.86605826,0.2251438,-0.78153712,0.90425004,-0.82723123,-0.97707136,-0.27857493,0.55697846,-0.31727235,0.27246955,0.43603062,-0.55038425,0.43603062,0.035125527,-0.31628064,-0.65067289,15,"walking_downstairs"
-0.19914574,-0.17758154,0.21948476,-0.19403951,-0.94008246,-0.072653392,0.11723407,0.13229759,0.13616684,0.9057239,-0.55770519,0.77135653,-0.71122426,0.77832969,0.87931419,0.076404349,-0.78366297,0.91383,-0.84597192,-0.96808863,-0.28828218,0.2959292,-0.2810499,0.29839344,0.28469551,-0.45668806,0.28469551,-0.16985761,-0.35835627,-0.28889745,15,"walking_downstairs"
-0.19446851,-0.17758154,0.21396665,-0.18893235,-0.94339085,-0.073328111,0.12209142,0.13528519,0.13616684,0.92660159,-0.54865449,0.83284456,-0.66251561,0.72867815,0.87931419,0.020770094,-0.78961847,0.93790194,-0.79513665,-0.96660864,-0.24379901,0.31709437,-0.24064703,0.25593325,0.23460852,-0.24475066,0.23460852,-0.23311484,-0.32112036,-0.28412549,15,"walking_downstairs"
-0.19446851,-0.18301344,0.21621726,-0.19196555,-0.94129713,-0.067916831,0.12209142,0.1274825,0.13058261,0.94584753,-0.58847513,0.82984989,-0.5761141,0.64612056,0.87865463,0.079584127,-0.79141211,0.93678554,-0.71444945,-0.97053647,-0.28478965,0.46485578,-0.25540613,0.29345612,0.30069197,-0.21125579,0.30069197,-0.1495308,-0.35201582,-0.42892505,15,"walking_downstairs"
-0.17066514,-0.18301344,0.20867293,-0.18175036,-0.94723306,-0.067795845,0.12268386,0.12777889,0.12691348,0.94584753,-0.55710226,0.85086407,-0.62799946,0.69025468,0.89221611,0.071564148,-0.80047988,0.94482541,-0.7515226,-0.97043254,-0.22923576,0.40896762,-0.26689449,0.23587654,0.30756271,-0.16511137,0.30756271,-0.14043876,-0.29612482,-0.1519461,15,"walking_downstairs"
-0.17066514,-0.16354967,0.19905445,-0.16742312,-0.95656202,-0.062709025,0.10315525,0.1202263,0.12691348,0.94122544,-0.54942915,0.8513806,-0.66325218,0.72966949,0.89221611,0.020225963,-0.81601542,0.94500982,-0.79599231,-0.97372052,-0.28398934,0.30396843,-0.32562817,0.31192833,0.3225703,-0.23722682,0.3225703,-0.1206819,-0.3913579,0.01117402,15,"walking_downstairs"
-0.17524505,-0.16354967,0.20783581,-0.17733908,-0.95082271,-0.063283371,0.10315525,0.11908674,0.12629035,0.90953071,-0.58329399,0.78210767,-0.6532509,0.73669217,0.87811316,0.17361895,-0.80518625,0.91813147,-0.82062427,-0.9742618,-0.37227875,0.43901129,-0.35343068,0.41625955,0.35224561,-0.49394307,0.35224561,-0.081333477,-0.50688863,-0.53235614,15,"walking_downstairs"
-0.17659503,-0.21658163,0.20759655,-0.1780926,-0.94921723,-0.057041572,0.089932881,0.11110719,0.13781465,0.93618164,-0.60626563,0.81000654,-0.625087,0.69181232,0.87275155,0.20662338,-0.81040319,0.92910613,-0.75754764,-0.97708543,-0.41846258,0.23851623,-0.35160273,0.43943405,0.33387589,-0.610825,0.33387589,-0.10593041,-0.5024673,-0.72807975,15,"walking_downstairs"
-0.17659503,-0.15124851,0.20070227,-0.16863255,-0.95606709,-0.075318237,0.11093521,0.13705893,0.13807175,0.93618164,-0.56318027,0.81385105,-0.56674103,0.6372296,0.86406921,0.038883543,-0.80298822,0.93060422,-0.70576099,-0.96564355,-0.43468679,0.25174122,-0.30506698,0.47820776,0.18131243,-0.54529907,0.18131243,-0.29737449,-0.56331177,-0.73450446,15,"walking_downstairs"
-0.16953889,-0.15124851,0.19848566,-0.16588846,-0.95752842,-0.075107691,0.11607304,0.13714527,0.13807175,0.94961126,-0.63212928,0.8262946,-0.51580436,0.5919191,0.86950351,0.18809202,-0.80562882,0.93542195,-0.66533026,-0.96565395,-0.42172769,0.52364974,-0.30302396,0.46331596,0.35052535,-0.49309872,0.35052535,-0.083648389,-0.54739991,-0.33903393,15,"walking_downstairs"
-0.16953889,-0.15989523,0.19830815,-0.16629343,-0.95720755,-0.06460045,0.11241852,0.1228647,0.13284277,0.95102287,-0.5789533,0.84942732,-0.60602857,0.67993069,0.88310067,0.21919983,-0.81525768,0.94430652,-0.75261775,-0.97260867,-0.4197501,0.42401072,-0.3229984,0.43287763,0.3443827,-0.46470412,0.3443827,-0.091904471,-0.4869715,-0.0785841,15,"walking_downstairs"
-0.18145654,-0.15989523,0.2007478,-0.17073078,-0.95482245,-0.062971844,0.11241852,0.12125391,0.12666811,0.96073086,-0.61476407,0.8708614,-0.59984912,0.66639219,0.88696198,0.094433756,-0.81381857,0.9525211,-0.73116344,-0.97340977,-0.42242716,0.40464154,-0.29945627,0.43461465,0.30948471,-0.38350849,0.30948471,-0.13802295,-0.48745312,-0.54707864,15,"walking_downstairs"
-0.18145654,-0.1702136,0.20575753,-0.17745496,-0.95050473,-0.067360961,0.12115795,0.12709681,0.12784266,0.93311863,-0.66028748,0.85167943,-0.69245837,0.75679116,0.88696198,0.16118478,-0.80426116,0.94512966,-0.82112182,-0.97074337,-0.34426518,0.60168438,-0.27979667,0.3795773,0.37478156,-0.39391737,0.37478156,-0.050691789,-0.46249743,-0.41524909,15,"walking_downstairs"
-0.19575592,-0.1702136,0.21459895,-0.18841383,-0.94387393,-0.071544308,0.12228735,0.13170379,0.13167049,0.93136328,-0.60051179,0.80312311,-0.67938878,0.75066517,0.88008218,0.072902739,-0.79037241,0.92638053,-0.82205837,-0.96846683,-0.29401747,0.15995091,-0.27377984,0.3230135,0.26037359,-0.44665617,0.26037359,-0.20102128,-0.40286263,-0.65760795,15,"walking_downstairs"
-0.19706941,-0.21193507,0.23266866,-0.21362249,-0.92538571,-0.080359228,0.10592637,0.14371456,0.16051465,0.91482593,-0.61407987,0.7709956,-0.67889945,0.75688843,0.86031561,0.028504832,-0.76161476,0.91384375,-0.83574928,-0.96120898,-0.34497676,0.28932671,-0.1973367,0.40510799,0.23712158,-0.62961892,0.23712158,-0.22985283,-0.51502022,-0.62637073,15,"walking_downstairs"
-0.15483642,-0.18312663,0.20198198,-0.17117318,-0.95337996,-0.09030649,0.13008533,0.15877385,0.1614942,0.9268913,-0.45653237,0.81919248,-0.63740058,0.71578011,0.87737037,0.071883115,-0.78729787,0.93262719,-0.7941138,-0.95329299,-0.29836679,0.39826827,-0.23625378,0.34043453,0.2592993,-0.56083343,0.2592993,-0.20239127,-0.4341239,-0.29339466,15,"walking_downstairs"
-0.15483642,-0.14421129,0.18598732,-0.14827266,-0.96703293,-0.073238339,0.10640139,0.13486615,0.1614942,0.94667499,-0.43084736,0.84678053,-0.67880774,0.7433371,0.88217379,0.11375692,-0.82082105,0.94328145,-0.80781504,-0.96598074,-0.22724848,0.34272811,-0.34183831,0.26393841,0.27640203,-0.52383336,0.27640203,-0.18076698,-0.35661968,-0.040505113,15,"walking_downstairs"
-0.15938804,-0.13895249,0.1925837,-0.15722197,-0.96245458,-0.071890501,0.10640139,0.13244633,0.14479788,0.93992597,-0.51804165,0.82808175,-0.66508387,0.74022676,0.88217379,0.13641814,-0.81508352,0.93605985,-0.81575284,-0.96756325,-0.18674464,0.48835397,-0.33788805,0.23822452,0.31239843,-0.38097724,0.31239843,-0.13427276,-0.348847,-0.34091654,15,"walking_downstairs"
-0.17143533,-0.13895249,0.19394732,-0.15948606,-0.9613418,-0.076765172,0.11922185,0.13958968,0.14479788,0.93992597,-0.53851782,0.83182961,-0.62342023,0.6982259,0.88456128,0.12484368,-0.80898436,0.93750907,-0.77299164,-0.96424064,-0.24829443,0.51457499,-0.30986539,0.29856176,0.32335349,-0.45231529,0.32335349,-0.1198711,-0.40300743,-0.1195547,15,"walking_downstairs"
-0.17143533,-0.13374135,0.19221689,-0.15674923,-0.9628681,-0.072143636,0.11922185,0.13285185,0.14096159,0.94350384,-0.60897137,0.82959663,-0.62897257,0.69891281,0.88456128,0.1297881,-0.81524336,0.93665059,-0.76815017,-0.96782534,-0.29914454,0.29745832,-0.33695228,0.35608369,0.28091187,-0.53852057,0.28091187,-0.17499261,-0.46350914,-0.23861722,15,"walking_downstairs"
-0.17988876,-0.14892942,0.19843758,-0.16508531,-0.95821837,-0.078552362,0.12076322,0.14131469,0.14402804,0.94300953,-0.62068846,0.80594806,-0.59072689,0.65982998,0.86082967,0.13503555,-0.80245129,0.9275446,-0.72717662,-0.96342158,-0.25994084,0.37225274,-0.30921171,0.31760327,0.27238965,-0.51209204,0.27238965,-0.18582906,-0.42872945,-0.5973073,15,"walking_downstairs"
-0.22780589,-0.29943655,0.25660655,-0.2552898,-0.88877849,-0.034544461,0.044606689,0.081981609,0.10108273,0.94422202,-0.33494391,0.89293255,-0.72399236,0.77246882,0.9126266,-0.18776922,-0.75911248,0.960815,-0.82127688,-0.98719916,-0.70131576,-0.047627244,-0.1588162,0.69622872,-0.092270075,-0.80373069,-0.092270075,-0.58299182,-0.71153689,-0.64051725,15,"walking_upstairs"
-0.25087752,-0.3156575,0.29702062,-0.31182388,-0.8310077,-0.010594175,0.032225203,0.046834983,0.082849812,0.91784581,-0.45567723,0.82145643,-0.72584972,0.78259078,0.90964761,-0.20715628,-0.70932029,0.93328399,-0.83976078,-0.99606359,-0.66671313,-0.11401215,-0.15214616,0.69883626,-0.1108287,-0.76313957,-0.1108287,-0.599687,-0.75646491,-0.5196431,15,"walking_upstairs"
-0.34519619,-0.3156575,0.31793653,-0.33821274,-0.80223102,-0.0068797945,0.032225203,0.041091749,0.055790257,0.91784581,-0.35448245,0.75234054,-0.62916197,0.69410601,0.8469844,-0.27960471,-0.67988876,0.90656824,-0.75812984,-0.99729037,-0.562959,-0.12614846,-0.14720325,0.57114118,-0.16355305,-0.78435291,-0.16355305,-0.64524785,-0.60898869,-0.17757319,15,"walking_upstairs"
-0.3434378,-0.31166456,0.31440473,-0.33358199,-0.80791643,-0.023294556,0.037565733,0.06469404,0.080950553,0.91840592,-0.41517049,0.75750864,-0.61203256,0.66178752,0.84327545,-0.29042559,-0.68147354,0.908606,-0.71027254,-0.99237666,-0.59243136,-0.1697163,-0.092793144,0.60195078,-0.17252402,-0.75899636,-0.17252402,-0.65270169,-0.63945447,-0.15675011,15,"walking_upstairs"
-0.3434378,-0.32739955,0.31891687,-0.34070859,-0.79897805,-0.02553549,0.043455808,0.068067888,0.080950553,0.91584125,-0.43910592,0.75837174,-0.64150548,0.68919083,0.84327545,-0.30300018,-0.67443213,0.90894142,-0.73595727,-0.99177457,-0.59044483,-0.18082447,-0.063779873,0.60287025,-0.19225103,-0.7127066,-0.19225103,-0.66889016,-0.64397145,-0.58853864,15,"walking_upstairs"
-0.34892144,-0.32739955,0.31957348,-0.34144638,-0.79809227,-0.017528333,0.043455808,0.056518369,0.066389854,0.91584125,-0.38779308,0.75763334,-0.63001284,0.68151541,0.8490044,-0.29554522,-0.67549198,0.90864854,-0.73189814,-0.99468191,-0.55272169,-0.065734001,-0.093200627,0.56245914,-0.1461773,-0.81541061,-0.1461773,-0.63053566,-0.60325228,-0.38935838,15,"walking_upstairs"
-0.34868842,-0.31228516,0.31353735,-0.33408465,-0.80733849,-0.019291136,0.04350402,0.059239576,0.05777167,0.92721315,-0.42965094,0.77935653,-0.58918837,0.65371433,0.85426898,-0.13779142,-0.6837266,0.9171695,-0.71694738,-0.99421119,-0.48725223,-0.096819653,-0.089535693,0.50348197,-0.046855403,-0.70618468,-0.046855403,-0.54069361,-0.55518935,-0.30045656,15,"walking_upstairs"
-0.3316619,-0.30726228,0.31021947,-0.3307353,-0.81130827,-0.015396785,0.044016921,0.053822505,0.055582387,0.93544883,-0.42798146,0.80094249,-0.52463307,0.58316845,0.85831126,-0.12377037,-0.68937536,0.92559783,-0.63917273,-0.99528723,-0.47907927,-0.11153357,-0.096898861,0.49116972,0.007466377,-0.61684344,0.007466377,-0.48738539,-0.53899532,-0.51756977,15,"walking_upstairs"
-0.26713744,-0.3206642,0.27833141,-0.28691423,-0.85863782,-0.031811418,0.057711805,0.078046391,0.099390925,0.93648077,-0.32181014,0.86709043,-0.73194026,0.78158167,0.90154445,-0.26421648,-0.72990111,0.9509693,-0.83168068,-0.98901758,-0.67737018,-0.1185038,-0.10238428,0.67163009,-0.15955794,-0.77020308,-0.15955794,-0.64184551,-0.68791754,-0.72335528,15,"walking_upstairs"
-0.28131607,-0.32461311,0.30780002,-0.32796051,-0.81325496,-0.018444087,0.049006743,0.058351037,0.064859447,0.92948571,-0.43990456,0.81212191,-0.73203679,0.78812354,0.90104223,-0.26710023,-0.69213967,0.92976594,-0.84460629,-0.99437419,-0.632799,-0.10258057,-0.08431857,0.65608576,-0.14678069,-0.59311613,-0.14678069,-0.63105034,-0.70660972,-0.61817494,15,"walking_upstairs"
-0.33128055,-0.32461311,0.31401771,-0.33477274,-0.80611667,-0.015595873,0.049006743,0.05390749,0.049563264,0.92948571,-0.32275701,0.77967701,-0.64706549,0.7080052,0.85421205,-0.32257872,-0.68388498,0.91729251,-0.76815766,-0.99536515,-0.63450428,-0.20825982,-0.10167828,0.64863349,-0.22525555,-0.48303988,-0.22525555,-0.69505932,-0.68864592,-0.22918814,15,"walking_upstairs"
-0.33128055,-0.30437985,0.30837975,-0.32709972,-0.81568319,-0.020454883,0.056026626,0.060969977,0.064962847,0.92977567,-0.35226696,0.79062405,-0.65374597,0.69948683,0.85421205,-0.28707886,-0.69081366,0.92157607,-0.74440289,-0.99382653,-0.60336702,-0.28388843,-0.095406753,0.61960421,-0.18894036,-0.62922267,-0.18894036,-0.6662035,-0.66385879,-0.057628427,15,"walking_upstairs"
-0.33751467,-0.30437985,0.30961765,-0.32813648,-0.81449718,-0.02607784,0.057686221,0.068945235,0.065685012,0.92890888,-0.40816376,0.77875515,-0.59930232,0.64968168,0.8513983,-0.33631231,-0.68752634,0.9169431,-0.69835631,-0.99200316,-0.47487791,-0.29191704,-0.080189805,0.485922,-0.23941383,-0.67571826,-0.23941383,-0.70593032,-0.53229441,-0.54667936,15,"walking_upstairs"
-0.33751467,-0.30853529,0.31054395,-0.32930849,-0.81304387,-0.025163793,0.053201059,0.067602131,0.065685012,0.92890888,-0.38781078,0.77603979,-0.57509977,0.63545252,0.8485653,-0.29585241,-0.68646755,0.91588594,-0.69372439,-0.99232985,-0.49414641,-0.22747678,-0.082628789,0.50410476,-0.20529994,-0.67934647,-0.20529994,-0.67936609,-0.54836347,-0.45304498,15,"walking_upstairs"
-0.33119445,-0.30853529,0.31174562,-0.33096233,-0.81101934,-0.01602166,0.038335033,0.054426895,0.060918237,0.9286082,-0.33597828,0.77627911,-0.5859072,0.64900192,0.8485653,-0.21562297,-0.6870495,0.91597976,-0.71045837,-0.995032,-0.50428936,-0.21919963,-0.11316236,0.51388172,-0.14804479,-0.67130047,-0.14804479,-0.6321235,-0.55774216,-0.4578149,15,"walking_upstairs"
-0.33119445,-0.3042412,0.30575859,-0.32158807,-0.82215308,-0.005371337,0.029981047,0.038973279,0.041793172,0.9286082,-0.28713866,0.77697903,-0.63581497,0.6930522,0.84723,-0.33949672,-0.69767553,0.9162538,-0.74903278,-0.99768222,-0.50274051,-0.26416774,-0.17938542,0.51647583,-0.27157143,-0.62772947,-0.27157143,-0.72998552,-0.56455328,-0.51817013,15,"walking_upstairs"
-0.26253145,-0.31430618,0.27418893,-0.27954158,-0.86612999,-0.039184489,0.056580723,0.08834414,0.10114707,0.92191366,-0.35589657,0.850245,-0.68311708,0.73705063,0.893965,-0.20586761,-0.73274378,0.94452572,-0.79130922,-0.9858046,-0.6704769,0.0050995503,-0.10727988,0.67482748,-0.077242342,-0.7973885,-0.077242342,-0.56921118,-0.7023713,-0.67042969,15,"walking_upstairs"
-0.28343398,-0.32848276,0.31154344,-0.33026108,-0.81027057,-0.017752361,0.039273049,0.056851966,0.087309563,0.90626441,-0.38154472,0.77189316,-0.70923329,0.7663367,0.8866949,-0.23993353,-0.68694553,0.91407923,-0.82377975,-0.99411372,-0.59249728,-0.046001244,-0.11224131,0.61718023,-0.11578688,-0.77513922,-0.11578688,-0.60403773,-0.67197563,-0.49171198,15,"walking_upstairs"
-0.36515364,-0.32885831,0.33099566,-0.35459663,-0.78150721,-0.0084073668,0.03868423,0.043084728,0.044349832,0.89562078,-0.22992831,0.71191179,-0.6553592,0.71225137,0.82725933,-0.3976583,-0.660826,0.89053327,-0.76823991,-0.99714479,-0.51874295,-0.25014181,-0.12821984,0.5266218,-0.29648874,-0.70818185,-0.29648874,-0.74790136,-0.56669208,-0.228479,15,"walking_upstairs"
-0.34560293,-0.32885831,0.3248031,-0.34593779,-0.79242928,-0.013345192,0.03868423,0.050118263,0.049778387,0.89562078,-0.34980246,0.7203192,-0.66708105,0.71356412,0.85185753,-0.21693894,-0.66886187,0.8938504,-0.7597904,-0.99597965,-0.59073208,-0.090455885,-0.12656117,0.60613711,-0.11350766,-0.65025214,-0.11350766,-0.60203624,-0.65025722,-0.12297825,15,"walking_upstairs"
-0.33632382,-0.32189493,0.31016877,-0.32891919,-0.8134185,-0.020246747,0.051979778,0.060544553,0.061836106,0.9017894,-0.48946337,0.77997617,-0.67278969,0.72808592,0.86457812,-0.23508676,-0.68830941,0.91731684,-0.7834131,-0.99392425,-0.54558692,-0.16827995,-0.099792802,0.56585244,-0.12494075,-0.66554154,-0.12494075,-0.61214118,-0.6183354,-0.63442833,15,"walking_upstairs"
-0.33622958,-0.30426246,0.30643465,-0.3244993,-0.8187813,-0.028684672,0.058399263,0.072886348,0.075819564,0.92359802,-0.44541668,0.79296212,-0.6418371,0.71063446,0.86457812,-0.30443345,-0.69127325,0.92245046,-0.7794219,-0.99091793,-0.48974237,-0.14228451,-0.068945736,0.50813027,-0.16165279,-0.67745423,-0.16165279,-0.64361167,-0.56183055,-0.34742264,15,"walking_upstairs"
-0.33622958,-0.31753398,0.31510988,-0.33675469,-0.80389046,-0.027963911,0.057582765,0.071847587,0.075819564,0.92359802,-0.43790073,0.77923115,-0.6234263,0.6901685,0.85406008,-0.27905392,-0.6791643,0.91711966,-0.75660907,-0.99113602,-0.47305733,-0.18973014,-0.048691257,0.49815768,-0.13179142,-0.73394483,-0.13179142,-0.61797944,-0.56045235,-0.40620544,15,"walking_upstairs"
-0.34221888,-0.31970946,0.3180999,-0.34153723,-0.79801423,-0.02019616,0.05592842,0.060722285,0.064746827,0.93075785,-0.43441933,0.78298929,-0.60804771,0.66893504,0.85406008,-0.31020427,-0.6769794,0.91859778,-0.72847429,-0.9939042,-0.51110085,-0.22552783,-0.062588985,0.53234417,-0.19181244,-0.69556232,-0.19181244,-0.66849647,-0.58846161,-0.42047122,15,"walking_upstairs"
-0.08711384,-0.076393174,0.13433307,-0.074179614,-0.99370267,0.034072486,-0.15538794,-0.017808767,0.041531962,0.9867091,-0.50526872,0.95353088,-0.84143862,0.84221419,0.95698314,-0.72507944,-0.94335396,0.98358471,-0.8426915,-0.9884498,-0.75212643,-0.79732681,-0.64724837,0.72950321,-0.72945876,-0.95655649,-0.72945876,-0.96101917,-0.72257849,-0.95373744,15,"standing"
-0.088687844,-0.063488273,0.14047966,-0.082817592,-0.9917434,-0.001099189,0.0092939032,0.032744479,0.041531962,0.9867091,-0.29006243,0.9260743,-0.66254602,0.66956125,0.90417555,-0.88808335,-0.93369296,0.97342889,-0.67618729,-0.99809118,-0.058212261,-0.89359343,-0.73449364,-0.021278093,-0.88263878,-0.90263133,-0.88263878,-0.99198658,0.040215409,-0.94963491,15,"standing"
-0.11169894,-0.063488273,0.14488431,-0.089470238,-0.99016375,0.0098785004,0.0091400258,0.017047329,0.034619689,0.9937237,0.028331524,0.93689546,-0.41635047,0.41928395,0.90417555,-0.87230666,-0.93167732,0.97749817,-0.42215284,-0.99952025,-0.60434998,-0.88584211,-0.75054652,0.61352962,-0.8720518,-0.85392609,-0.8720518,-0.99059358,-0.65047148,-0.69757134,15,"standing"
-0.11169894,-0.094479056,0.1498544,-0.096722317,-0.98778733,0.011136628,0.0091400258,0.015234536,0.010099256,0.99446961,-0.18149298,0.9331961,-0.34628979,0.35884801,0.90390864,-0.89785205,-0.92478612,0.97611072,-0.37157787,-0.99977726,-0.77915423,-0.89835625,-0.73836457,0.76211296,-0.89820512,-0.71391503,-0.89820512,-0.99383372,-0.75928301,-0.51976384,15,"standing"
-0.11219222,-0.095057122,0.15991799,-0.11153717,-0.98290365,0.010763763,0.014363423,0.015778639,0.010099256,0.99446961,-0.18888164,0.9317239,-0.12071069,0.13206989,0.90172213,-0.92223144,-0.91024106,0.97555868,-0.14325972,-0.99977812,-0.63681213,-0.91102566,-0.69774077,0.60295808,-0.91479926,-0.66236753,-0.91479926,-0.99553818,-0.59209367,-0.84530826,15,"standing"
-0.13235876,-0.095057122,0.16152753,-0.11396314,-0.98220791,0.011888536,0.014363423,0.01416741,0.0080273746,0.99540323,0.24956328,0.93372782,-0.073117624,0.10917089,0.90179748,-0.97858063,-0.90807267,0.97631082,-0.14589772,-0.99985001,-0.44894262,-0.97581392,-0.69401176,0.39795422,-0.97561092,-0.0081168832,-0.97561092,-0.99945678,-0.38170905,-0.97944999,15,"standing"
-0.13235876,-0.093130228,0.16201401,-0.11466331,-0.98195368,0.010600115,0.015580747,0.016020025,0.0080704366,0.99522094,0.13267009,0.93290402,-0.32728298,0.35972386,0.90179748,-0.98364166,-0.90719739,0.97600166,-0.39245075,-0.9997847,-0.52996339,-0.98222903,-0.68775457,0.4872049,-0.98319113,-0.14928886,-0.98319113,-0.99968863,-0.47422273,-0.98091172,15,"standing"
-0.13955087,-0.093244614,0.16569239,-0.12005877,-0.9799327,0.010866585,0.016963455,0.015637348,0.0080704366,0.99483648,0.23103632,0.931232,-0.22721744,0.27375392,0.90086584,-0.99404447,-0.90193318,0.97537416,-0.32043617,-0.99980056,-0.41759163,-0.99307409,-0.67533175,0.37068798,-0.99371899,-0.34013673,-0.99371899,-0.99991637,-0.36133367,-0.98929325,15,"standing"
-0.14141845,-0.093244614,0.16503921,-0.11909311,-0.98031015,0.010989522,0.016963455,0.015459583,0.0084661564,0.99483648,-0.1050877,0.9312505,-0.26897963,0.29982931,0.90102846,-0.99380769,-0.90289159,0.97538109,-0.33084467,-0.9998077,-0.37535417,-0.99047832,-0.67841579,0.32542987,-0.99291612,-0.36100908,-0.99291612,-0.99990292,-0.31556817,-0.99398985,15,"standing"
-0.14141845,-0.094337496,0.16499171,-0.11905427,-0.98032411,0.010153087,0.017474758,0.016666349,0.0085785839,0.99485334,-0.089619089,0.93240736,-0.32802132,0.34928155,0.90123463,-0.99281146,-0.9028415,0.97581532,-0.37066767,-0.99975853,-0.37321182,-0.98980197,-0.67446169,0.32417388,-0.99228818,-0.25456042,-0.99228818,-0.99989191,-0.31554045,-0.99565378,15,"standing"
-0.14228157,-0.096292655,0.1672782,-0.12244732,-0.97897848,0.010052552,0.018986126,0.016815735,0.0085785839,0.99541508,-0.085392843,0.93276482,-0.38168927,0.3937276,0.90123463,-0.99181374,-0.89953277,0.97594951,-0.40520209,-0.99975284,-0.40987198,-0.99087092,-0.66459027,0.36976432,-0.99193226,0.027877885,-0.99193226,-0.99988546,-0.36821199,-0.99694641,15,"standing"
-0.14718547,-0.096292655,0.16842389,-0.12413132,-0.97830332,0.010507074,0.018249786,0.016161877,0.0076403197,0.99493749,-0.17507058,0.9323441,-0.2229209,0.23834407,0.90115242,-0.99355412,-0.89794591,0.9757916,-0.25367047,-0.99978101,-0.33809577,-0.99259077,-0.66206799,0.31121022,-0.99233709,-0.14240537,-0.99233709,-0.99989278,-0.32863006,-0.99355909,15,"standing"
-0.14724916,-0.096226366,0.16812092,-0.12363662,-0.97850538,0.010300371,0.018249786,0.01645428,0.0089928228,0.99426759,0.2017352,0.93064526,-0.26109918,0.30301864,0.90115242,-0.99141902,-0.89835403,0.97515373,-0.34568952,-0.9997676,-0.27982188,-0.98769772,-0.66385666,0.27997585,-0.98932499,-0.41284117,-0.98932499,-0.99983472,-0.32971707,-0.98872234,15,"standing"
-0.14724916,-0.097816959,0.16857573,-0.1242746,-0.97824222,0.0098083257,0.018514865,0.017159364,0.009061641,0.99426759,0.27622604,0.92934101,-0.37174139,0.41940379,0.90012555,-0.98960709,-0.8976274,0.97466405,-0.46776615,-0.99973666,-0.33911315,-0.98692725,-0.66118173,0.30210828,-0.98818553,-0.32162984,-0.98818553,-0.9998103,-0.30837584,-0.99187918,15,"standing"
-0.14600956,-0.097816959,0.16892945,-0.12482943,-0.97801432,0.010263989,0.01815767,0.016507548,0.009061641,0.99429033,0.169059,0.93050466,-0.20341661,0.30467756,0.9008091,-0.98172841,-0.89718349,0.97510104,-0.40794623,-0.99976496,-0.47472595,-0.98013837,-0.66057644,0.44289351,-0.98069811,0.037149405,-0.98069811,-0.99961864,-0.44549159,-0.99190424,15,"standing"
-0.18953815,-0.26634188,0.22428978,-0.20546714,-0.92838766,-0.010662611,0.024170974,0.046615816,0.092882605,0.9327546,0.67734807,0.88445288,-0.63943797,0.63869672,0.90027017,-0.75905174,-0.81322043,0.95756462,-0.63776403,-0.99549311,-0.89033536,-0.75842841,-0.39486554,0.88225999,-0.75348764,-0.80450579,-0.75348764,-0.96741213,-0.88126801,-0.81918309,15,"standing"
-0.18953815,-0.16303592,0.20559945,-0.17889631,-0.94995214,-0.0062845525,0.024170974,0.040437714,0.0481182,0.98265234,0.0049154066,0.91528631,-0.542877,0.5586459,0.90027017,-0.8961049,-0.8410095,0.96936989,-0.57418939,-0.99730044,-0.80812764,-0.90028849,-0.4608292,0.80589384,-0.89216783,-0.89565377,-0.89216783,-0.99314586,-0.8167723,-0.7768701,15,"standing"
-0.20176162,-0.16954917,0.2146996,-0.19194419,-0.94162279,-0.017436947,0.049575091,0.056466946,0.055067672,0.98071657,0.13245793,0.8999346,-0.47539272,0.5114442,0.89372767,-0.90661103,-0.82437836,0.96357408,-0.54770485,-0.99482559,-0.46773203,-0.90224684,-0.39370991,0.44152636,-0.90095397,-0.89205538,-0.90095397,-0.99413498,-0.45076147,-0.8638119,15,"standing"
-0.21513336,-0.17149582,0.21923365,-0.19862734,-0.93710487,-0.014724996,0.038261275,0.052583592,0.055067672,0.98071657,0.27026094,0.8982829,-0.30988247,0.31089803,0.89022436,-0.96279163,-0.81903855,0.96294993,-0.31154831,-0.99543988,-0.67525142,-0.96607567,-0.38713786,0.67476134,-0.96385083,-0.76161246,-0.96385083,-0.99898424,-0.69696642,-0.96708265,15,"standing"
-0.22148187,-0.17149582,0.22024468,-0.20032018,-0.93593036,-0.0054477383,0.03701934,0.039246318,0.045506625,0.98302258,0.40266897,0.90388403,-0.45302744,0.45656634,0.89089648,-0.98524277,-0.82041013,0.96507025,-0.45988979,-0.99769291,-0.41963048,-0.98301055,-0.41410163,0.3790415,-0.98427309,-0.50311291,-0.98427309,-0.99971704,-0.37575535,-0.99472618,15,"standing"
-0.22185892,-0.17327985,0.22071692,-0.20100959,-0.93544321,-0.0027130612,0.03701934,0.035297111,0.026894943,0.9844539,0.1063833,0.90391769,-0.36972663,0.38217138,0.89089648,-0.99599232,-0.82038642,0.96508306,-0.39438148,-0.99825874,-0.46815299,-0.99353702,-0.42275741,0.43346293,-0.99516689,-0.51879879,-0.99516689,-0.99993912,-0.43336915,-0.99378319,15,"standing"
-0.22258217,-0.17807313,0.22241533,-0.20349835,-0.9336689,-0.0028997194,0.037291329,0.035569721,0.027944498,0.98441363,0.16636116,0.90260475,-0.18982902,0.22774266,0.89017292,-0.97749517,-0.8179141,0.96458662,-0.26568246,-0.99822644,-0.43646464,-0.97539013,-0.41622505,0.44466129,-0.97523338,-0.2653795,-0.97523338,-0.99944371,-0.49283902,-0.96755091,15,"standing"
-0.22516923,-0.18757252,0.22595491,-0.2087369,-0.92983989,-0.0043624327,0.037291329,0.037698299,0.033848734,0.98202838,0.23886512,0.90069615,-0.089562989,0.13503198,0.8898438,-0.97443239,-0.81251849,0.96386428,-0.18146112,-0.99795195,-0.46960012,-0.97204485,-0.3977005,0.44215213,-0.97201895,-0.38684621,-0.97201895,-0.99932695,-0.44991671,-0.93030505,15,"standing"
-0.22993494,-0.18795044,0.22939858,-0.21377714,-0.92610123,-0.0066938752,0.039934419,0.041074041,0.034314991,0.98166576,0.45848745,0.89746847,-0.19826509,0.20457058,0.88932994,-0.98187501,-0.80703904,0.96264233,-0.21083677,-0.99750743,-0.2856561,-0.97540794,-0.37734266,0.2216783,-0.97703003,-0.39279876,-0.97703003,-0.99950408,-0.20305958,-0.96408599,15,"standing"
-0.23295822,-0.18931026,0.23008474,-0.21478674,-0.92534239,-0.0051965669,0.036989062,0.038912195,0.034314991,0.98166576,0.55493412,0.89726749,-0.32935864,0.32974274,0.88854939,-0.98292778,-0.80641994,0.96256628,-0.32967101,-0.99778431,-0.21726598,-0.97840887,-0.38052383,0.14422309,-0.98025412,-0.38783838,-0.98025412,-0.99960551,-0.12054602,-0.98263887,15,"standing"
-0.23295822,-0.19096664,0.23168175,-0.21714778,-0.92352952,-0.0025771147,0.036989062,0.035131983,0.029325252,0.98161191,0.52848495,0.89681223,-0.24807097,0.25275667,0.88854939,-0.98701498,-0.80470687,0.96239381,-0.25710985,-0.99827648,-0.36479861,-0.98561348,-0.38454477,0.3039314,-0.98665553,-0.35250574,-0.98665553,-0.99977573,-0.28307357,-0.99545665,15,"standing"
0.3377317,0.13588015,-0.14227126,0.32293813,-0.76715064,0.12227355,-0.18132575,-0.1426973,-0.027240098,0.85791177,-0.63759738,0.66149586,-0.87009474,0.86892076,0.84870453,-0.73120323,-0.6256361,0.86995331,-0.86739282,-0.95217892,-0.99557961,-0.73716363,0.14063606,0.99487703,-0.70411555,-0.95575558,-0.70411555,-0.9536443,-0.99443593,-0.979844,15,"sitting"
0.3377317,0.35017029,-0.15888405,0.34339758,-0.74739955,0.15168499,-0.18851552,-0.1828627,-0.17314802,0.85788762,0.64119103,0.58659374,-0.92901816,0.92979204,0.78698709,-0.94038971,-0.58488655,0.83961811,-0.93020563,-0.92965485,-0.93840342,-0.95239938,0.24518802,0.9363361,-0.94041467,-0.88432387,-0.94041467,-0.99763502,-0.9384154,-0.99704688,15,"sitting"
0.30171214,0.35017029,-0.15232628,0.33297663,-0.76223326,0.15785295,-0.19225566,-0.19058824,-0.19171401,0.85788762,-0.062718297,0.57853295,-0.51413444,0.5269403,0.76260665,-0.99059749,-0.58912868,0.83629162,-0.53949486,-0.92384566,-0.87024555,-0.98610947,0.23113528,0.86735719,-0.9884815,-0.43648314,-0.9884815,-0.99981684,-0.8732612,-0.99207759,15,"sitting"
0.30209908,0.35437847,-0.15502102,0.33725429,-0.75642165,0.16093309,-0.19683405,-0.19520872,-0.19879002,0.85595063,-0.21058855,0.57646698,-0.49734569,0.54658411,0.76260221,-0.98771513,-0.583415,0.83543297,-0.59668845,-0.92022257,-0.25678799,-0.98319889,0.25344685,0.19776418,-0.98574771,-0.36640477,-0.98574771,-0.99975409,-0.18675148,-0.98798118,15,"sitting"
0.30209908,0.35907696,-0.15586855,0.33836271,-0.75490516,0.16398748,-0.20021017,-0.19941635,-0.20251136,0.85514045,-0.54571523,0.57159345,-0.51838519,0.535505,0.76139706,-0.98117424,-0.58008868,0.83340642,-0.55261704,-0.91684639,-0.56446284,-0.97691381,0.26380306,0.55452079,-0.97976206,-0.5258782,-0.97976206,-0.99959085,-0.57360911,-0.99052507,15,"sitting"
0.30203274,0.35535059,-0.15445691,0.33640826,-0.75757801,0.16701861,-0.2088164,-0.20358297,-0.20703137,0.85386061,-0.55040749,0.57059979,-0.46484083,0.47453177,0.76037056,-0.96160086,-0.57965471,0.83299297,-0.4840013,-0.91342517,-0.24375319,-0.95669671,0.26883401,0.1862125,-0.95863269,-0.66794961,-0.95863269,-0.99873116,-0.17696018,-0.9811123,15,"sitting"
0.30865021,0.35535059,-0.15554762,0.33790065,-0.75550856,0.17184335,-0.21301008,-0.2102595,-0.21004775,0.84747734,-0.43015153,0.56381741,-0.42291682,0.42976941,0.76037056,-0.95862607,-0.57460473,0.83016138,-0.43659491,-0.90778076,-0.18179191,-0.95170238,0.28528194,0.11025436,-0.95580533,-0.64205596,-0.95580533,-0.9985826,-0.090930958,-0.98091192,15,"sitting"
0.30878589,0.3575679,-0.15921959,0.34278299,-0.74877387,0.17339819,-0.21301008,-0.2123587,-0.2112409,0.84744964,-0.7149036,0.55496914,-0.099817525,0.094296291,0.75638058,-0.98203376,-0.56872436,0.82646868,-0.088808622,-0.90600488,-0.21609435,-0.97689758,0.29704885,0.13923445,-0.97995583,-0.41706274,-0.97995583,-0.99959643,-0.11197484,-0.99348804,15,"sitting"
0.30878589,0.3629072,-0.15925169,0.34287054,-0.74866155,0.16877643,-0.21220925,-0.20600311,-0.20860106,0.84744964,-0.38142409,0.56015988,-0.36753295,0.3639003,0.7574161,-0.98376523,-0.57217843,0.82863698,-0.3600765,-0.91138682,-0.053452471,-0.98023449,0.28447353,-0.0311719,-0.98133915,-0.50105951,-0.98133915,-0.99963731,0.055815142,-0.99556614,15,"sitting"
0.30555818,0.36237136,-0.15813258,0.34142274,-0.75067867,0.16680064,-0.20223916,-0.20330856,-0.20860106,0.85239991,-0.11845525,0.56472987,-0.23092081,0.22833569,0.7574161,-0.99244388,-0.57509107,0.83054711,-0.2254957,-0.91366713,-0.11711469,-0.99023082,0.27701489,0.045404022,-0.99068193,-0.51877949,-0.99068193,-0.99986199,-0.029707423,-0.99511878,15,"sitting"
0.30527704,0.36221758,-0.15803031,0.34112022,-0.75109782,0.1675122,-0.20223916,-0.20419643,-0.21045073,0.85221249,-0.25475061,0.56274955,-0.16899975,0.18096768,0.75684962,-0.99549314,-0.57469357,0.82972108,-0.19310186,-0.91293495,-0.099853513,-0.99446123,0.2769774,0.024868398,-0.99417922,-0.26945527,-0.99417922,-0.99992385,-0.0071796802,-0.99768552,15,"sitting"
0.305275,0.36221758,-0.15811467,0.3411265,-0.75108913,0.1673751,-0.20247899,-0.20394419,-0.21084953,0.85203764,-0.3872247,0.56180477,-0.15767565,0.1685379,0.75551278,-0.99502741,-0.57468711,0.82932678,-0.17927788,-0.91314438,-0.040878793,-0.99290048,0.27556226,-0.040843768,-0.99369715,-0.32875086,-0.99369715,-0.99991591,0.061727733,-0.99888455,15,"sitting"
0.305275,0.36235296,-0.15802998,0.34116961,-0.75102952,0.16809416,-0.203548,-0.20502984,-0.21084953,0.85203764,-0.33089816,0.56258406,-0.3556946,0.3645789,0.75617917,-0.99782419,-0.57425974,0.829652,-0.37301479,-0.91224021,-0.17893252,-0.99711718,0.27920563,0.1140798,-0.99748477,-0.18373937,-0.99748477,-0.99997118,-0.10113469,-0.99826455,15,"sitting"
0.30473291,0.36190841,-0.15753685,0.340682,-0.751705,0.16829356,-0.203548,-0.20541024,-0.21182977,0.85290124,-0.33277556,0.56480813,-0.46261262,0.47227571,0.75694867,-0.99623602,-0.57474449,0.83057993,-0.48151061,-0.9119244,-0.18067998,-0.9949056,0.28068227,0.11627962,-0.99466527,0.10821009,-0.99466527,-0.99993144,-0.10372483,-0.99886319,15,"sitting"
0.30538845,0.36190841,-0.15762085,0.34074791,-0.75161348,0.16834367,-0.20451151,-0.20545152,-0.21182977,0.85163024,-0.33165431,0.56419266,-0.20802226,0.22041519,0.75694867,-0.99011554,-0.57459902,0.83032301,-0.2330504,-0.91188926,0.22035933,-0.98764698,0.28047752,-0.29374626,-0.98729559,0.069228636,-0.98729559,-0.99979053,0.28700489,-0.99768827,15,"sitting"
0.11873373,-0.036185081,0.026611095,0.08378226,-0.96989839,0.021914705,-0.0204056,-0.00023011954,0.063382715,0.96051753,-0.96161948,0.91252566,-0.92054274,0.92093672,0.95511577,-0.56503489,-0.90184618,0.96800669,-0.92095296,-0.99839999,-0.97125082,-0.5896082,-0.62340053,0.96974719,-0.54003848,-0.96631635,-0.54003848,-0.8905943,-0.97014424,-0.92712998,15,"sitting"
0.11873373,0.12961151,-0.001248714,0.12334641,-0.96084442,0.031346664,-0.0204056,-0.013604518,-0.017575416,0.96051753,-0.75807168,0.86810961,-0.92458869,0.93112495,0.88530472,-0.9024352,-0.86038254,0.95145788,-0.93736431,-0.9992136,-0.93483701,-0.92117674,-0.58959484,0.9389133,-0.9057981,-0.81372064,-0.9057981,-0.9946471,-0.94778381,-0.94633002,15,"sitting"
0.10742319,0.12961151,0.0042001551,0.11589859,-0.96519413,0.029663847,-0.013281418,-0.011262757,-0.017575416,0.97206296,-0.55097026,0.88356555,-0.64209559,0.65182408,0.88530472,-0.88470524,-0.86851501,0.95736515,-0.66139315,-0.99942546,-0.82291494,-0.87678113,-0.60471828,0.81521799,-0.88000868,-0.70847974,-0.88000868,-0.99165098,-0.81931867,-0.95879311,15,"sitting"
0.12012769,0.13814276,-0.0098219122,0.13598381,-0.95387492,0.030637813,-0.015031408,-0.012631839,-0.017877772,0.96630782,-0.71021089,0.86868403,-0.58271121,0.5926236,0.88423134,-0.89781657,-0.84818081,0.95169108,-0.60239486,-0.99933155,-0.77513481,-0.88522984,-0.55742717,0.76411616,-0.89275148,-0.73230264,-0.89275148,-0.99321393,-0.7680365,-0.94386253,15,"sitting"
0.12012769,0.15193487,-0.013171934,0.14072558,-0.9512108,0.035795339,-0.029466751,-0.019965979,-0.017877772,0.96630782,-0.45998633,0.86338108,-0.18330913,0.17994099,0.87918529,-0.94184787,-0.84237997,0.94967065,-0.17626715,-0.99855671,-0.41128508,-0.95627298,-0.52883818,0.35443674,-0.94124284,-0.83479474,-0.94124284,-0.99769092,-0.33467981,-0.98075975,15,"sitting"
0.11262514,0.14243851,-0.004725257,0.12869657,-0.95836508,0.040763051,-0.029466751,-0.02706868,-0.026985345,0.96903331,-0.45471607,0.87294482,0.018204414,-0.0066640363,0.88149256,-0.97808618,-0.85311525,0.95332278,-0.0052868069,-0.9978579,-0.57225038,-0.97515462,-0.53550259,0.53479339,-0.97490983,-0.43786561,-0.97490983,-0.99943231,-0.52471953,-0.9921876,15,"sitting"
0.096081893,0.12733204,0.004073645,0.11608044,-0.96512983,0.038980633,-0.028837491,-0.024549539,-0.030581081,0.97432748,-0.51605806,0.88233514,-0.16402317,0.17445276,0.88581621,-0.96909795,-0.86610847,0.95689719,-0.18516757,-0.99818474,-0.72519639,-0.97087186,-0.56962109,0.70343169,-0.96865261,-0.26010873,-0.96865261,-0.99919393,-0.69942804,-0.99460492,15,"sitting"
0.086444339,0.12670178,0.011706785,0.10509658,-0.9706932,0.038806032,-0.024199327,-0.024316346,-0.030581081,0.97677046,-0.42124664,0.88955419,-0.36457442,0.3657919,0.88591001,-0.98539184,-0.87694421,0.95964143,-0.36700147,-0.99822321,-0.61051281,-0.98483744,-0.59479511,0.57115765,-0.98512757,-0.061650894,-0.98512757,-0.99973862,-0.55639556,-0.99838222,15,"sitting"
0.074964404,0.12670178,0.012864988,0.10337017,-0.97154296,0.040797814,-0.027346525,-0.027144949,-0.033143444,0.97834813,-0.10886702,0.88850483,-0.46442121,0.47330624,0.88591001,-0.99682713,-0.877888,0.9592432,-0.48209106,-0.99787241,-0.55963822,-0.99559019,-0.59269093,0.52713439,-0.99592885,0.073644431,-0.99592885,-0.99995026,-0.52293532,-0.99904379,15,"sitting"
0.077722534,0.12881879,0.011393774,0.10546417,-0.97055535,0.042526726,-0.029082763,-0.029599588,-0.035673213,0.97834813,0.016776306,0.88610713,-0.45532681,0.4875964,0.88395461,-0.99582212,-0.8751917,0.95833298,-0.5200787,-0.99754421,-0.072069353,-0.99498134,-0.58219574,-0.0050314568,-0.99596141,-0.23564348,-0.99596141,-0.99995043,0.02248498,-0.99900132,15,"sitting"
0.08058027,0.13051349,0.0095345161,0.10818702,-0.96923628,0.043758182,-0.029489525,-0.031363938,-0.038781369,0.97802807,0.04545274,0.88557148,-0.21411815,0.25781474,0.88354608,-0.99475343,-0.87212647,0.95812947,-0.30136619,-0.99729449,0.13775178,-0.99269822,-0.57047842,-0.24555244,-0.99379018,-0.028418051,-0.99379018,-0.99991758,0.2812159,-0.99925109,15,"sitting"
0.08058027,0.13338442,0.0082445524,0.11008508,-0.96831272,0.044716963,-0.031670962,-0.032739945,-0.040521928,0.97802807,0.18743747,0.88541273,-0.13746587,0.18895652,0.88375425,-0.99559727,-0.8699545,0.95806915,-0.24132624,-0.99708932,-0.027121404,-0.99357592,-0.56176321,-0.056778,-0.99432668,0.025978194,-0.99432668,-0.99992621,0.078587812,-0.99868169,15,"sitting"
0.08037283,0.13343352,0.0086944351,0.10947023,-0.96861604,0.045433447,-0.03180292,-0.033772924,-0.040887153,0.97805834,0.087851843,0.88665995,-0.39388536,0.44022106,0.88404046,-0.99620785,-0.87029083,0.95854294,-0.48722481,-0.99693102,-0.072171996,-0.99475758,-0.55976167,0.022827125,-0.99495085,-0.35869548,-0.99495085,-0.99993585,-0.034696582,-0.99845684,15,"sitting"
0.079870831,0.13342451,0.0090022287,0.10904056,-0.9688273,0.045297956,-0.03180292,-0.033584665,-0.041228269,0.97853684,-0.049106596,0.88737581,-0.54515722,0.59280874,0.88404046,-0.99281316,-0.87077308,0.95881486,-0.64092291,-0.9969603,-0.28348526,-0.99054694,-0.56090863,0.23821198,-0.992203,-0.43436815,-0.992203,-0.99989034,-0.23969093,-0.99748022,15,"sitting"
0.079920718,0.13270476,0.0089035553,0.10915315,-0.96877137,0.04472092,-0.030910443,-0.032752337,-0.040945457,0.97836376,-0.13285142,0.88652197,-0.3927425,0.44119562,0.884008,-0.98881407,-0.87086904,0.95849054,-0.48976787,-0.9970885,-0.26397706,-0.98624219,-0.56345054,0.21242432,-0.98831276,-0.329803,-0.98831276,-0.99981319,-0.20856839,-0.99728263,15,"sitting"
0.079920718,0.13238914,0.0094831267,0.10828579,-0.9691947,0.04477422,-0.030663446,-0.032819885,-0.040945457,0.97836376,-0.13052087,0.88607031,-0.31650229,0.37025691,0.88353175,-0.9907042,-0.87165282,0.958319,-0.4223813,-0.99707823,-0.23233577,-0.98957392,-0.56595535,0.17394915,-0.99034902,-0.037927241,-0.99034902,-0.99985547,-0.16494174,-0.99808727,15,"sitting"
0.080793426,0.13238914,0.00936873,0.10845079,-0.96911349,0.044504091,-0.030663446,-0.0324345,-0.039510346,0.9780369,-0.24103833,0.88602581,-0.33530035,0.36357157,0.88355003,-0.99679189,-0.8716021,0.95830208,-0.39150108,-0.99713539,-0.36349735,-0.9964362,-0.56656957,0.31454497,-0.99722253,-0.27220296,-0.99722253,-0.99996783,-0.30671266,-0.99921988,15,"sitting"
0.8912466,0.90648313,-0.76994237,0.928507,0.72885393,0.23661992,-0.35192534,-0.29563665,-0.28286165,-0.30745489,0.012605682,-0.95749718,-0.96819548,0.97351197,-0.23458346,-0.85860659,0.4453411,-0.27034146,-0.97852588,-0.8197171,-0.85801527,-0.86396771,0.00107458,0.84926866,-0.85678874,-0.87938557,-0.85678874,-0.98838889,-0.84981409,-0.88674049,15,"laying"
0.88799119,0.91703541,-0.74456881,0.91501433,0.67989594,0.24204229,-0.33036403,-0.30255895,-0.28286165,-0.23713945,-0.85404031,-0.92538621,-0.95407615,0.95349139,-0.23290557,-0.87402986,0.38773483,-0.19154766,-0.95251541,-0.81127311,-0.58166535,-0.8812892,0.13444625,0.54210371,-0.86468467,-0.85528177,-0.86468467,-0.98955591,-0.52915033,-0.90640794,15,"laying"
0.85839343,0.91703541,-0.72690787,0.90528849,0.6447882,0.26112804,-0.33100702,-0.32775179,-0.30836046,-0.1559104,0.21593413,-0.92286146,-0.95842367,0.96005818,-0.23290557,-0.95481939,0.38304111,-0.1852334,-0.96132345,-0.78004868,-0.78063562,-0.962986,0.18749359,0.76458696,-0.95661879,-0.70476375,-0.95661879,-0.99862611,-0.76271208,-0.95644377,15,"laying"
0.85705971,0.91757865,-0.72877649,0.90687947,0.65046096,0.26378415,-0.33100702,-0.33145809,-0.33436331,-0.15680325,0.059976954,-0.93058992,-0.88948347,0.89079069,-0.25850527,-0.98693509,0.3938501,-0.19980914,-0.89176401,-0.77527951,-0.057643991,-0.98705414,0.17368933,-0.015759282,-0.98797487,-0.55243088,-0.98797487,-0.99980574,0.028228128,-0.98879095,15,"laying"
0.85705971,0.9201323,-0.72958371,0.9077363,0.65351689,0.26398071,-0.33410103,-0.33186832,-0.33436331,-0.16074374,-0.27074943,-0.93234479,-0.64198191,0.65258001,-0.27096998,-0.98239705,0.39648813,-0.20329276,-0.66291112,-0.77472201,-0.14998203,-0.97703471,0.17041351,0.092619847,-0.98101215,-0.48854681,-0.98101215,-0.99962783,-0.090518002,-0.97232279,15,"laying"
0.85686838,0.92011273,-0.72874824,0.90704301,0.65104092,0.26512094,-0.33410103,-0.33328508,-0.33538902,-0.16074374,-0.34744057,-0.93262913,-0.63860878,0.64429513,-0.26924072,-0.98139404,0.39685612,-0.20386496,-0.64980429,-0.7728332,-0.098562693,-0.97222711,0.17121619,0.065242086,-0.9775851,-0.58543102,-0.9775851,-0.99952264,-0.092548641,-0.97672685,15,"laying"
0.85631035,0.92011273,-0.72948098,0.90724016,0.65174458,0.2633088,-0.33332822,-0.33082229,-0.33523468,-0.16049656,-0.44518112,-0.93115745,-0.45791601,0.46935916,-0.26800554,-0.98583009,0.39466281,-0.20092709,-0.48095544,-0.77612673,0.20157709,-0.97951496,0.17082019,-0.25095545,-0.98159807,-0.53646785,-0.98159807,-0.99964465,0.22024977,-0.98019356,15,"laying"
0.85631035,0.92029,-0.7291846,0.90727747,0.65187767,0.26319828,-0.33015524,-0.33074913,-0.33523468,-0.15604674,-0.52208551,-0.93040869,-0.30789481,0.33642615,-0.26800554,-0.99037601,0.39361217,-0.19943222,-0.36551488,-0.77622896,0.19181697,-0.98866547,0.17360055,-0.26165032,-0.98839987,-0.53572288,-0.98839987,-0.999815,0.25385229,-0.98972381,15,"laying"
0.85601205,0.92029,-0.72894065,0.90718055,0.65153149,0.26412772,-0.33015524,-0.3319879,-0.33630079,-0.15767578,-0.16851944,-0.93141286,-0.50519554,0.52048356,-0.26823271,-0.99411534,0.39508113,-0.20142892,-0.5359424,-0.77458109,-0.028839486,-0.99184027,0.17280789,-0.0020002176,-0.99255404,-0.25365095,-0.99255404,-0.99989606,-0.032334077,-0.98424731,15,"laying"
0.85645233,0.92070286,-0.72987009,0.90761123,0.65306918,0.26338967,-0.33014691,-0.33098647,-0.33567401,-0.15767578,-0.17195403,-0.93198817,-0.42497555,0.45613166,-0.27079643,-0.99394672,0.39590138,-0.20257319,-0.48776094,-0.77591484,-0.053312643,-0.99130722,0.16910119,0.063716804,-0.99228938,-0.28651875,-0.99228938,-0.99989131,-0.14050361,-0.98849044,15,"laying"
0.85651671,0.92094811,-0.72930883,0.90776481,0.65361775,0.26380436,-0.33084528,-0.331701,-0.33567401,-0.15744755,-0.30581539,-0.93153212,-0.44642325,0.50617362,-0.27033859,-0.98334771,0.39533461,-0.20166262,-0.56689541,-0.77495973,-0.097976643,-0.98112698,0.17317849,0.047925773,-0.9837655,-0.52604079,-0.9837655,-0.99970393,-0.056245958,-0.98781601,15,"laying"
0.85934849,0.92094811,-0.73052483,0.90836615,0.6557685,0.2626343,-0.33084528,-0.33013439,-0.32779964,-0.1612993,-0.52532409,-0.93195166,-0.49030869,0.51519227,-0.27033859,-0.97915738,0.3959377,-0.20250605,-0.54052897,-0.7770181,-0.18154701,-0.97974663,0.16900355,0.11117003,-0.97975087,-0.5457937,-0.97975087,-0.99959053,-0.093129805,-0.97876033,15,"laying"
0.85989887,0.92096098,-0.73468581,0.91012774,0.66207333,0.25901354,-0.32981117,-0.32517719,-0.32741292,-0.16560701,-0.28567267,-0.93401974,-0.43946237,0.4475444,-0.27080973,-0.98297856,0.39888928,-0.20668586,-0.4558085,-0.78356153,-0.18478992,-0.97947443,0.15250384,0.11010564,-0.98233624,-0.39014369,-0.98233624,-0.99966541,-0.087186379,-0.988915,15,"laying"
0.85989887,0.92169845,-0.73512072,0.9104493,0.66322301,0.25988606,-0.33026268,-0.32636112,-0.32741292,-0.16840715,0.043976048,-0.93616207,-0.47574751,0.48165665,-0.27654109,-0.98425102,0.40210609,-0.2110617,-0.48760562,-0.78200863,-0.34741661,-0.97986445,0.14812614,0.30139446,-0.98367297,-0.5769503,-0.98367297,-0.99970143,-0.29774951,-0.98385486,15,"laying"
0.85897636,0.92070659,-0.73159357,0.90846604,0.65612647,0.26525482,-0.33734364,-0.3334137,-0.33348049,-0.17400935,-0.11986791,-0.93812445,-0.45686289,0.45894134,-0.28088333,-0.98638571,0.405079,-0.21515365,-0.46100928,-0.7726355,-0.29625335,-0.98426688,0.15371678,0.25178707,-0.98650851,-0.58336395,-0.98650851,-0.9997722,-0.25348867,-0.98742632,15,"laying"
0.85646079,0.91973506,-0.72820702,0.90703533,0.65101328,0.27043642,-0.34298811,-0.34038723,-0.33958274,-0.17539891,-0.30968953,-0.94007787,-0.39465225,0.40072576,-0.28377014,-0.99268043,0.40817419,-0.21927704,-0.40694716,-0.76320264,-0.13373598,-0.99136068,0.16053626,0.070389873,-0.99209772,-0.36534318,-0.99209772,-0.9998885,-0.062829367,-0.99221212,15,"laying"
0.85564275,0.91885718,-0.72595501,0.90628564,0.64833868,0.27371613,-0.34419705,-0.34488177,-0.34651952,-0.1768754,0.010091052,-0.94112784,-0.38259283,0.40793295,-0.28941622,-0.99455647,0.40990696,-0.22151729,-0.43368497,-0.75702756,-0.020548944,-0.99370535,0.16620227,-0.037863776,-0.99177561,0.054850272,-0.99177561,-0.99988239,0.032069233,-0.98543336,15,"laying"
0.86179682,0.85593696,-0.71003057,0.8973391,0.61711541,0.27318731,-0.35710501,-0.34423298,-0.33839509,-0.16007006,-0.72061776,-0.90838859,-0.98105028,0.98530587,-0.10655307,-0.95134965,0.36572428,-0.16112504,-0.98924035,-0.75774231,-0.96342292,-0.93415208,0.25630394,0.96197725,-0.94176133,-0.93414392,-0.94176133,-0.99772726,-0.96298808,-0.90478797,15,"laying"
0.8611045,0.89538486,-0.70228788,0.89198163,0.59793701,0.27592653,-0.365394,-0.3475266,-0.33839509,-0.14819078,-0.84071636,-0.89868289,-0.95618556,0.95648618,-0.19604806,-0.93555757,0.35226273,-0.14313096,-0.95641069,-0.75300506,-0.76255711,-0.94803448,0.28515742,0.73901169,-0.93739674,-0.65264064,-0.93739674,-0.99742143,-0.73048224,-0.92517292,15,"laying"
0.83676596,0.89538486,-0.68977798,0.88330867,0.56741492,0.28836632,-0.36539613,-0.36334961,-0.34999341,-0.098847743,-0.1811316,-0.89473807,-0.90824385,0.91177783,-0.19604806,-0.97130614,0.34686688,-0.13621988,-0.91496553,-0.73066721,-0.74091505,-0.9686424,0.31717481,0.72068282,-0.97039459,-0.70554035,-0.97039459,-0.99926384,-0.71709424,-0.98243699,15,"laying"
0.83339553,0.89599764,-0.68859271,0.88353525,0.56819976,0.29211866,-0.36838146,-0.36862488,-0.37277342,-0.098847743,-0.25949756,-0.8985504,-0.8049911,0.80886807,-0.20804899,-0.99317868,0.35166063,-0.14234563,-0.81245945,-0.72299803,-0.35719533,-0.99041842,0.32010654,0.30401853,-0.99237572,-0.55058586,-0.99237572,-0.99989333,-0.292067,-0.98557949,15,"laying"
0.83327661,0.89616045,-0.68740345,0.882867,0.565876,0.29364334,-0.3694416,-0.37063624,-0.37357105,-0.098796067,-0.09386007,-0.89871855,-0.44035316,0.4769341,-0.21204029,-0.99624926,0.35188319,-0.14261962,-0.51394806,-0.72001546,0.071057227,-0.99462035,0.32313944,-0.10442075,-0.99571749,-0.25660846,-0.99571749,-0.99994722,0.065096275,-0.99435646,15,"laying"
0.831834,0.89616045,-0.6868788,0.88248093,0.56453351,0.29439719,-0.36966735,-0.3715907,-0.37666585,-0.099152434,-0.10544788,-0.8989552,-0.41577017,0.45275672,-0.21204029,-0.99453608,0.35215429,-0.14300802,-0.4900555,-0.71859499,0.17507732,-0.99191913,0.32389455,-0.23569287,-0.99325093,-0.17720791,-0.99325093,-0.99990833,0.21927742,-0.99242214,15,"laying"
0.831834,0.89584969,-0.68721617,0.88236793,0.56414102,0.29407044,-0.36966735,-0.37103098,-0.3746514,-0.099162775,-0.097248714,-0.8991579,-0.38098824,0.44509388,-0.21242563,-0.98829394,0.35231179,-0.14334065,-0.51013711,-0.71942815,-0.065388681,-0.98476062,0.32145245,-0.0002895551,-0.98635067,-0.35907802,-0.98635067,-0.99976803,0.0061566134,-0.994406,15,"laying"
0.83710924,0.89584969,-0.68974316,0.88347331,0.56798985,0.29007475,-0.36777065,-0.36564729,-0.34972249,-0.099162775,-0.18632196,-0.897563,-0.79884574,0.80431072,-0.19580452,-0.81802126,0.3502741,-0.14075647,-0.80952476,-0.7273062,-0.11970873,-0.85201182,0.31503788,0.090680336,-0.82044589,-0.88549489,-0.82044589,-0.98221259,-0.12095556,-0.90096886,15,"laying"
0.83756884,0.88899139,-0.69356751,0.88432785,0.57098061,0.27557143,-0.36565148,-0.34613828,-0.33171151,-0.098352913,-0.35770485,-0.8808449,-0.7839502,0.78322966,-0.1351906,-0.86707484,0.33110939,-0.11549569,-0.78221833,-0.7547749,-0.26743682,-0.87079352,0.31380399,0.20914449,-0.8640073,-0.88459251,-0.8640073,-0.98945995,-0.19794501,-0.87146874,15,"laying"
0.83756884,0.88227954,-0.68205298,0.87700189,0.54566712,0.27457676,-0.36584119,-0.34477861,-0.33171151,-0.081265936,-0.79547582,-0.85595791,-0.88315491,0.88364863,-0.1329668,-0.89675387,0.30391094,-0.079144546,-0.88381432,-0.75671264,-0.41520412,-0.91887621,0.36017741,0.36240642,-0.89933261,-0.82854872,-0.89933261,-0.99395806,-0.34677916,-0.94173738,15,"laying"
0.82394357,0.88227954,-0.66957885,0.86989872,0.52112532,0.28713754,-0.36597441,-0.36154228,-0.34675038,-0.037364488,-0.40117122,-0.85051071,-0.865092,0.8742542,-0.1329668,-0.96046,0.29835121,-0.071307995,-0.88317459,-0.73328649,-0.40404138,-0.96061768,0.40075086,0.35954774,-0.95633512,-0.81040368,-0.95633512,-0.99861084,-0.353539,-0.95514211,15,"laying"
0.81989367,0.88233524,-0.66991061,0.86955585,0.51994737,0.28955672,-0.36622698,-0.36445317,-0.36675557,-0.037364488,-0.42735284,-0.85554673,-0.60779162,0.60860258,-0.14056035,-0.97823643,0.30326932,-0.07811876,-0.60921612,-0.72912844,-0.043636607,-0.97608375,0.39450117,-0.029371763,-0.97613253,-0.68049795,-0.97613253,-0.99947457,0.040854084,-0.9883333,15,"laying"
0.81982803,0.88217256,-0.6685,0.86885138,0.51753595,0.29177949,-0.36844039,-0.36743069,-0.36675578,-0.037321924,0.051899985,-0.85626764,-0.39809217,0.40099366,-0.14840463,-0.99094115,0.30408073,-0.079102081,-0.40368302,-0.72474058,-0.23729459,-0.98912166,0.39865335,0.19793482,-0.99142364,-0.50727142,-0.99142364,-0.99987611,-0.20913793,-0.99456549,15,"laying"
0.81810022,0.8815736,-0.66630525,0.86799194,0.5145954,0.29473917,-0.37031711,-0.37151755,-0.37522943,-0.037121055,0.078909098,-0.85647111,-0.36434337,0.3864675,-0.14842965,-0.99658433,0.30448782,-0.07938207,-0.4088432,-0.71870284,-0.1151433,-0.99494592,0.40670142,0.060931694,-0.99664209,-0.48028569,-0.99664209,-0.99996012,-0.064237299,-0.99306719,15,"laying"
0.81756326,0.8814883,-0.66576829,0.86766231,0.51346862,0.29574115,-0.37074348,-0.3728269,-0.37733575,-0.038107434,0.12424928,-0.85704554,-0.40013899,0.44258352,-0.14955259,-0.99405242,0.30508957,-0.080174034,-0.48581752,-0.71674762,0.23318753,-0.99289591,0.40778206,-0.31794249,-0.99354362,-0.30570791,-0.99354362,-0.99991344,0.3235055,-0.99055641,15,"laying"
0.81712539,0.8806364,-0.66497693,0.86714056,0.51168642,0.29702155,-0.37364269,-0.37448639,-0.37896326,-0.038230807,-0.10394096,-0.85756801,-0.35427857,0.37826583,-0.15010876,-0.99472294,0.30563092,-0.080895429,-0.4025206,-0.71425493,0.1440616,-0.99307982,0.40941227,-0.2103096,-0.99369119,-0.44276287,-0.99369119,-0.99991572,0.20173535,-0.99117945,15,"laying"
0.81676876,0.8806364,-0.66439451,0.86680637,0.51054498,0.29801524,-0.37368136,-0.37579518,-0.37966099,-0.039677696,-0.26155715,-0.85802942,-0.22833005,0.2388033,-0.15105059,-0.9979784,0.30612667,-0.081534052,-0.24924783,-0.71228674,0.11896278,-0.99718166,0.41077388,-0.18051285,-0.99788076,-0.42330587,-0.99788076,-0.99997589,0.16829029,-0.99329798,15,"laying"
0.81668005,0.88066226,-0.66440888,0.867018,0.51126756,0.29829042,-0.37430616,-0.37623828,-0.38117893,-0.039689393,-0.27157891,-0.85847767,-0.23782695,0.25018769,-0.15111895,-0.99851369,0.30665841,-0.082155143,-0.26263615,-0.71161805,0.2072606,-0.99863254,0.41133828,-0.25568469,-0.99838209,-0.059079786,-0.99838209,-0.99998222,0.22357792,-0.9902886,15,"laying"
0.81668005,0.88060872,-0.66440861,0.86699632,0.51119353,0.29833198,-0.37499268,-0.37628277,-0.38075235,-0.039689393,-0.84422146,-0.8585569,-0.30214215,0.43294312,-0.15178442,-0.96105711,0.30673335,-0.082264863,-0.5656128,-0.71154976,-0.079088295,-0.95212734,0.41118728,0.10894676,-0.95392764,-0.52642677,-0.95392764,-0.99847884,-0.20260965,-0.97353655,15,"laying"
0.82829115,0.88060872,-0.66841447,0.86935511,0.51928789,0.29560105,-0.37499268,-0.3726208,-0.36288013,-0.064291204,-0.88596933,-0.86244676,-0.88399588,0.88905252,-0.15178442,-0.92684309,0.31076118,-0.087782472,-0.89386467,-0.71698688,-0.62529918,-0.94014524,0.39719776,0.5956438,-0.93047831,-0.67987269,-0.93047831,-0.99689899,-0.59015248,-0.96736936,15,"laying"
0.83035275,0.88063672,-0.67937642,0.87613768,0.5426228,0.28683901,-0.37495716,-0.36110886,-0.35821551,-0.0669439,-0.73296253,-0.87072491,-0.66998226,0.66771765,-0.15275041,-0.95347318,0.31950471,-0.099635953,-0.66512598,-0.73383778,-0.21204602,-0.95211844,0.36206238,0.14085337,-0.95112538,-0.53004435,-0.95112538,-0.99831925,-0.11977542,-0.95122254,15,"laying"
-0.21618872,-0.21062694,0.2306767,-0.21644137,-0.92353499,-0.014952059,0.036506967,0.05320045,0.059186216,0.97718253,-0.26983171,0.90994155,-0.56664622,0.63654701,0.90264458,-0.37399605,-0.8028472,0.96734609,-0.70562715,-0.99524266,-0.31737436,-0.23289759,-0.32865998,0.35221443,-0.2212956,-0.4941542,-0.2212956,-0.69197871,-0.43615542,-0.30287065,15,"walking"
-0.24076269,-0.21062694,0.24135385,-0.23159238,-0.91199906,-0.019308401,0.05016597,0.059419763,0.059186216,0.96684893,-0.21936977,0.89011154,-0.54246281,0.61306961,0.89638951,-0.30501593,-0.78633882,0.95984502,-0.68276473,-0.99420715,-0.20836277,-0.14520227,-0.28532134,0.25063874,-0.15253408,-0.46584705,-0.15253408,-0.63589641,-0.34912798,-0.31350397,15,"walking"
-0.22962071,-0.21015722,0.23649586,-0.2222621,-0.91940069,-0.016142519,0.050162769,0.054293987,0.052174505,0.95144224,-0.13080396,0.85487214,-0.49142996,0.57505041,0.88745883,-0.28873852,-0.79424513,0.94637013,-0.65820245,-0.99528892,-0.17626625,-0.11451234,-0.3502666,0.22193626,-0.13642815,-0.46099643,-0.13642815,-0.62212079,-0.32617497,-0.32826924,15,"walking"
-0.22945683,-0.19274319,0.23212342,-0.21462737,-0.92544642,-0.020781345,0.050162769,0.060557855,0.063218504,0.95144224,-0.16116717,0.83293824,-0.46623927,0.55552676,0.8708667,-0.33354452,-0.79876494,0.93798299,-0.64369108,-0.99391301,-0.26467676,-0.2136222,-0.37039005,0.3012952,-0.19131339,-0.44427921,-0.19131339,-0.66801644,-0.38900969,-0.2135218,15,"walking"
-0.22945683,-0.20649099,0.23788252,-0.22412882,-0.9179333,-0.026349793,0.061655237,0.068864828,0.063720093,0.9560124,-0.20422492,0.84812106,-0.40673284,0.48968262,0.87749597,-0.35039764,-0.78854089,0.94382183,-0.56891262,-0.9920739,-0.25974598,-0.16435383,-0.31116324,0.30031469,-0.17447621,-0.49066054,-0.17447621,-0.65410962,-0.39304591,-0.22444913,15,"walking"
-0.23767909,-0.20649099,0.23940008,-0.227405,-0.91537977,-0.025038783,0.06491509,0.067313923,0.063720093,0.96277686,-0.25821827,0.86642018,-0.367197,0.45715683,0.883989,-0.32454829,-0.78695843,0.95082674,-0.54275889,-0.99245205,-0.22564166,-0.14267324,-0.29294048,0.27049876,-0.1367096,-0.40253479,-0.1367096,-0.62235646,-0.37060309,-0.36333587,15,"walking"
-0.23761878,-0.20249837,0.23375815,-0.22047149,-0.92093393,-0.023297639,0.064664876,0.06516696,0.060105589,0.96934608,-0.28590825,0.89573756,-0.50905754,0.58723569,0.90030997,-0.44640205,-0.79551127,0.96196109,-0.6641674,-0.99297633,-0.22925199,-0.28119051,-0.29609539,0.26488622,-0.25090657,-0.462756,-0.25090657,-0.71467429,-0.35429218,-0.22428309,15,"walking"
-0.23761878,-0.20153446,0.23383941,-0.22171438,-0.91995552,-0.022590916,0.058414852,0.064469793,0.060105589,0.97814449,-0.16779327,0.91692765,-0.54431656,0.62145729,0.90030997,-0.44713974,-0.79567488,0.96998877,-0.69775804,-0.99313084,-0.20497812,-0.30917279,-0.27914632,0.24661243,-0.28473431,-0.47027139,-0.28473431,-0.73950124,-0.34287532,-0.18585311,15,"walking"
-0.24026003,-0.20153446,0.23630329,-0.22470188,-0.91761366,-0.01982968,0.057286563,0.060291279,0.057147274,0.97099581,-0.18713053,0.90376641,-0.53209193,0.61556201,0.89914073,-0.37268978,-0.79325699,0.96500916,-0.69796502,-0.99406131,-0.23868343,-0.26191128,-0.29177418,0.2871609,-0.2363052,-0.46935677,-0.2363052,-0.7035687,-0.38905079,-0.26862426,15,"walking"
-0.24444823,-0.20188274,0.23869463,-0.22646273,-0.91621432,-0.020532035,0.057286563,0.060854161,0.058098529,0.96095436,-0.28045561,0.86994468,-0.53850056,0.6150876,0.89165098,-0.28920006,-0.7896481,0.95215245,-0.69087676,-0.99393649,-0.073792112,-0.16785953,-0.31021102,0.10085526,-0.12354535,-0.40041949,-0.12354535,-0.61082405,-0.18872917,-0.25972388,15,"walking"
-0.24444823,-0.20655394,0.24203891,-0.23084064,-0.91264965,-0.021884627,0.060258998,0.062680241,0.058098529,0.96095436,-0.2579048,0.85798007,-0.45848832,0.53955772,0.87937604,-0.24590106,-0.78446639,0.94760132,-0.61848685,-0.9935457,-0.07793862,-0.037562167,-0.30219443,0.10458198,-0.06301383,-0.31695907,-0.06301383,-0.55596517,-0.19237714,-0.23367575,15,"walking"
-0.24591163,-0.20655394,0.24226831,-0.23125071,-0.91231602,-0.019891264,0.059579623,0.05983913,0.05514014,0.96369596,-0.15368439,0.85967589,-0.42376311,0.50869614,0.87937604,-0.29292836,-0.78485097,0.94825321,-0.59078468,-0.99417678,-0.10286914,-0.15370956,-0.30741896,0.13226157,-0.15770264,-0.37873274,-0.15770264,-0.64028357,-0.22191135,-0.2020768,15,"walking"
-0.24591163,-0.20273723,0.24164113,-0.22973931,-0.91356511,-0.016121667,0.049344803,0.054284797,0.051637596,0.96087827,-0.12666609,0.85070288,-0.44139459,0.52107608,0.87661021,-0.36424266,-0.78698018,0.94481814,-0.59801163,-0.99526968,-0.082207976,-0.21175167,-0.33297034,0.12195012,-0.23256862,-0.47696459,-0.23256862,-0.70072357,-0.22300308,-0.13905555,15,"walking"
-0.23189043,-0.21006539,0.23752451,-0.22578389,-0.9165412,-0.016222309,0.040190144,0.054893105,0.065088635,0.96129244,-0.15845618,0.89076278,-0.5790785,0.64577666,0.90162621,-0.41440208,-0.79276668,0.9600568,-0.71275865,-0.99489793,-0.29750695,-0.26739306,-0.31278326,0.32686092,-0.26881091,-0.50461175,-0.26881091,-0.72790871,-0.40604442,-0.32542161,15,"walking"
-0.24537607,-0.21006539,0.24368942,-0.23349563,-0.91044087,-0.02069931,0.051469521,0.061051082,0.065088635,0.96129244,-0.12504165,0.86132398,-0.53389729,0.62116281,0.88646299,-0.39399734,-0.78257069,0.948876,-0.70815296,-0.9937906,-0.15747493,-0.25025433,-0.29688658,0.18886408,-0.22796889,-0.61481627,-0.22796889,-0.69700463,-0.27930254,-0.29884742,15,"walking"
-0.24847874,-0.20779645,0.24242081,-0.23155785,-0.91206953,-0.01892891,0.051378858,0.058478715,0.06067222,0.96229187,-0.13402203,0.86130063,-0.48370913,0.5669041,0.88088965,-0.33945168,-0.78496485,0.94887268,-0.64819692,-0.99439966,-0.17232831,-0.22241528,-0.3090288,0.2112712,-0.19109322,-0.52826434,-0.19109322,-0.66794108,-0.30712236,-0.37856139,15,"walking"
-0.24098525,-0.20497094,0.24160039,-0.23015093,-0.91321143,-0.022734282,0.051378858,0.063883642,0.06463852,0.96063522,-0.19770705,0.85719346,-0.48121634,0.56155508,0.88088965,-0.35544137,-0.78476882,0.94729964,-0.64008192,-0.99317854,-0.079778516,-0.15941538,-0.30143196,0.12068568,-0.20710879,-0.43600186,-0.20710879,-0.68081024,-0.22378284,-0.28458235,15,"walking"
-0.24098525,-0.20744905,0.24111313,-0.22960875,-0.91362621,-0.017735442,0.039915554,0.056747853,0.06463852,0.96063522,-0.25574587,0.86193463,-0.48704653,0.56175579,0.88433301,-0.3617762,-0.78720677,0.94910902,-0.63450171,-0.9944827,-0.17898992,-0.2257649,-0.31849232,0.21210636,-0.2439842,-0.47265764,-0.2439842,-0.70942972,-0.30206631,-0.2090396,15,"walking"
-0.24104546,-0.2092424,0.24284061,-0.23304124,-0.91078741,-0.0090863061,0.039915554,0.04449114,0.0478903,0.96973172,-0.32111545,0.87844698,-0.34435998,0.42094303,0.88446975,-0.43049591,-0.78725931,0.95541831,-0.4924084,-0.99695607,-0.2312355,-0.21710259,-0.32978941,0.27355801,-0.28690867,-0.5223388,-0.28690867,-0.74108881,-0.37074482,-0.19966289,15,"walking"
-0.23114984,-0.2092424,0.23786228,-0.2253271,-0.91690812,-0.011473508,0.042694618,0.047832512,0.044702094,0.96684402,-0.29535654,0.87424005,-0.46176618,0.53340744,0.88446975,-0.39322594,-0.79371975,0.95381305,-0.60260414,-0.99643568,-0.2439487,-0.25904668,-0.34489648,0.2857228,-0.23827996,-0.4927321,-0.23827996,-0.70508201,-0.38129648,-0.30604984,15,"walking"
-0.23114984,-0.19479048,0.23103661,-0.21537117,-0.92488198,-0.011611912,0.044167684,0.048012363,0.044702094,0.96684402,-0.24403433,0.87981658,-0.50123457,0.57326229,0.89064531,-0.35554912,-0.80337309,0.95592993,-0.64375797,-0.9964145,-0.26523251,-0.27494584,-0.36738173,0.3077991,-0.22479148,-0.43487773,-0.22479148,-0.69467559,-0.40214385,-0.39136735,15,"walking"
-0.23389898,-0.19419841,0.23307137,-0.21863069,-0.92238038,-0.011081905,0.044167684,0.047315679,0.044561448,0.96896371,-0.25632254,0.88374467,-0.52539259,0.60242614,0.89064531,-0.44260531,-0.80063808,0.95742808,-0.67800738,-0.99653439,-0.12299118,-0.35792944,-0.35751086,0.15443761,-0.33266925,-0.39540504,-0.33266925,-0.77281766,-0.24464364,-0.32802086,15,"walking"
-0.23869371,-0.19419841,0.23496492,-0.22102543,-0.92053846,-0.013184633,0.048141034,0.050270539,0.044561448,0.96896371,-0.21241003,0.87485248,-0.49121988,0.56083868,0.88513514,-0.5381873,-0.79733595,0.95404797,-0.62834891,-0.99604704,-0.02355525,-0.39620224,-0.34961184,0.055850885,-0.39976599,-0.40749144,-0.39976599,-0.81558388,-0.15209182,-0.27074546,15,"walking"
-0.23708083,-0.19284538,0.23263087,-0.21849644,-0.92250301,-0.010118572,0.039410108,0.046028509,0.04328859,0.97068618,-0.165141,0.89395718,-0.50712261,0.58760843,0.89724467,-0.45783281,-0.8015344,0.96128974,-0.6671559,-0.99672674,-0.07788232,-0.32661524,-0.35388913,0.11333156,-0.30279063,-0.38766715,-0.30279063,-0.75233986,-0.2095097,-0.29914651,15,"walking"
-0.23613926,-0.1921342,0.23184056,-0.21768684,-0.92312829,-0.007301168,0.039257459,0.042018075,0.041613923,0.96966937,-0.11632456,0.90177001,-0.52798591,0.60550468,0.89724467,-0.39419862,-0.80340289,0.96425164,-0.68262708,-0.99735921,-0.077943777,-0.26388298,-0.36110828,0.10233282,-0.24411189,-0.42750356,-0.24411189,-0.70954742,-0.18750795,-0.32302663,15,"walking"
-0.23613926,-0.19280457,0.23322348,-0.21889596,-0.92219172,-0.012227463,0.039257459,0.04897667,0.048406058,0.96966937,-0.098969739,0.88419538,-0.52629023,0.60289304,0.89508587,-0.39994022,-0.80009003,0.95759345,-0.67891984,-0.99617781,-0.16304573,-0.31466006,-0.35203423,0.19419722,-0.28720395,-0.43500839,-0.28720395,-0.74130326,-0.28039603,-0.2823696,15,"walking"
-0.18948593,-0.21355197,0.22638597,-0.20039591,-0.93416538,-0.00750599,0.030130589,0.040524083,0.038837977,0.88422205,-0.42223311,0.72653889,-0.63184039,0.71643419,0.87835629,0.2235609,-0.81112661,0.89606616,-0.80211692,-0.99754654,-0.35335216,0.46881185,-0.54317241,0.36871674,0.46332907,0.14010656,0.46332907,0.074567025,-0.43002386,-0.49422225,15,"walking_downstairs"
-0.16954271,-0.16513961,0.20285185,-0.16643729,-0.9573299,0.00087779724,0.01539701,0.028779208,0.031751468,0.88422205,-0.4952868,0.71798467,-0.65487328,0.73016854,0.86292216,0.26999907,-0.84674837,0.89278706,-0.80600708,-0.99876291,-0.33505528,0.24071313,-0.6730796,0.3851471,0.51299733,0.053677851,0.51299733,0.14870703,-0.48454256,-0.36017017,15,"walking_downstairs"
-0.16888486,-0.13844856,0.19510007,-0.15917745,-0.96150424,0.011681883,0.0062707357,0.014229457,0.018044137,0.91444733,-0.48476078,0.81210406,-0.68633557,0.75319985,0.88317221,0.19334844,-0.85954293,0.92976755,-0.82043348,-0.9997371,-0.17989962,0.54139636,-0.65936175,0.19049707,0.42275536,0.050899848,0.42275536,0.016211881,-0.25699523,-0.39515728,15,"walking_downstairs"
-0.16813657,-0.13832101,0.19422944,-0.15878573,-0.96168869,0.013375503,0.0062707357,0.011894823,0.015337388,0.94503326,-0.46868655,0.83439826,-0.66178367,0.72836041,0.88317221,0.15287286,-0.86092618,0.93850854,-0.79475701,-0.99985328,-0.26701453,0.32247099,-0.64985542,0.28632536,0.3082643,0.12957219,0.3082643,-0.139672,-0.35681318,-0.46543325,15,"walking_downstairs"
-0.1562419,-0.13708497,0.18817565,-0.14935287,-0.96647981,0.0090582959,0.012526468,0.017904598,0.015337388,0.94251915,-0.44323381,0.81657764,-0.52149075,0.59284318,0.86866466,0.26131794,-0.869267,0.93166113,-0.6621148,-0.99966295,-0.22140539,0.58443336,-0.67377952,0.24721413,0.51252607,0.046358022,0.51252607,0.14758668,-0.32848656,-0.10335321,15,"walking_downstairs"
-0.1562419,-0.14560238,0.19335245,-0.15568475,-0.96293754,0.0066263797,0.016880662,0.021195635,0.018915098,0.91701817,-0.48725632,0.78645783,-0.58426823,0.66151861,0.86866466,0.22816167,-0.86145909,0.91987256,-0.73805474,-0.99949308,-0.16775617,0.62318019,-0.6704594,0.16654746,0.53723218,0.36443009,0.53723218,0.18547773,-0.22261293,-0.15131021,15,"walking_downstairs"
-0.16089433,-0.14560238,0.19615332,-0.15826653,-0.96172938,0.0071623996,0.016257057,0.02030766,0.018915098,0.91506956,-0.56376871,0.75012552,-0.63458741,0.71729657,0.84585405,0.20393905,-0.85750472,0.90568512,-0.79992837,-0.99953229,-0.25334085,0.26066706,-0.6931026,0.26162242,0.39860866,0.4660883,0.39860866,-0.016641787,-0.32165925,-0.48373475,15,"walking_downstairs"
-0.18279137,-0.21270341,0.22800613,-0.20625308,-0.93020041,-0.029843674,0.061991401,0.072551066,0.071068903,0.91914565,-0.4436614,0.78691728,-0.65763239,0.73180942,0.88126546,0.14087225,-0.80063766,0.92006946,-0.8066087,-0.99108004,-0.41312876,0.37368236,-0.39553135,0.4447294,0.31802635,-0.027812159,0.31802635,-0.12690268,-0.51926503,-0.50907729,15,"walking_downstairs"
-0.15074434,-0.17913419,0.19652177,-0.16157742,-0.95916834,-0.018631404,0.026042307,0.056805701,0.067115401,0.93221253,-0.45958668,0.81608508,-0.6500093,0.7233288,0.88880725,0.11607633,-0.84899447,0.93137733,-0.7968806,-0.99424062,-0.40100352,0.31791398,-0.53718162,0.44354262,0.29558739,-0.36972268,0.29558739,-0.15614525,-0.53067347,-0.27923897,15,"walking_downstairs"
-0.14843076,-0.12954965,0.17996426,-0.14001542,-0.9711402,-0.0033921538,0.025653164,0.035921207,0.050403159,0.94301454,-0.4944016,0.89279596,-0.68400026,0.74513513,0.91188683,0.18167598,-0.87814005,0.96072317,-0.80635996,-0.99783404,-0.40011005,0.39878076,-0.59511025,0.42840324,0.35977212,-0.28272127,0.35977212,-0.071159638,-0.49989171,-0.096062216,15,"walking_downstairs"
-0.14843076,-0.13557223,0.18453175,-0.14731759,-0.96744903,0.00047820731,0.025653164,0.03052693,0.033928765,0.96377962,-0.39754289,0.91013347,-0.67551559,0.74671932,0.91188683,0.092671585,-0.87282165,0.96736795,-0.81805046,-0.99868681,-0.29949016,0.31632833,-0.57691675,0.31663817,0.28019467,-0.15211376,0.28019467,-0.17575056,-0.38308766,-0.48378901,15,"walking_downstairs"
-0.14249618,-0.13557223,0.18221105,-0.14198324,-0.96989437,0.0064084878,0.003569074,0.021760266,0.033928765,0.93393822,-0.39157144,0.8535002,-0.62067429,0.69318906,0.89660063,0.11287373,-0.87745044,0.94581186,-0.76552293,-0.99917057,-0.2949601,0.41390895,-0.65417995,0.30889979,0.36673169,0.10976881,0.36673169,-0.060439793,-0.37236965,-0.096284803,15,"walking_downstairs"
-0.14249618,-0.13418691,0.18506973,-0.14357675,-0.96909975,0.012558383,0.003569074,0.012922706,0.018702581,0.91272448,-0.44173488,0.78024962,-0.64498561,0.7193363,0.87123558,0.24758405,-0.87412087,0.9174151,-0.79368056,-0.99978437,-0.34083797,0.43796919,-0.72651764,0.3574405,0.4525549,-0.0033113302,0.4525549,0.05933762,-0.42040748,0.046282622,15,"walking_downstairs"
-0.17105743,-0.13418691,0.19445622,-0.15585778,-0.96334355,0.0028728287,0.0036393896,0.026207627,0.034058885,0.91272448,-0.45582576,0.74989204,-0.62481952,0.7089324,0.84483049,0.36473263,-0.85919614,0.90559259,-0.79292145,-0.99884344,-0.17595183,0.46217315,-0.68250189,0.21093215,0.49876362,0.018883098,0.49876362,0.12687683,-0.30324802,-0.55464152,15,"walking_downstairs"
-0.17930652,-0.19135365,0.20769547,-0.17900846,-0.94912749,-0.01634849,0.048006021,0.054073519,0.052944449,0.94414542,-0.44358639,0.84331461,-0.6553907,0.73316931,0.89030055,0.16586065,-0.83456043,0.94193562,-0.8113703,-0.99532165,-0.25720465,0.32690113,-0.47684325,0.29085206,0.35303341,0.054476595,0.35303341,-0.080192367,-0.37846722,-0.62915423,15,"walking_downstairs"
-0.16131458,-0.13959669,0.19351926,-0.15854245,-0.96186548,-0.009060473,0.023163024,0.043711342,0.049818253,0.95073872,-0.47041302,0.85264309,-0.63450867,0.71725668,0.88097007,0.17306454,-0.85713104,0.94554525,-0.79979883,-0.99687742,-0.2161771,0.45682267,-0.55316841,0.26368875,0.39684031,-0.11050999,0.39684031,-0.02020648,-0.36840082,-0.39608657,15,"walking_downstairs"
-0.15615997,-0.13470943,0.18522291,-0.14750564,-0.96746884,0.0040360007,0.015875364,0.025295777,0.035762965,0.96245717,-0.51711625,0.88610459,-0.67376174,0.73675994,0.90447664,0.16278458,-0.87266963,0.95827472,-0.79936067,-0.99899651,-0.23927964,0.48519255,-0.60786982,0.27916986,0.4061168,-0.1654225,0.4061168,-0.0071125512,-0.37344947,-0.39722829,15,"walking_downstairs"
-0.15615997,-0.12600414,0.18351738,-0.14489138,-0.96887752,0.012756586,0.0081875066,0.012847348,0.011140756,0.95160883,-0.43416391,0.8836254,-0.70035968,0.76784102,0.90447664,0.12610942,-0.87638184,0.95730169,-0.83567599,-0.99986052,-0.23270194,0.30901738,-0.65009055,0.28635557,0.3314503,-0.11400588,0.3314503,-0.10907949,-0.39460363,-0.57577761,15,"walking_downstairs"
-0.16122611,-0.14259169,0.18741425,-0.14913732,-0.96673487,0.018837416,5.4193836e-06,0.0041971582,0.0080082332,0.94804248,-0.49417681,0.84169045,-0.63831989,0.71278819,0.88970889,0.19579353,-0.87092861,0.94132102,-0.78708143,-0.99992655,-0.30112077,0.5025163,-0.67447297,0.33083729,0.40328687,0.20988544,0.40328687,-0.011121171,-0.41075197,-0.25943454,15,"walking_downstairs"
-0.16122611,-0.14690355,0.19442997,-0.1583575,-0.96165151,0.021513165,5.4193836e-06,0.00045383497,0.0021396955,0.94018979,-0.56166753,0.81567165,-0.63786021,0.71672092,0.8688534,0.28542886,-0.86067905,0.93129939,-0.79498983,-0.99992963,-0.27604986,0.63620342,-0.6680615,0.3043628,0.50075255,0.45686968,0.50075255,0.12984112,-0.38442423,-0.11799818,15,"walking_downstairs"
-0.15483898,-0.14690355,0.19277155,-0.15549845,-0.9631292,0.011281224,0.00037135657,0.01476568,0.030944452,0.93956247,-0.45743442,0.80349334,-0.62462968,0.70441895,0.86175356,0.1436256,-0.8628743,0.92658832,-0.78345134,-0.99944526,-0.21097515,0.44154578,-0.6645734,0.24049025,0.36072657,0.20039683,0.36072657,-0.069818704,-0.32574201,-0.48670188,15,"walking_downstairs"
-0.23883617,-0.27257858,0.25177886,-0.24683399,-0.89772942,-0.049250137,0.048969669,0.10276107,0.11915666,0.93975121,-0.44726472,0.86878067,-0.62826004,0.68762989,0.89333094,-0.19938577,-0.75846607,0.95166217,-0.74706492,-0.9804223,-0.5743626,-0.041325699,-0.14385511,0.57643615,-0.068761516,-0.84685878,-0.068761516,-0.56136141,-0.60834149,-0.40891199,15,"walking_upstairs"
-0.24618564,-0.29894308,0.28561412,-0.29321458,-0.8515319,-0.048151707,0.084759525,0.10038488,0.11148325,0.91390008,-0.44230403,0.79455237,-0.64417526,0.70629407,0.89333094,-0.24237765,-0.71294104,0.9228927,-0.76868018,-0.98203764,-0.46046598,-0.0706759,-0.07957457,0.49733793,-0.1015915,-0.67170274,-0.1015915,-0.59141671,-0.57445992,-0.48988513,15,"walking_upstairs"
-0.31159715,-0.29894308,0.30423882,-0.31729009,-0.82705169,-0.040514921,0.077127477,0.088821493,0.091241059,0.91102565,-0.45456286,0.74367341,-0.65137832,0.70400523,0.85343892,-0.25566568,-0.6902724,0.90312286,-0.7565475,-0.9861865,-0.46640376,-0.065482264,-0.083109151,0.49688263,-0.12148676,-0.65574419,-0.12148676,-0.60911904,-0.56643217,-0.34803769,15,"walking_upstairs"
-0.30559754,-0.29387358,0.29073194,-0.29984671,-0.84646933,-0.045082797,0.077127477,0.095791128,0.11359364,0.91102565,-0.45406725,0.78043082,-0.6523862,0.70621751,0.86007502,-0.23371114,-0.70724439,0.91752482,-0.75966505,-0.98357247,-0.46027134,-0.12988005,-0.084161191,0.49080685,-0.12836673,-0.76369189,-0.12836673,-0.6151434,-0.56065867,-0.4478245,15,"walking_upstairs"
-0.30559754,-0.30204877,0.29106784,-0.30197901,-0.84405766,-0.05454814,0.089680133,0.10992539,0.11500282,0.92244297,-0.35309066,0.79604723,-0.57764365,0.63809991,0.86007502,-0.15247883,-0.7023864,0.92368082,-0.69744881,-0.97834875,-0.49278761,-0.04349404,-0.028765345,0.52275016,-0.043262801,-0.73277271,-0.043262801,-0.53727702,-0.58959845,-0.20900866,15,"walking_upstairs"
-0.31832501,-0.30249695,0.30574372,-0.32205164,-0.82155155,-0.052090163,0.094543262,0.10616218,0.11500282,0.9202393,-0.33960382,0.76676681,-0.55038176,0.60875223,0.84911142,-0.13920324,-0.68333238,0.91223753,-0.6653465,-0.97983776,-0.49046183,-0.015232802,-0.0063161298,0.53216947,-0.023863005,-0.60897429,-0.023863005,-0.51850113,-0.61169112,-0.14969444,15,"walking_upstairs"
-0.34279185,-0.30534608,0.31118899,-0.32937639,-0.81302377,-0.043658157,0.084019059,0.093973572,0.100838,0.9202393,-0.4678565,0.7584042,-0.54449676,0.59875035,0.8428078,-0.29359632,-0.67930933,0.908963,-0.65076454,-0.98447175,-0.23384773,-0.11064647,-0.025290456,0.27799577,-0.16791742,-0.64486052,-0.16791742,-0.64883123,-0.37621974,-0.51938565,15,"walking_upstairs"
-0.33013746,-0.30556909,0.30955697,-0.32878997,-0.81367806,-0.037125305,0.077215624,0.085040541,0.088648616,0.92622567,-0.42428254,0.78334443,-0.60932951,0.66423647,0.85766438,-0.28121586,-0.68405183,0.91872097,-0.71802162,-0.98746756,-0.39265163,-0.16080826,-0.031988658,0.44429984,-0.18676794,-0.62588443,-0.18676794,-0.6644302,-0.54142381,-0.64996421,15,"walking_upstairs"
-0.26474276,-0.27450614,0.2673407,-0.26981492,-0.87695238,-0.057914817,0.034426278,0.11549394,0.1439684,0.94017429,-0.37925473,0.85208618,-0.63595731,0.69339529,0.88947633,-0.16466067,-0.73276008,0.94528585,-0.75079312,-0.97402939,-0.43430598,0.031730752,-0.059685911,0.41845644,-0.00042777074,-0.83073046,-0.00042777074,-0.49533707,-0.44083432,-0.41107982,15,"walking_upstairs"
-0.26696036,-0.29839334,0.28799095,-0.29786004,-0.84745091,-0.056447525,0.09867001,0.11275,0.1389422,0.92527344,-0.32348683,0.80307759,-0.60061617,0.66219097,0.88947633,-0.18683423,-0.70563803,0.92630285,-0.72351573,-0.97683627,-0.44037068,-0.096225042,-0.027361289,0.48403268,-0.055859257,-0.73456366,-0.055859257,-0.54919543,-0.56976653,-0.56843527,15,"walking_upstairs"
-0.30846533,-0.29839334,0.30278803,-0.31614288,-0.82835584,-0.05088214,0.0967007,0.10385515,0.10850672,0.91206302,-0.35147249,0.75141927,-0.58228389,0.63947809,0.84370623,-0.27963929,-0.68796895,0.90619961,-0.69559471,-0.98081848,-0.48397731,-0.1341434,-0.040137165,0.52229749,-0.15833878,-0.66958958,-0.15833878,-0.64070016,-0.59905992,-0.44204276,15,"walking_upstairs"
-0.30546709,-0.29421929,0.29202171,-0.30065634,-0.84562484,-0.052441657,0.0967007,0.10594882,0.10850672,0.91206302,-0.43749477,0.76225236,-0.58673541,0.64438694,0.85131014,-0.31362189,-0.70210051,0.91043984,-0.70105965,-0.98000708,-0.41321596,-0.19843649,-0.068444483,0.44308262,-0.17360032,-0.61530072,-0.17360032,-0.65361759,-0.51551656,-0.48571911,15,"walking_upstairs"
-0.30546709,-0.29243457,0.29426144,-0.30423792,-0.84165261,-0.053395365,0.10028464,0.10746063,0.10708872,0.91062047,-0.28268986,0.76383831,-0.58598936,0.64782882,0.85131014,-0.30577083,-0.69856534,0.91106181,-0.70908108,-0.97944054,-0.36097082,-0.099113413,-0.053482619,0.40262841,-0.15595713,-0.51775735,-0.15595713,-0.63881205,-0.49093645,-0.42878766,15,"walking_upstairs"
-0.32419475,-0.29301934,0.30560998,-0.31885798,-0.82543818,-0.052580973,0.095567218,0.10586415,0.10708872,0.90333211,-0.24299031,0.7319699,-0.59063104,0.650485,0.84818172,-0.22515213,-0.68329515,0.89850013,-0.70976306,-0.98002235,-0.36406728,-0.11097375,-0.042201422,0.41590102,-0.089578578,-0.48124924,-0.089578578,-0.58052541,-0.51451205,-0.44620076,15,"walking_upstairs"
-0.33570336,-0.29301934,0.30655894,-0.32095719,-0.82302089,-0.047460108,0.091891391,0.098832701,0.1038785,0.90333211,-0.306693,0.74194841,-0.60144786,0.65782474,0.84368082,-0.26112277,-0.68422479,0.90244005,-0.71298082,-0.98273316,-0.12328032,-0.11409745,-0.04771307,0.18834396,-0.13053856,-0.47673919,-0.13053856,-0.61696017,-0.31479814,-0.63253957,15,"walking_upstairs"
-0.32535703,-0.29139796,0.30319352,-0.31751705,-0.82696127,-0.044187507,0.089712241,0.094547567,0.091460411,0.92100149,-0.29478143,0.76341193,-0.5893341,0.63900273,0.84368082,-0.38239108,-0.69027801,0.91093154,-0.68737608,-0.98432604,-0.2164134,-0.2310787,-0.052176719,0.26496482,-0.25704519,-0.36901023,-0.25704519,-0.71926563,-0.36978725,-0.55909182,15,"walking_upstairs"
-0.25923853,-0.28496855,0.26630768,-0.26884845,-0.87761768,-0.066253152,0.0043568849,0.12779378,0.17643163,0.93939446,-0.50003377,0.85624824,-0.65959252,0.71251437,0.88667379,-0.2169484,-0.72917763,0.94688165,-0.76524625,-0.96484993,-0.56089201,-0.11140639,-0.026138983,0.55680881,-0.1084307,-0.88196113,-0.1084307,-0.59750455,-0.58297864,-0.6017657,15,"walking_upstairs"
-0.26514497,-0.3072645,0.29333797,-0.30631606,-0.83801753,-0.06060087,0.077503214,0.1190548,0.17623224,0.92593492,-0.42046171,0.80353594,-0.631996,0.68845556,0.88667379,-0.25775766,-0.69621048,0.92648425,-0.74465435,-0.97177345,-0.36076394,-0.092565565,0.012797658,0.40817613,-0.077310441,-0.8144343,-0.077310441,-0.56925008,-0.50353996,-0.65812191,15,"walking_upstairs"
-0.32226431,-0.3072645,0.30993627,-0.32691981,-0.81582555,-0.03720687,0.077503214,0.084543474,0.093260525,0.9147174,-0.35216414,0.75522961,-0.56522052,0.62537057,0.84515764,-0.28287407,-0.68348821,0.90770217,-0.68445624,-0.98759642,-0.38500485,-0.138292,-0.059583963,0.43780329,-0.13510203,-0.72731762,-0.13510203,-0.62095983,-0.53691516,-0.52153146,15,"walking_upstairs"
-0.30654689,-0.30446516,0.29617621,-0.30698688,-0.83839687,-0.041491437,0.078000238,0.090497488,0.09663434,0.9147174,-0.43100595,0.76729903,-0.60936484,0.66429399,0.85374607,-0.22772576,-0.70117121,0.91242607,-0.71821342,-0.98556006,-0.39392991,-0.12466262,-0.088720808,0.42854861,-0.12259906,-0.62406415,-0.12259906,-0.60997156,-0.50745824,-0.2544559,15,"walking_upstairs"
-0.30654689,-0.27087052,0.28701331,-0.29447671,-0.85258043,-0.046234106,0.080656405,0.097398493,0.09663434,0.93171049,-0.34060514,0.78357607,-0.57091074,0.62747513,0.85374607,-0.26544588,-0.71188565,0.91883048,-0.68218025,-0.98325152,-0.34412819,-0.11838942,-0.09193836,0.38545752,-0.15289855,-0.6597266,-0.15289855,-0.63622996,-0.47392139,-0.34271685,15,"walking_upstairs"
-0.31147789,-0.28305801,0.29393296,-0.30391396,-0.84229692,-0.048166989,0.090966208,0.10005164,0.10255741,0.92074767,-0.20170833,0.76854481,-0.57551303,0.62826223,0.8485298,-0.27702691,-0.70144584,0.91294143,-0.67947698,-0.98227522,-0.3884783,-0.14765153,-0.070545322,0.42039864,-0.18141453,-0.53559242,-0.18141453,-0.6600382,-0.49570601,-0.27150823,15,"walking_upstairs"
-0.32207695,-0.28305801,0.29648646,-0.30719445,-0.83872282,-0.047373455,0.089068431,0.098818605,0.10255741,0.92074767,-0.38365781,0.76131943,-0.49031532,0.54252165,0.84249998,-0.23340742,-0.69826064,0.91010826,-0.59242496,-0.98272075,-0.23309357,-0.14815348,-0.07037954,0.28658319,-0.090473848,-0.45817139,-0.090473848,-0.58124384,-0.39551311,-0.56634311,15,"walking_upstairs"
-0.31820152,-0.27514044,0.29381764,-0.30337219,-0.84297698,-0.043316473,0.084869912,0.093011828,0.092076657,0.92470117,-0.47609817,0.76623459,-0.47137953,0.5244377,0.84423764,-0.25113641,-0.70371002,0.91203983,-0.57473167,-0.98482638,-0.093698045,-0.19126017,-0.092561156,0.14092096,-0.10783327,-0.33732168,-0.10783327,-0.59688016,-0.24815384,-0.48105857,15,"walking_upstairs"
-0.20108368,-0.15415847,0.20635788,-0.17961817,-0.94965659,0.1237567,-0.18202055,-0.14646236,-0.1369613,0.96027904,0.38892766,0.86666531,-0.46411177,0.4604301,0.87960098,-0.93989957,-0.78480946,0.95092201,-0.45663629,-0.95363315,-0.56050673,-0.9527948,-0.18099537,0.524645,-0.94273865,-0.4132495,-0.94273865,-0.99779327,-0.51701128,-0.9542684,16,"standing"
-0.20147304,-0.15697511,0.20870309,-0.18309528,-0.94745398,0.12032843,-0.15412988,-0.14163095,-0.1369613,0.96911696,0.61572399,0.86866816,-0.45360653,0.45182742,0.87960098,-0.96245266,-0.78550138,0.95169092,-0.44974194,-0.95690384,-0.49769298,-0.97057444,-0.18298419,0.45206963,-0.96561076,-0.79807832,-0.96561076,-0.99906393,-0.43837482,-0.96788604,16,"standing"
-0.2051765,-0.15697511,0.20968089,-0.18453603,-0.94654485,0.12830048,-0.15412988,-0.15301595,-0.14716545,0.96824931,0.48869335,0.86203403,-0.38101724,0.38297527,0.87696112,-0.98179932,-0.77687375,0.9491582,-0.38481464,-0.95019091,-0.36975001,-0.97937567,-0.1535204,0.31003299,-0.98125189,-0.74908844,-0.98125189,-0.9996345,-0.28995389,-0.9940967,16,"standing"
-0.2051765,-0.15900325,0.20986729,-0.18476486,-0.94639447,0.13250232,-0.16493388,-0.15895889,-0.16155503,0.96570623,0.38699361,0.85749337,-0.21622433,0.21915569,0.87416039,-0.97955486,-0.77257788,0.94742063,-0.22207633,-0.94638768,-0.22715737,-0.98190784,-0.14036029,0.15250152,-0.98134573,-0.69321857,-0.98134573,-0.9996375,-0.12669818,-0.98961277,16,"standing"
-0.20585203,-0.15925489,0.21163053,-0.18742678,-0.94467029,0.13697832,-0.16565284,-0.16542497,-0.16434156,0.96570623,0.38535811,0.85425788,-0.32288413,0.32531904,0.87286067,-0.98902375,-0.7662991,0.94618205,-0.32770543,-0.94211513,-0.20432942,-0.9883535,-0.11823541,0.13381688,-0.98905469,-0.36338404,-0.98905469,-0.99982907,-0.11418749,-0.99510449,16,"standing"
-0.21059131,-0.15925489,0.21226735,-0.18846259,-0.94399711,0.13824452,-0.16565284,-0.16733716,-0.17395717,0.96573956,0.06033208,0.85496275,-0.51042798,0.5233191,0.87236683,-0.99613721,-0.76437335,0.94645215,-0.53628208,-0.94083761,-0.34825318,-0.99511685,-0.10979369,0.35816263,-0.99580471,-0.42758375,-0.99580471,-0.99994844,-0.41311837,-0.99713779,16,"standing"
-0.21021499,-0.15891131,0.21211292,-0.18815201,-0.94420115,0.13852093,-0.16613118,-0.16764315,-0.17395717,0.96496602,-0.1533804,0.85299242,-0.50891435,0.52233847,0.87236683,-0.9963295,-0.76425739,0.94569691,-0.53584366,-0.94062733,-0.071051091,-0.99522511,-0.11127175,0.075193915,-0.99626238,-0.37945605,-0.99626238,-0.99995484,-0.14398845,-0.99725558,16,"standing"
-0.21009732,-0.15952011,0.21211054,-0.18803573,-0.94427726,0.13859529,-0.16613118,-0.16763392,-0.1738226,0.96496602,0.0054339807,0.85047107,-0.44542859,0.45151437,0.87067666,-0.99486882,-0.76418544,0.94473061,-0.45732968,-0.94063359,-0.16155979,-0.99517937,-0.11347031,0.10984289,-0.99562341,-0.2661547,-0.99562341,-0.99994571,-0.1130171,-0.99681194,16,"standing"
-0.21009732,-0.16136022,0.21289866,-0.18918611,-0.94351746,0.13903969,-0.16884127,-0.16827019,-0.1738226,0.96426508,0.26692443,0.84946477,-0.26838989,0.27033716,0.87011321,-0.99382159,-0.76292268,0.94434456,-0.27173269,-0.94019208,-0.21197959,-0.99259452,-0.10938851,0.14292318,-0.99458609,-0.47006146,-0.99458609,-0.99993026,-0.12384943,-0.99462127,16,"standing"
-0.21121058,-0.16136022,0.21322253,-0.18972873,-0.94316062,0.14082652,-0.16928643,-0.17088321,-0.17491166,0.96426508,0.18854181,0.84913814,-0.40568879,0.41342802,0.86980238,-0.99570544,-0.76079563,0.94421929,-0.42075595,-0.93838389,-0.00060139534,-0.99470286,-0.10117369,-0.091561546,-0.99609943,-0.28732905,-0.99609943,-0.99995265,0.12072194,-0.99497648,16,"standing"
-0.21121058,-0.16046936,0.2129554,-0.18939398,-0.94338292,0.14154395,-0.16928643,-0.17195857,-0.17922444,0.96481189,0.061846896,0.84990253,-0.44503378,0.45776746,0.86997946,-0.99860775,-0.76034834,0.94451255,-0.46982905,-0.93763484,0.059048483,-0.99864257,-0.098645372,-0.14889448,-0.99893118,0.021567892,-0.99893118,-0.99998855,0.17129165,-0.99688366,16,"standing"
-0.21122192,-0.16041845,0.21313681,-0.18964564,-0.9432166,0.14142485,-0.16925059,-0.17177659,-0.1785243,0.96442616,-0.020939885,0.84957913,-0.52662926,0.53834101,0.86997946,-0.99730417,-0.76028163,0.94438847,-0.54961697,-0.93776244,-0.10938592,-0.99585153,-0.098686829,0.070331439,-0.99725988,-0.12120511,-0.99725988,-0.99996835,-0.090779432,-0.99644835,16,"standing"
-0.20929039,-0.16041845,0.21241341,-0.18855006,-0.94393703,0.14065988,-0.16919618,-0.17064444,-0.17530628,0.96442616,0.090917136,0.84998369,-0.45534485,0.464136,0.87081908,-0.99545286,-0.76179837,0.94454359,-0.47282889,-0.9385517,-0.32518888,-0.9940658,-0.1043889,0.27485906,-0.99586432,-0.062282381,-0.99586432,-0.99994932,-0.26805813,-0.99668017,16,"standing"
-0.20929039,-0.15973772,0.21195399,-0.18787341,-0.94438264,0.13899692,-0.16814024,-0.16827168,-0.17391206,0.96450622,0.066226048,0.85168571,-0.31538783,0.3285534,0.87084559,-0.99558205,-0.7639452,0.9451963,-0.34185831,-0.94019253,-0.33681389,-0.9940034,-0.11131146,0.28090448,-0.99563743,-0.12545447,-0.99563743,-0.999946,-0.26740454,-0.99710621,16,"standing"
-0.20943292,-0.1598556,0.21242746,-0.18860104,-0.94390514,0.13907064,-0.16831048,-0.16841624,-0.17391206,0.96555772,-0.016233739,0.85203739,-0.38055536,0.42462352,0.87084559,-0.99591137,-0.7633808,0.94533122,-0.46891706,-0.94009222,-0.14657213,-0.99412138,-0.1086898,0.077306837,-0.99610722,-0.057790005,-0.99610722,-0.99995281,-0.06291552,-0.99525746,16,"standing"
-0.20962485,-0.1598556,0.21214138,-0.18819123,-0.94417406,0.1400561,-0.16831965,-0.16982418,-0.17490638,0.96555772,0.024764917,0.85156777,-0.42213901,0.47973189,0.87044599,-0.99602839,-0.76268711,0.94515119,-0.5375844,-0.93912261,-0.22707124,-0.99550427,-0.10638676,0.16787617,-0.99635983,-0.034339072,-0.99635983,-0.99995624,-0.15829656,-0.99430579,16,"standing"
-0.20962485,-0.15938999,0.2120306,-0.18798154,-0.94431225,0.13825283,-0.16831965,-0.16721022,-0.17098588,0.96568209,-0.12160085,0.85219473,-0.3921842,0.45488773,0.87118315,-0.99741685,-0.76461101,0.94539153,-0.51850236,-0.94091042,-0.32595907,-0.99663528,-0.11347871,0.28748808,-0.99698084,-0.32337795,-0.99698084,-0.99996469,-0.29313375,-0.99653284,16,"standing"
-0.21042585,-0.1597585,0.21261767,-0.18884837,-0.94374302,0.13655217,-0.16443561,-0.16480418,-0.17098588,0.96578455,-0.11995658,0.8534155,-0.21300795,0.24323412,0.87141078,-0.99572444,-0.76569101,0.94585942,-0.27341012,-0.94255652,-0.11521279,-0.99361139,-0.11665413,0.075570547,-0.99434941,-0.21014387,-0.99434941,-0.99992657,-0.094652598,-0.99713343,16,"standing"
-0.20966425,-0.1597585,0.2123553,-0.18853417,-0.94394902,0.13663964,-0.16315919,-0.16499611,-0.17106318,0.96656153,-0.024248017,0.85504592,-0.21398993,0.23232645,0.87227931,-0.99642321,-0.76587904,0.94648409,-0.25040905,-0.94242853,0.055705692,-0.99439222,-0.11579332,-0.14538601,-0.99493587,-0.088098136,-0.99493587,-0.99993565,0.16777288,-0.99632004,16,"standing"
-0.20951595,-0.15940923,0.21171138,-0.18765073,-0.94452914,0.13690497,-0.16345013,-0.16542785,-0.17212858,0.96679353,-0.084123987,0.85657506,-0.38292943,0.41224774,0.87267263,-0.99589755,-0.7662879,0.94706974,-0.44177253,-0.94213712,-0.28566465,-0.99413135,-0.11591258,0.23044073,-0.99558751,-0.28571241,-0.99558751,-0.99994522,-0.22095377,-0.99563169,16,"standing"
-0.21527309,-0.30983501,0.27243205,-0.26902636,-0.87273615,0.28316021,-0.49596983,-0.35967783,-0.24020859,0.71488381,0.99670586,0.52248658,-0.99367413,0.99511116,0.86271466,-0.34514818,-0.54668066,0.80945367,-0.99616501,-0.71568863,-0.97856135,-0.59620188,0.35949448,0.98016496,-0.37322566,-0.990994,-0.37322566,-0.79919943,-0.98337172,-0.95247318,16,"standing"
-0.21526106,-0.24243492,0.22742133,-0.21002361,-0.9281583,0.203849,-0.34617376,-0.25925129,-0.24020859,0.83033658,0.98655265,0.76096048,-0.99458667,0.99432913,0.86272475,-0.8852536,-0.67900669,0.90959154,-0.9936569,-0.85980963,-0.98141514,-0.88296507,0.12347806,0.97953028,-0.8701668,-0.99710568,-0.8701668,-0.99033007,-0.97881428,-0.97949925,16,"standing"
-0.21526106,-0.1840602,0.22494699,-0.20714933,-0.93093355,0.20388772,-0.26719508,-0.2602987,-0.24158852,0.92709714,0.9193255,0.77578089,-0.9522639,0.95353832,0.86272475,-0.94807593,-0.68114816,0.91574695,-0.95444269,-0.85990716,-0.7915535,-0.95819574,0.13030782,0.77247753,-0.94955349,-0.87315047,-0.94955349,-0.99822575,-0.76663181,-0.99361448,16,"standing"
-0.23301007,-0.1840602,0.22903008,-0.21272825,-0.92690846,0.20809845,-0.26719508,-0.26569221,-0.26926591,0.92709714,0.22800921,0.75955175,-0.8967599,0.90296787,0.83775606,-0.99187712,-0.67271139,0.90941877,-0.90886145,-0.85440317,-0.78918595,-0.99122487,0.14770117,0.78379237,-0.99119552,-0.68046679,-0.99119552,-0.99987183,-0.79255835,-0.99593059,16,"standing"
-0.23372352,-0.18315018,0.22855127,-0.21220353,-0.92730282,0.20651951,-0.26306971,-0.26372601,-0.26926591,0.93094835,-0.18098135,0.76522188,-0.41511179,0.41707362,0.83775606,-0.99584426,-0.67494653,0.91164928,-0.41889468,-0.85652065,-0.20278802,-0.99476639,0.14531154,0.13868855,-0.99671635,-0.27226869,-0.99671635,-0.99996116,-0.12554517,-0.99494206,16,"standing"
-0.23372352,-0.18565574,0.2292663,-0.21330966,-0.92646901,0.20778496,-0.26432384,-0.26558763,-0.27013211,0.9318159,0.068958179,0.76404158,-0.17308728,0.20852464,0.83751146,-0.99687102,-0.67286192,0.91118578,-0.24446795,-0.85452925,-0.082675572,-0.99513559,0.15239848,0.0092263772,-0.99645659,-0.20064231,-0.99645659,-0.99995751,0.0050080493,-0.99353771,16,"standing"
-0.23491376,-0.18598262,0.23046732,-0.2151025,-0.92511408,0.20852407,-0.26518608,-0.26668929,-0.27273536,0.9311038,0.046720327,0.76270945,-0.33819067,0.34993735,0.83635494,-0.99776045,-0.6709484,0.91066246,-0.36136855,-0.8533476,-0.1609114,-0.99746891,0.15920452,0.11854301,-0.99812303,-0.15690664,-0.99812303,-0.99997893,-0.13200711,-0.99476716,16,"standing"
-0.23616499,-0.18620959,0.23093978,-0.21573826,-0.92463112,0.20914139,-0.26557954,-0.26748219,-0.27273536,0.92996666,0.02027591,0.76050071,-0.38128854,0.397252,0.8361518,-0.99767976,-0.66982108,0.90979403,-0.4132723,-0.85249108,-0.16916067,-0.99738997,0.16137976,0.10604265,-0.99678015,0.1567404,-0.99678015,-0.99996202,-0.096270415,-0.99461616,16,"standing"
-0.23555159,-0.18706584,0.23061767,-0.21517856,-0.92505591,0.21018125,-0.26883903,-0.26880302,-0.27485469,0.92859162,0.36837694,0.75777629,-0.34729717,0.35872946,0.83508249,-0.99241694,-0.66891469,0.90872249,-0.37015778,-0.85106116,-0.11199843,-0.99213589,0.16132865,0.029483424,-0.9929107,0.011597822,-0.9929107,-0.9999025,-0.0030991533,-0.99654182,16,"standing"
-0.23555159,-0.19295685,0.23233635,-0.21766286,-0.92313477,0.21222896,-0.27210697,-0.2716469,-0.27512634,0.92582546,0.46201381,0.75307369,-0.32543236,0.3264106,0.83402139,-0.99132046,-0.66503945,0.90686981,-0.32732668,-0.84794695,-0.13102228,-0.99185599,0.17211149,0.04660926,-0.99328544,-0.42861272,-0.99328544,-0.99990916,-0.01715998,-0.99694433,16,"standing"
-0.23885774,-0.19300438,0.23474617,-0.22118748,-0.92041308,0.21334557,-0.27210697,-0.27324934,-0.2755288,0.92582546,0.41183592,0.7495692,-0.39718207,0.39881829,0.83303096,-0.98893837,-0.66161128,0.90548887,-0.40045434,-0.846192,-0.26585651,-0.98847496,0.1833094,0.19628606,-0.98843088,-0.12821114,-0.98843088,-0.99981573,-0.17334396,-0.99731897,16,"standing"
-0.23961167,-0.19300438,0.23408373,-0.2202087,-0.92117727,0.21028115,-0.27200646,-0.2689548,-0.27091657,0.92583644,0.50830692,0.75413261,-0.49157147,0.49207623,0.83470557,-0.99072711,-0.66570477,0.90728678,-0.49238761,-0.85086783,-0.29924364,-0.98699683,0.17263334,0.232967,-0.98898158,-0.12422505,-0.98898158,-0.99982751,-0.2109313,-0.99554382,16,"standing"
-0.23961167,-0.19457968,0.23449862,-0.22076229,-0.92074119,0.20885121,-0.2695377,-0.26689844,-0.27091657,0.9253946,0.017160024,0.75480489,-0.50727492,0.50719367,0.83470557,-0.98959488,-0.66695652,0.90755167,-0.50696221,-0.85311062,-0.62993046,-0.98999297,0.16915132,0.598745,-0.99080994,-0.060435698,-0.99080994,-0.99986425,-0.59123801,-0.99751894,16,"standing"
-0.24209457,-0.19527471,0.23676369,-0.22400962,-0.91818713,0.21162157,-0.27073821,-0.27071732,-0.27145133,0.92480191,0.30725267,0.74808203,-0.40050355,0.4037746,0.83398744,-0.9916567,-0.66175732,0.90490152,-0.40708359,-0.84896065,-0.05665776,-0.99076858,0.18307808,-0.011899523,-0.99031108,0.15445795,-0.99031108,-0.99985472,0.018986526,-0.99610974,16,"standing"
-0.2461988,-0.19529575,0.23759423,-0.22526538,-0.91719068,0.21223472,-0.27073821,-0.27164406,-0.27621249,0.92480191,-0.062407891,0.74725657,-0.36179292,0.36801451,0.83142219,-0.99657147,-0.66030667,0.90457634,-0.37415179,-0.8479583,-0.11337471,-0.99501535,0.18833925,0.077545543,-0.99460013,-0.11950281,-0.99460013,-0.99993002,-0.10062809,-0.99607069,16,"standing"
-0.24652788,-0.19548923,0.23760679,-0.22536121,-0.91711407,0.21110573,-0.26906315,-0.27017524,-0.27621031,0.92579888,0.11425657,0.75009489,-0.34903357,0.35759923,0.83144304,-0.99488607,-0.66157474,0.90569647,-0.36606073,-0.84956878,-0.41406094,-0.99524994,0.18682863,0.41775612,-0.99435876,-0.31829111,-0.99435876,-0.99992657,-0.46190951,-0.93928988,16,"standing"
-0.12035649,-0.37433648,0.20883803,-0.18002068,-0.93099376,0.27554326,-0.65940636,-0.35094005,-0.21365395,0.52446077,1,0.62788423,-0.9991975,0.99979836,0.90271125,-0.085863838,-0.60550573,0.84796294,-1,-0.70208704,-0.97937463,-0.25696508,0.16849232,0.97715004,-0.05666768,-0.99759047,-0.05666768,-0.54995136,-0.97621203,-0.97763811,16,"sitting"
-0.12035649,-0.10190697,0.16061271,-0.11330455,-0.9822068,0.1848174,-0.27961273,-0.23430201,-0.21365395,0.9418763,0.95126616,0.86063105,-0.96197312,0.96909193,0.90271125,-0.89231295,-0.75164195,0.94847705,-0.97594793,-0.88534167,-0.93758112,-0.94633642,-0.13106545,0.94346121,-0.90192593,-0.97105253,-0.90192593,-0.99423957,-0.95408315,-0.98596419,16,"sitting"
-0.13343217,-0.10192245,0.16942226,-0.12538125,-0.97773227,0.19892871,-0.25943531,-0.25196451,-0.22750407,0.9418763,0.82417644,0.80672535,-0.89293378,0.89180968,0.87815666,-0.96632026,-0.72835508,0.92782985,-0.89031283,-0.86852268,-0.77132888,-0.96278633,-0.090777626,0.7480684,-0.96468488,-0.75828183,-0.96468488,-0.99902219,-0.7392278,-0.99510954,16,"sitting"
-0.14241723,-0.10192245,0.16814755,-0.12353105,-0.97851098,0.19947725,-0.25943531,-0.25276146,-0.25145386,0.9418797,0.71688334,0.80717039,-0.7224808,0.72887567,0.8574836,-0.90742716,-0.72838265,0.92801927,-0.73511726,-0.86788211,-0.73808234,-0.89368928,-0.093308323,0.73562913,-0.8879916,-0.79771816,-0.8879916,-0.99264321,-0.75133239,-0.9767733,16,"sitting"
-0.072103487,-0.094096923,0.15703426,-0.10701125,-0.98395883,0.17566902,-0.24889199,-0.21882282,-0.092531157,0.95023886,0.60600499,0.83101553,-0.73159037,0.73451328,0.88346887,-0.33352392,-0.76550382,0.93722515,-0.73724696,-0.89635856,-0.88155873,-0.6084659,-0.2111538,0.87435041,-0.37302963,-0.97533303,-0.37302963,-0.79908076,-0.87494136,-0.90094094,16,"sitting"
-0.031948317,-0.089506273,0.12103872,-0.054059837,-0.99376907,0.095848567,-0.24153792,-0.10508334,-0.013289034,0.95304294,0.25865247,0.87990484,-0.50845335,0.51526574,0.89925215,-0.455504,-0.88841176,0.95589908,-0.52210577,-0.95835138,-0.82248358,-0.58925008,-0.60261456,0.81236882,-0.46360594,-0.89621556,-0.46360594,-0.85215,-0.81395096,-0.91953051,16,"sitting"
0.015624403,-0.016382283,0.08225926,0.002396725,-0.9983573,0.024868112,-0.077318942,-0.0044257478,0.026985557,0.97907386,-0.2120726,0.91738417,-0.46432237,0.48259358,0.89925215,-0.82733784,-0.98037605,0.9701606,-0.50113118,-0.99872138,-0.88486637,-0.78839724,-0.87500638,0.88479752,-0.80003551,-0.83418162,-0.80003551,-0.97817288,-0.89268791,-0.95323608,16,"sitting"
0.030063923,0.022602423,0.058555212,0.036997368,-0.99324743,-0.00033585698,-0.004476878,0.031551102,0.051528673,0.98563279,-0.68042347,0.91350066,-0.46605981,0.46411826,0.89925096,-0.86404994,-0.94269649,0.96869864,-0.4619984,-0.9975565,-0.85190767,-0.8946576,-0.76302147,0.83688283,-0.86412472,-0.82389191,-0.86412472,-0.98947677,-0.83120464,-0.99539363,16,"sitting"
0.030063923,0.071088768,0.044844783,0.056998586,-0.98910679,-0.018901515,0.039656933,0.058052733,0.055936318,0.98563279,-0.074942908,0.90608099,-0.40771778,0.41465842,0.89259747,-0.98147416,-0.91248451,0.96590082,-0.42146122,-0.99445345,-0.87842501,-0.97867748,-0.6532707,0.87177584,-0.97948536,-0.66747575,-0.97948536,-0.99958244,-0.87315002,-0.99652296,16,"sitting"
0.031101872,0.084179482,0.043501152,0.058977332,-0.98854604,-0.023511711,0.063732286,0.064643693,0.056716382,0.98500273,0.090416042,0.90529918,-0.16747717,0.21520158,0.89098733,-0.99541891,-0.90713718,0.96560539,-0.26379659,-0.99310738,-0.31104274,-0.99405364,-0.63085379,0.27394073,-0.99488919,-0.42852105,-0.99488919,-0.99993492,-0.28229754,-0.99687628,16,"sitting"
0.031193889,0.084458157,0.042951087,0.059752,-0.98831495,-0.023814136,0.066278803,0.06505459,0.056865235,0.98455951,-0.086006174,0.90367262,-0.15120874,0.23801462,0.8908636,-0.99380446,-0.90624529,0.96499041,-0.32663712,-0.99301356,-0.15558814,-0.99080974,-0.6288347,0.10054754,-0.99209551,-0.12784958,-0.99209551,-0.99988843,-0.10052652,-0.99680852,16,"sitting"
0.031947339,0.085811582,0.042497043,0.060413829,-0.98811547,-0.024638862,0.066278803,0.066230813,0.059124739,0.98455951,-0.051084849,0.90326081,-0.16166095,0.2021018,0.89082559,-0.99335646,-0.90502472,0.96483471,-0.24336064,-0.99272829,-0.1716087,-0.99144413,-0.62419389,0.12408811,-0.9915605,-0.25670163,-0.9915605,-0.99987835,-0.13039772,-0.99826084,16,"sitting"
0.031947339,0.085639197,0.042508057,0.060438811,-0.98810784,-0.025705014,0.069103165,0.067783154,0.059124739,0.98462139,0.051525363,0.90492459,-0.23504718,0.2605875,0.89089304,-0.99638379,-0.9041287,0.96546375,-0.28643568,-0.99235818,-0.28828204,-0.99440448,-0.61876847,0.25797832,-0.99557227,-0.42959924,-0.99557227,-0.9999451,-0.27500345,-0.99822418,16,"sitting"
0.031658605,0.085639197,0.042678628,0.060199494,-0.98818042,-0.025837383,0.069450287,0.067979291,0.05998897,0.98540066,0.064085901,0.90540318,-0.31414075,0.35349077,0.89089304,-0.99728426,-0.90420984,0.96564471,-0.392119,-0.99230938,0.12471762,-0.99726235,-0.6185463,-0.20962417,-0.99714907,-0.063628711,-0.99714907,-0.99996676,0.22210173,-0.99906273,16,"sitting"
0.03151202,0.085020962,0.042762573,0.060081587,-0.98821577,-0.026530253,0.069695298,0.068971157,0.060220423,0.98540066,-0.22192325,0.90543375,-0.15282183,0.16792245,0.89111973,-0.99872514,-0.90370477,0.96565625,-0.18266291,-0.99206311,-0.068277151,-0.99784164,-0.61619396,-0.0048286913,-0.99854571,-0.21028527,-0.99854571,-0.99998411,0.018099757,-0.9989255,16,"sitting"
-0.060292498,-0.19309736,0.16420075,-0.11882891,-0.97046161,0.12553037,-0.17947883,-0.15026995,-0.072028428,0.97693603,-0.90311348,0.92644632,-0.93355109,0.94452002,0.91872714,-0.6976999,-0.82308301,0.97351211,-0.95529373,-0.950596,-0.95831929,-0.81286071,-0.29246206,0.95823034,-0.71408633,-0.98583935,-0.71408633,-0.9566296,-0.96103919,-0.90087081,16,"sitting"
-0.060292498,-0.076993393,0.11881273,-0.051070462,-0.99737224,0.11902845,-0.16905628,-0.1388614,-0.13768792,0.97693603,-0.69332542,0.89346628,-0.8142448,0.81335763,0.89841761,-0.94051612,-0.85813747,0.96112058,-0.81212531,-0.95845014,-0.9463903,-0.94005567,-0.53078051,0.95366558,-0.93573729,-0.89606604,-0.93573729,-0.99730001,-0.96515436,-0.91601263,16,"sitting"
-0.061648491,-0.033004747,0.12039586,-0.053411493,-0.99748041,0.11448916,-0.13275217,-0.13250993,-0.13655283,0.97740071,-0.46176908,0.89887673,-0.46170673,0.46375725,0.89067549,-0.97489461,-0.86373139,0.96317325,-0.46579361,-0.96225668,-0.87414122,-0.97664765,-0.53744757,0.86316076,-0.97659285,-0.60528595,-0.97659285,-0.99949007,-0.86023549,-0.93766125,16,"sitting"
-0.075094977,-0.033004747,0.12110944,-0.054501476,-0.99740668,0.11232606,-0.13275217,-0.12960179,-0.13275497,0.98464903,-0.0022599615,0.90487942,-0.4213991,0.45480332,0.89072799,-0.98250588,-0.866377,0.96544673,-0.48831805,-0.9638064,-0.71809559,-0.98586577,-0.5378866,0.69378702,-0.98309797,-0.27650887,-0.98309797,-0.99968619,-0.68742604,-0.96651292,16,"sitting"
-0.074224295,-0.026149891,0.11769034,-0.049471762,-0.99809547,0.10883187,-0.12572279,-0.12456956,-0.12840638,0.98551727,-0.16236072,0.90612464,-0.28977227,0.34779704,0.89201369,-0.9882821,-0.87234729,0.96591731,-0.40685062,-0.96647261,-0.39665395,-0.98760813,-0.56408695,0.35474948,-0.98735953,-0.3317537,-0.98735953,-0.9997919,-0.35214701,-0.98765905,16,"sitting"
-0.074224295,-0.022606846,0.11728728,-0.048885943,-0.9981693,0.10666784,-0.12202224,-0.12151077,-0.12767161,0.98578109,-0.11402849,0.90824355,-0.28508273,0.33032057,0.89224488,-0.98705767,-0.8754177,0.96671779,-0.37633209,-0.96802899,-0.26787323,-0.98903327,-0.57231182,0.24816332,-0.98711424,-0.43955776,-0.98711424,-0.9997862,-0.27812482,-0.99547695,16,"sitting"
-0.074623042,-0.022699068,0.11789958,-0.049790167,-0.99806074,0.10572804,-0.11828,-0.12019708,-0.12702323,0.98703972,0.077589655,0.90948824,-0.40327899,0.44889862,0.89245059,-0.99473525,-0.87647085,0.96718789,-0.49392494,-0.96869289,-0.081199165,-0.99445441,-0.57246258,0.035355844,-0.99477055,-0.43725912,-0.99477055,-0.99993312,-0.050653282,-0.9974357,16,"sitting"
-0.073830125,-0.022699068,0.11770836,-0.049513102,-0.99809387,0.10445176,-0.11828,-0.11839252,-0.1229809,0.98718862,-0.14339756,0.91074509,-0.35155198,0.36325313,0.89345094,-0.99412342,-0.87826377,0.96766227,-0.37451671,-0.96957427,-0.26642308,-0.99222616,-0.5771247,0.2471736,-0.99418835,-0.19140718,-0.99418835,-0.99992401,-0.27800331,-0.99759363,16,"sitting"
-0.070828889,-0.022315374,0.1162567,-0.04737696,-0.99833944,0.10294538,-0.11617229,-0.11621925,-0.1229809,0.98731115,-0.10587756,0.91108377,-0.28690538,0.29765492,0.89345094,-0.99428536,-0.88081635,0.96779012,-0.30812117,-0.97063976,-0.36600077,-0.99159373,-0.58848693,0.33205218,-0.99308225,-0.061175325,-0.99308225,-0.9999057,-0.34024077,-0.99833886,16,"sitting"
-0.07054264,-0.020069332,0.1147115,-0.045105082,-0.9985902,0.10270996,-0.11410747,-0.1158602,-0.1225484,0.98731115,-0.12283956,0.91072027,-0.30160767,0.33603644,0.89314691,-0.99500659,-0.88165192,0.96765296,-0.37077256,-0.9708135,-0.28836059,-0.99250982,-0.59587963,0.25130701,-0.99386495,-0.13132817,-0.99386495,-0.99991878,-0.26156704,-0.99790677,16,"sitting"
-0.069807711,-0.017065489,0.11404955,-0.0441357,-0.99869122,0.1019948,-0.11397379,-0.1148481,-0.12209678,0.9875418,-0.15708795,0.91146891,-0.13852264,0.20541195,0.89322668,-0.99851256,-0.88283511,0.96793551,-0.27309405,-0.97129738,-0.30484978,-0.99827412,-0.60067319,0.32195568,-0.99753557,-0.22972233,-0.99753557,-0.99997074,-0.38836999,-0.99890994,16,"sitting"
-0.069671281,-0.01678872,0.11373625,-0.043676227,-0.99873701,0.1011577,-0.11173744,-0.11365548,-0.11984793,0.98798526,0.00029873797,0.9120283,-0.30756699,0.34415421,0.89354564,-0.99872079,-0.88407277,0.96814659,-0.38080158,-0.97186322,-0.099276354,-0.99777093,-0.6047018,0.067112168,-0.99739329,-0.28310505,-0.99739329,-0.99996968,-0.094866103,-0.99864345,16,"sitting"
-0.069392644,-0.016103254,0.1135046,-0.043338704,-0.99877023,0.10037027,-0.11137881,-0.11254381,-0.11964738,0.98816239,0.09265869,0.91287594,-0.34356682,0.35725096,0.89392884,-0.99719614,-0.8852172,0.96846635,-0.37051139,-0.97238486,-0.0075040626,-0.9955398,-0.60797395,-0.01678834,-0.99565566,-0.11073704,-0.99565566,-0.99994635,-0.024754392,-0.99854323,16,"sitting"
-0.069392644,-0.016742889,0.11357078,-0.043433609,-0.99876075,0.10034466,-0.11155171,-0.11249717,-0.11964738,0.98750933,0.067884388,0.91255395,-0.33966418,0.36581315,0.89392884,-0.99567321,-0.88523155,0.96834485,-0.39209179,-0.97240709,-0.13641484,-0.99334095,-0.6080745,0.081340504,-0.99404941,-0.04246116,-0.99404941,-0.99992176,-0.082408555,-0.99879646,16,"sitting"
-0.069394084,-0.016742889,0.11381643,-0.043788974,-0.99872577,0.10116991,-0.11228949,-0.11365034,-0.12008299,0.9874832,0.12608668,0.91128768,-0.2239071,0.2554541,0.89345771,-0.99428373,-0.88403118,0.96786709,-0.2875573,-0.97186506,-0.0035250191,-0.99215876,-0.60494683,-0.079473773,-0.99313302,-0.22375066,-0.99313302,-0.99990662,0.099051901,-0.99774211,16,"sitting"
-0.068429889,-0.018299837,0.11375537,-0.04370728,-0.99873338,0.10016997,-0.11228949,-0.11226161,-0.11721088,0.9874832,0.29648639,0.91306927,-0.67888574,0.71272365,0.89582799,-0.74655614,-0.8854117,0.96853896,-0.74612413,-0.97250905,-0.66742962,-0.71555116,-0.60758749,0.69042697,-0.69849796,-0.65350101,-0.69849796,-0.95192287,-0.73723127,-0.7801322,16,"sitting"
0.42983404,0.30095628,-0.22664314,0.42769877,-0.61208808,-0.73127298,0.84722533,0.87830409,0.96342598,-0.10231479,0.57723353,-0.8712483,-0.95063335,0.95899528,-0.13479403,-0.76539514,0.32171595,-0.10158012,-0.96711129,0.50920755,-0.98598439,-0.76843578,0.49247603,0.98352158,-0.75122186,-0.97010951,-0.75122186,-0.96683013,-0.98187217,-0.96145603,16,"laying"
0.42983404,0.43754433,-0.23354498,0.43528971,-0.60279653,-0.71574345,0.84722533,0.86455271,0.86403097,-0.05346243,-0.30854862,-0.85232445,-0.95574566,0.95629253,-0.13479403,-0.92057415,0.30017989,-0.073783702,-0.95645633,0.45940874,-0.95173125,-0.94041142,0.52979627,0.94960107,-0.92310551,-0.93946738,-0.92310551,-0.99628882,-0.95069127,-0.96470382,16,"laying"
0.38858162,0.43754433,-0.22055856,0.41999003,-0.62978004,-0.72935095,0.86978938,0.8771204,0.86403097,-0.038888746,0.53368628,-0.85509648,-0.60582124,0.6034077,-0.1363458,-0.98890135,0.3038571,-0.077519664,-0.60077052,0.50210088,-0.86411542,-0.98676433,0.51464596,0.85692688,-0.98857083,-0.58935323,-0.98857083,-0.99981877,-0.85871582,-0.97872801,16,"laying"
0.38714232,0.43803217,-0.22296896,0.42303847,-0.62460834,-0.72728207,0.87416057,0.87551341,0.86402508,-0.038888746,0.22178334,-0.85548615,-0.54353715,0.54663239,-0.14453082,-0.99110515,0.30420885,-0.078036984,-0.54947867,0.49656424,-0.38865754,-0.98928046,0.51763559,0.33425566,-0.9907193,0.025372255,-0.9907193,-0.99986271,-0.31891683,-0.98748836,16,"laying"
0.38924031,0.44503211,-0.22529481,0.42566967,-0.6201309,-0.72404016,0.87377673,0.87244776,0.85919034,-0.034813577,0.0088280568,-0.85325767,-0.49606217,0.52374072,-0.14426785,-0.9965612,0.30168762,-0.07498215,-0.55185277,0.48602082,-0.26021328,-0.99431859,0.52246354,0.19191065,-0.99492184,0.051284017,-0.99492184,-0.99993528,-0.17024451,-0.98411546,16,"laying"
0.3895345,0.44242438,-0.22565881,0.42606548,-0.61944873,-0.72370327,0.87354837,0.87206251,0.85857354,-0.034522681,0.23600731,-0.8533027,-0.40732453,0.44370366,-0.14426785,-0.98624243,0.30168597,-0.075043553,-0.48076666,0.48469976,-0.27477786,-0.98509287,0.52239092,0.20363285,-0.98681249,-0.36101909,-0.98681249,-0.99977941,-0.17818194,-0.97975831,16,"laying"
0.3895345,0.44054384,-0.22415591,0.42412022,-0.6227626,-0.72572344,0.87354837,0.87350601,0.85971664,-0.035740417,0.49875906,-0.85473887,-0.41824252,0.43209923,-0.14433456,-0.97804203,0.30314147,-0.077006236,-0.4460965,0.48965474,-0.323561,-0.97345306,0.51719135,0.25702597,-0.97790122,-0.27619789,-0.97790122,-0.99953289,-0.23302654,-0.97596977,16,"laying"
0.39604174,0.44054384,-0.2268028,0.42758282,-0.61678121,-0.72358738,0.8700497,0.87207897,0.85971664,-0.035740417,0.14235927,-0.85539568,-0.45728001,0.4751487,-0.14711203,-0.97605889,0.30386007,-0.077903883,-0.49289015,0.48477224,-0.45151761,-0.97344051,0.52105518,0.39812858,-0.97545617,-0.14345463,-0.97545617,-0.99945143,-0.37920947,-0.97599793,16,"laying"
0.39604174,0.43999865,-0.22811882,0.42910173,-0.61417966,-0.72208637,0.8700497,0.87065481,0.85960613,-0.034943279,0.082626147,-0.85486544,-0.4017579,0.44743936,-0.14664162,-0.97740696,0.30320676,-0.077176962,-0.49327261,0.47988966,-0.16637822,-0.98108605,0.5227723,0.082256599,-0.97974018,-0.2632571,-0.97974018,-0.99959021,-0.050520346,-0.97577426,16,"laying"
0.3937927,0.43998377,-0.22470101,0.4246667,-0.62181318,-0.72508651,0.87031834,0.87274143,0.85976854,-0.034188146,-0.048870821,-0.85454027,-0.40403286,0.46563704,-0.14643573,-0.97700115,0.3028337,-0.076731782,-0.52798767,0.48703811,-0.52495204,-0.97986322,0.51716013,0.47652602,-0.97892607,-0.33186253,-0.97892607,-0.99956521,-0.45797931,-0.98185877,16,"laying"
0.39421464,0.43998377,-0.2270405,0.42767591,-0.61664703,-0.72291345,0.86985221,0.87117337,0.85976854,-0.034290652,-0.24667777,-0.8545084,-0.31854676,0.37719146,-0.14580857,-0.97545825,0.30281014,-0.076688288,-0.43669781,0.48166994,-0.29143638,-0.98041126,0.52122566,0.22002506,-0.97758836,-0.080556618,-0.97758836,-0.99952277,-0.19311536,-0.98035586,16,"laying"
0.39421464,0.44208741,-0.22689091,0.4273289,-0.61725066,-0.72265031,0.86985221,0.87067761,0.85779489,-0.034290652,-0.048959091,-0.85370246,-0.34809961,0.43275546,-0.14327949,-0.97239945,0.30188357,-0.075589448,-0.51908666,0.47996573,-0.6303058,-0.9788994,0.5210716,0.59474503,-0.9748058,-0.09687818,-0.9748058,-0.99942877,-0.58240981,-0.96949752,16,"laying"
0.39928469,0.44208741,-0.22855242,0.42964858,-0.613207,-0.7205141,0.86740074,0.86947984,0.85779489,-0.032868658,0.13885193,-0.85222003,-0.39000977,0.50263242,-0.1424059,-0.97061558,0.30050381,-0.073571611,-0.61751418,0.47588265,-0.57464975,-0.97353329,0.52805059,0.53325805,-0.97182125,-0.33352324,-0.97182125,-0.99931947,-0.51858541,-0.97271008,16,"laying"
0.39928469,0.44144755,-0.23025051,0.43195285,-0.60923774,-0.71876456,0.86740074,0.8684427,0.85848358,-0.030701155,0.20905696,-0.85173039,-0.48784664,0.52379843,-0.1424059,-0.97069306,0.30009616,-0.072906535,-0.55992624,0.47233691,0.00093329548,-0.97614373,0.53281572,-0.1023121,-0.97343613,-0.37878395,-0.97343613,-0.99937982,0.14075113,-0.96912348,16,"laying"
0.39767679,0.44125081,-0.22609551,0.42652955,-0.618615,-0.72255793,0.86817347,0.87103475,0.85857451,-0.030701155,0.20694754,-0.85169085,-0.44385788,0.47843059,-0.14186508,-0.9712713,0.29998227,-0.072853089,-0.51339826,0.48119278,-0.57387032,-0.98159649,0.52511705,0.53064441,-0.97413091,-0.31824717,-0.97413091,-0.99940485,-0.51420969,-0.96946837,16,"laying"
0.39299376,0.44125081,-0.22630984,0.4266563,-0.61841074,-0.72211328,0.86907846,0.87042011,0.85857451,-0.030545647,0.19833735,-0.85123181,-0.38738272,0.45497314,-0.14159666,-0.97027671,0.29941696,-0.072231732,-0.52377623,0.47908984,-0.31687608,-0.97538468,0.52501372,0.2483649,-0.97250575,-0.39799403,-0.97250575,-0.99934544,-0.22273756,-0.97206862,16,"laying"
0.39299376,0.43734789,-0.22367781,0.42341571,-0.62391869,-0.72473807,0.86907846,0.87260569,0.86115993,-0.031942248,-0.096147062,-0.85158957,-0.51596503,0.57596231,-0.14159666,-0.97193472,0.29986984,-0.072716806,-0.63700234,0.48658969,-0.34761919,-0.97919238,0.52112076,0.28292447,-0.97530605,-0.46415157,-0.97530605,-0.99944633,-0.25916237,-0.97397676,16,"laying"
0.52011057,0.42806267,-0.23511357,0.44107698,-0.58963572,-0.70604029,0.59326362,0.86433422,0.91460962,-0.090236411,0.95391806,-0.81935302,-0.9950956,0.99484005,0.1763927,-0.54440413,0.28149266,-0.045385802,-0.9941687,0.47283362,-0.96246314,-0.56107254,0.5995359,0.95781755,-0.51028549,-0.99788701,-0.51028549,-0.87630295,-0.95548181,-0.87823206,16,"laying"
0.37897146,0.42681079,-0.21295734,0.41243812,-0.64242204,-0.74684374,0.87808905,0.89422639,0.91460962,-0.090236411,0.61368296,-0.87672089,-0.94651586,0.95530283,-0.15735199,-0.92223179,0.32853634,-0.10875759,-0.96385152,0.56235794,-0.89191981,-0.92269156,0.47977762,0.89505721,-0.9192223,-0.92547858,-0.9192223,-0.99594667,-0.90586336,-0.90936061,16,"laying"
0.37897146,0.42139314,-0.21165165,0.40782712,-0.6499873,-0.7425623,0.87808905,0.88519737,0.87672453,-0.063427156,0.50164262,-0.86665722,-0.87270299,0.8725739,-0.15735199,-0.9722265,0.31547686,-0.09369626,-0.87207416,0.53013721,-0.41042332,-0.97448866,0.4720918,0.35197486,-0.97274706,-0.84099641,-0.97274706,-0.99935436,-0.33057201,-0.93504019,16,"laying"
0.37023561,0.42139314,-0.2084776,0.40473067,-0.65511934,-0.74612006,0.88868042,0.88980415,0.87672453,-0.054152616,0.59545817,-0.86744217,-0.64844738,0.64740066,-0.15925818,-0.98481403,0.3169744,-0.094795976,-0.64602329,0.54613121,-0.42306486,-0.98550311,0.47387795,0.36770512,-0.98625056,-0.58645127,-0.98625056,-0.99976619,-0.34855903,-0.95180441,16,"laying"
0.37061345,0.42520116,-0.21002393,0.40662557,-0.6520344,-0.74477498,0.88871203,0.88862884,0.87453231,-0.05360121,0.57817213,-0.86768092,-0.56918741,0.5706536,-0.16353784,-0.9809019,0.31715107,-0.095134126,-0.57173045,0.54201767,-0.52135251,-0.9824079,0.47523303,0.47597668,-0.98322052,-0.37426579,-0.98322052,-0.99968949,-0.46070526,-0.98178458,16,"laying"
0.3774461,0.42557969,-0.21282055,0.40996318,-0.64650982,-0.74167614,0.88377942,0.8858596,0.87352728,-0.052979096,0.44369341,-0.86670063,-0.56020796,0.56369242,-0.16057127,-0.98343898,0.31592087,-0.093735287,-0.56696273,0.53237957,-0.48338373,-0.98342152,0.47958699,0.43318064,-0.98499337,-0.33071943,-0.98499337,-0.99973538,-0.41546994,-0.9801509,16,"laying"
0.3774461,0.43001919,-0.21509242,0.41282157,-0.64180123,-0.73891625,0.88377942,0.88374544,0.87028417,-0.051105121,0.35424,-0.86528269,-0.43487562,0.43895076,-0.16057127,-0.98791672,0.31436049,-0.091709719,-0.44291775,0.52501213,-0.49628193,-0.9852039,0.48559513,0.44740734,-0.98839638,-0.43420646,-0.98839638,-0.99981489,-0.43023918,-0.97934592,16,"laying"
0.37647702,0.43066665,-0.21475335,0.41238903,-0.64252402,-0.73896932,0.88380948,0.88379428,0.86978427,-0.048823182,0.393518,-0.86470538,-0.40450464,0.40955471,-0.159031,-0.98353261,0.31375359,-0.090890149,-0.41429778,0.52518129,-0.37169059,-0.98572613,0.48612699,0.31176336,-0.98499046,-0.4126958,-0.98499046,-0.99973528,-0.29129048,-0.98147012,16,"laying"
0.3761426,0.42983269,-0.21443405,0.41188129,-0.64336554,-0.73908719,0.88380948,0.88368355,0.86955141,-0.048548369,0.67868429,-0.86437594,-0.42734283,0.4297677,-0.159031,-0.97039835,0.31334208,-0.090422888,-0.43154786,0.52479637,-0.6319978,-0.97659403,0.4853508,0.60020168,-0.97246417,-0.42613377,-0.97246417,-0.99934359,-0.59162099,-0.96425071,16,"laying"
0.3857391,0.42983269,-0.21679438,0.41482164,-0.63842353,-0.73608603,0.87693506,0.88133101,0.86955141,-0.04831786,0.60922248,-0.86260228,-0.47271315,0.47069685,-0.15045648,-0.9685556,0.31141535,-0.087933473,-0.46850439,0.51666088,-0.66603606,-0.9724766,0.4918365,0.63318284,-0.97021827,-0.58151609,-0.97021827,-0.99925723,-0.62135907,-0.96904887,16,"laying"
0.38574266,0.43205014,-0.22001391,0.4191175,-0.63123261,-0.73161642,0.87693506,0.87841866,0.86776828,-0.047247895,0.5936402,-0.85916751,-0.52987605,0.52831867,-0.14963151,-0.97338031,0.3079273,-0.083125879,-0.52659305,0.50657831,-0.70642876,-0.97687524,0.50496512,0.67659585,-0.97473322,-0.50794029,-0.97473322,-0.99942624,-0.66523688,-0.97500822,16,"laying"
0.38574266,0.43111113,-0.21734394,0.41592889,-0.63658392,-0.73422463,0.87694217,0.8808025,0.86823868,-0.043041328,0.48239136,-0.85933842,-0.61629472,0.61906955,-0.14963151,-0.97406253,0.30827014,-0.083358783,-0.6215294,0.514822,-0.43713016,-0.98245623,0.502228,0.38080711,-0.97647899,-0.26298874,-0.97647899,-0.99948615,-0.35984508,-0.97808724,16,"laying"
0.38138399,0.43111113,-0.21713788,0.41572179,-0.63694871,-0.73513139,0.88172304,0.88157161,0.86823868,-0.043041328,0.19492457,-0.86090372,-0.59683271,0.61134297,-0.1542065,-0.98190444,0.3099315,-0.085534177,-0.62566539,0.51747232,-0.400785,-0.98438963,0.49953758,0.34307452,-0.98348585,-0.19227138,-0.98348585,-0.99969658,-0.32295193,-0.97907748,16,"laying"
0.38138399,0.43397846,-0.21796557,0.41652387,-0.63561765,-0.73435916,0.88102697,0.88048256,0.86573581,-0.043123105,0.047072488,-0.8610526,-0.47887052,0.51685859,-0.15500809,-0.99048961,0.30990944,-0.085742506,-0.55492171,0.51369679,-0.40545823,-0.99142867,0.4984051,0.34876269,-0.99186569,-0.091872752,-0.99186569,-0.99988427,-0.32937259,-0.98169896,16,"laying"
0.38239151,0.43397846,-0.21873198,0.41707291,-0.63469111,-0.73369896,0.8790137,0.87912795,0.86573581,-0.043478235,-0.095760886,-0.86143608,-0.30701212,0.36010136,-0.15594468,-0.99022289,0.31001784,-0.086279408,-0.4130662,0.50901867,-0.48566928,-0.98888134,0.49524405,0.43698712,-0.98973187,0.065782765,-0.98973187,-0.99984303,-0.42062659,-0.98657786,16,"laying"
0.38239151,0.43252197,-0.21882733,0.41723244,-0.6344191,-0.73363452,0.8790137,0.87915555,0.86665172,-0.043478235,0.24036355,-0.86146498,-0.30243292,0.34085811,-0.15577622,-0.98597851,0.31007259,-0.086319911,-0.3790549,0.50911561,-0.21192464,-0.98646663,0.49567312,0.13445863,-0.98513459,-0.04525046,-0.98513459,-0.99973899,-0.10646754,-0.97581845,16,"laying"
0.38328608,0.43252197,-0.21775206,0.41600172,-0.63648375,-0.7342894,0.87764637,0.87993521,0.86665172,-0.043265506,0.3803032,-0.86061651,-0.43968929,0.45455585,-0.15286235,-0.97663892,0.30929059,-0.085134395,-0.46951387,0.51181206,-0.2867072,-0.98031929,0.49669393,0.21571876,-0.97848968,-0.30791028,-0.97848968,-0.9995516,-0.18957028,-0.97403115,16,"laying"
0.38330434,0.43273073,-0.21897617,0.41739495,-0.63414524,-0.73282501,0.87760386,0.87851552,0.86657821,-0.043198446,0.43291625,-0.85998626,-0.13916523,0.14684213,-0.15285827,-0.96521573,0.30851076,-0.084254133,-0.15457453,0.50690718,-0.33595417,-0.97045813,0.4983766,0.27039257,-0.96611864,-0.30960161,-0.96611864,-0.99908628,-0.2465588,-0.95865401,16,"laying"
-0.18950528,-0.19855855,0.21864378,-0.19721014,-0.93714399,0.21207393,-0.27836329,-0.27053459,-0.27023996,0.91528825,-0.019850438,0.75572374,-0.45700613,0.51881975,0.84208401,-0.5371215,-0.67697155,0.90789442,-0.57907219,-0.84911614,-0.35452501,-0.47291296,0.1155679,0.32612914,-0.44784691,-0.41136344,-0.44784691,-0.84347525,-0.3404034,-0.72391657,16,"walking"
-0.22030037,-0.19855855,0.2338608,-0.21914258,-0.9219045,0.21129608,-0.27127868,-0.26935215,-0.27028579,0.91528825,-0.093923952,0.74011892,-0.49889358,0.56201671,0.83554517,-0.55345542,-0.66474727,0.90174829,-0.62387418,-0.85045014,-0.18483674,-0.40625816,0.16014976,0.18444628,-0.43351284,-0.10254438,-0.43351284,-0.83538626,-0.24031095,-0.70371337,16,"walking"
-0.23547051,-0.19699768,0.23416741,-0.22034287,-0.92105749,0.21178415,-0.27127868,-0.27106626,-0.27560153,0.91768232,-0.1367524,0.75224755,-0.46358949,0.5386962,0.84009949,-0.55965685,-0.66391484,0.90653365,-0.61232824,-0.8485916,-0.073464598,-0.40253149,0.17719147,0.06633726,-0.42131595,0.13109329,-0.42131595,-0.82838194,-0.12057322,-0.68545735,16,"walking"
-0.23547051,-0.20051231,0.23571442,-0.22263751,-0.91923404,0.21276659,-0.27569029,-0.27250912,-0.27560153,0.91755146,-0.13053162,0.75018167,-0.39465518,0.47739548,0.84009949,-0.57905174,-0.66140321,0.90571653,-0.55804431,-0.84699725,-0.1478237,-0.45349129,0.18570699,0.13585957,-0.46102055,-0.0074383029,-0.46102055,-0.85074727,-0.17971657,-0.6907274,16,"walking"
-0.23216056,-0.20051231,0.23481163,-0.22079541,-0.92065106,0.21307988,-0.27569029,-0.27221224,-0.26526696,0.91755146,-0.15450041,0.7415112,-0.51009334,0.57870308,0.84004286,-0.61470857,-0.66185652,0.90229822,-0.64626588,-0.84729786,-0.17798305,-0.48503916,0.17333806,0.16393868,-0.48770428,-0.39826729,-0.48770428,-0.86484943,-0.2039039,-0.69718834,16,"walking"
-0.22914672,-0.19128794,0.22938623,-0.21323186,-0.92649204,0.20425173,-0.27389055,-0.26031163,-0.25585226,0.91932678,-0.11172069,0.76412185,-0.54697032,0.61580499,0.84636227,-0.5814488,-0.6767932,0.9111949,-0.68366411,-0.85992923,-0.11741933,-0.44772382,0.13810688,0.10887863,-0.44466499,-0.40039436,-0.44466499,-0.84171808,-0.1589788,-0.67602941,16,"walking"
-0.22914672,-0.1881799,0.22932488,-0.21354759,-0.9262659,0.20146728,-0.26759224,-0.25696824,-0.25585226,0.93227387,-0.063269113,0.77511703,-0.42818551,0.50785559,0.84636227,-0.54909666,-0.68001169,0.91552632,-0.58462367,-0.86350954,-0.013758362,-0.43357302,0.13835956,-0.00018462589,-0.39760976,-0.41339813,-0.39760976,-0.81428588,-0.049637374,-0.67368828,16,"walking"
-0.22807355,-0.1881799,0.22922689,-0.21349671,-0.92630459,0.20748951,-0.26945368,-0.26551422,-0.25873039,0.92943392,-0.18249041,0.76890155,-0.36430138,0.44768766,0.84227229,-0.54049338,-0.67323561,0.91309182,-0.52699269,-0.85454709,-0.24633399,-0.3977746,0.15637545,0.26003659,-0.41183619,-0.43676752,-0.41183619,-0.8228114,-0.32477764,-0.62898433,16,"walking"
-0.22807355,-0.1953821,0.23082353,-0.21545177,-0.92477878,0.20824095,-0.26945368,-0.26606389,-0.26967646,0.92475927,-0.15619315,0.75974904,-0.34763261,0.42096106,0.84227229,-0.59105581,-0.67095512,0.90949196,-0.48998094,-0.8540016,-0.25980118,-0.4855182,0.15623109,0.26882814,-0.46057694,-0.22700339,-0.46057694,-0.85045336,-0.3283851,-0.64423268,16,"walking"
-0.23595357,-0.1953821,0.23424176,-0.21991589,-0.92139294,0.20939094,-0.26976278,-0.26700958,-0.26977812,0.91816483,-0.12887438,0.746138,-0.32559784,0.40169563,0.83415306,-0.60695319,-0.66657558,0.90413137,-0.47334377,-0.85298366,-0.14333505,-0.49855044,0.16057279,0.1442501,-0.47767338,-0.16690056,-0.47767338,-0.85965031,-0.20228066,-0.65208129,16,"walking"
-0.23467266,-0.19207783,0.23288843,-0.21772525,-0.92309586,0.21166983,-0.26976278,-0.26985106,-0.2744127,0.91816483,-0.174846,0.74038067,-0.37067562,0.44502293,0.8324527,-0.5909804,-0.66518931,0.90185679,-0.51616228,-0.84991942,0.027392668,-0.48109423,0.15784261,-0.041019723,-0.44764438,-0.16073729,-0.44764438,-0.84326737,-0.010187513,-0.68531952,16,"walking"
-0.23467266,-0.18942584,0.23188767,-0.21661886,-0.9239514,0.21089721,-0.26885605,-0.26924677,-0.26870643,0.91869429,-0.084567187,0.74843307,-0.38678555,0.4541513,0.83747632,-0.59850328,-0.6669659,0.90503457,-0.51776285,-0.85057226,-0.0096113058,-0.4623486,0.15933403,-0.011239676,-0.47726923,-0.27945785,-0.47726923,-0.85943291,-0.03113586,-0.63260718,16,"walking"
-0.21900178,-0.2000013,0.22722556,-0.21070323,-0.92827988,0.20540957,-0.26635723,-0.26276581,-0.24947342,0.93177619,0.085659994,0.77584843,-0.4492052,0.50078883,0.84496783,-0.6661623,-0.67739282,0.91581387,-0.55064624,-0.85743297,-0.46046659,-0.63218477,0.14667981,0.43721999,-0.59632008,-0.61313856,-0.59632008,-0.91522609,-0.4495725,-0.82742532,16,"walking"
-0.23048928,-0.19456974,0.23171638,-0.21740229,-0.92331219,0.20711056,-0.26635723,-0.26538072,-0.26348816,0.92646003,-0.031153052,0.77197798,-0.39880764,0.46343502,0.84404384,-0.60508216,-0.67144589,0.9142963,-0.52550414,-0.85473921,-0.21785371,-0.50059967,0.16894093,0.2159064,-0.51858947,-0.46273324,-0.51858947,-0.88039528,-0.26596233,-0.79642891,16,"walking"
-0.23146786,-0.1945511,0.23203877,-0.21696312,-0.92366198,0.20374277,-0.26606277,-0.25945515,-0.26007291,0.92540369,-0.021176237,0.76004002,-0.3685443,0.43879892,0.84404384,-0.57830646,-0.67497649,0.90960413,-0.50580494,-0.86097739,-0.08293852,-0.43746647,0.142892,0.073217825,-0.46562429,-0.37102123,-0.46562429,-0.85316627,-0.12378241,-0.77448049,16,"walking"
-0.23146786,-0.19161149,0.23148995,-0.21571593,-0.92462642,0.20223913,-0.25784428,-0.25675584,-0.26007291,0.92540369,-0.024218663,0.75451011,-0.26379038,0.34038603,0.83741736,-0.56071096,-0.67717468,0.90743446,-0.41080778,-0.86384037,-0.13201672,-0.47031132,0.12812023,0.12579994,-0.46172664,-0.18361068,-0.46172664,-0.85113146,-0.17710138,-0.75304707,16,"walking"
-0.23600004,-0.19161149,0.23176967,-0.21683624,-0.92378155,0.20353876,-0.25943901,-0.2595207,-0.26172342,0.92677844,-0.0069082583,0.7652371,-0.3680117,0.44254825,0.84422385,-0.57535121,-0.67545172,0.91165131,-0.51308415,-0.86096371,-0.15886505,-0.47715391,0.14665922,0.16594085,-0.46493321,-0.1472011,-0.46493321,-0.8528663,-0.2287318,-0.71514318,16,"walking"
-0.235816,-0.18996855,0.23127404,-0.21645225,-0.92408001,0.20365425,-0.25969272,-0.26012958,-0.2644022,0.92911653,-0.093105829,0.77156952,-0.41752976,0.49082811,0.84471077,-0.56211288,-0.67577062,0.9141357,-0.56134424,-0.86032416,-0.13854123,-0.45087942,0.15202073,0.15137472,-0.45455601,-0.17853356,-0.45455601,-0.84717713,-0.22109537,-0.70017828,16,"walking"
-0.235816,-0.19344197,0.23304608,-0.21853754,-0.92246978,0.20871205,-0.28261185,-0.26653903,-0.2644022,0.91537489,-0.17097962,0.75447137,-0.443419,0.52203923,0.84471077,-0.53910904,-0.6684262,0.90739699,-0.59919707,-0.85337667,-0.13820848,-0.36888928,0.16185197,0.14338513,-0.40869511,-0.37443784,-0.40869511,-0.82094111,-0.20498941,-0.68132567,16,"walking"
-0.23677183,-0.20002386,0.23673502,-0.22319434,-0.91881342,0.22156331,-0.2944039,-0.2834413,-0.26948405,0.9072171,-0.14871466,0.72126914,-0.44404531,0.52282067,0.83336193,-0.56085717,-0.65039454,0.89426191,-0.60020867,-0.83446802,-0.16258521,-0.44645542,0.19440412,0.15893887,-0.4448148,-0.39513854,-0.4448148,-0.84177261,-0.21014831,-0.67859857,16,"walking"
-0.24301875,-0.20021344,0.23852453,-0.2257105,-0.91682362,0.22692775,-0.2944039,-0.29075729,-0.28065595,0.9072171,-0.15401116,0.7105774,-0.39110342,0.46833164,0.8218005,-0.60179733,-0.6426057,0.89001902,-0.5427518,-0.82620429,-0.10554106,-0.49303803,0.21262706,0.093664892,-0.48793513,-0.40129535,-0.48793513,-0.86491668,-0.13900519,-0.69171323,16,"walking"
-0.23919858,-0.20021344,0.23645886,-0.2230821,-0.91890593,0.21819548,-0.29333095,-0.27918193,-0.27609391,0.90980031,-0.10214244,0.73112218,-0.34232362,0.42546628,0.8349136,-0.53716086,-0.65452062,0.8981756,-0.50577138,-0.83940158,-0.11868605,-0.44844821,0.19024376,0.12058497,-0.44757819,-0.39546593,-0.44757819,-0.84326638,-0.18072661,-0.66661503,16,"walking"
-0.23919858,-0.19901413,0.23608571,-0.22335008,-0.91869539,0.21131665,-0.27078958,-0.27072508,-0.27369099,0.91826932,-0.082548961,0.75473525,-0.33665266,0.41430421,0.83872892,-0.6097324,-0.66271851,0.90751894,-0.48870179,-0.84896273,-0.096070135,-0.49576456,0.18634088,0.090100743,-0.47535031,-0.25864307,-0.47535031,-0.85842924,-0.14377884,-0.67356309,16,"walking"
-0.23801837,-0.19901413,0.2359816,-0.22315281,-0.91885161,0.20584231,-0.27078958,-0.26302252,-0.25589093,0.92894501,0.037859274,0.76142352,-0.2376319,0.31552814,0.83872892,-0.60682565,-0.66900353,0.91015628,-0.38655525,-0.85711722,-0.025709262,-0.47255089,0.17029484,0.010940514,-0.4951684,-0.38304873,-0.4951684,-0.86873115,-0.059967418,-0.65990715,16,"walking"
-0.22775677,-0.19337373,0.23196562,-0.2165765,-0.92394581,0.19823891,-0.26397585,-0.25140768,-0.25137089,0.92894501,-0.012147442,0.76222655,-0.12858013,0.20382016,0.83812061,-0.6060392,-0.6812336,0.91047204,-0.27010404,-0.8692761,-0.049640496,-0.49074412,0.12200762,0.041063525,-0.47597256,-0.26694171,-0.47597256,-0.85876173,-0.095501116,-0.65568314,16,"walking"
-0.227125,-0.186029,0.22750449,-0.20990506,-0.9289913,0.1949385,-0.24869471,-0.24650709,-0.25137089,0.93117566,-0.080945678,0.76690335,-0.098347458,0.19115843,0.83979179,-0.62590201,-0.68903196,0.91230888,-0.27544312,-0.87427514,-0.16342154,-0.52975904,0.094327985,0.15737211,-0.52144204,-0.17945085,-0.52144204,-0.88178064,-0.20624842,-0.63550257,16,"walking"
-0.20360684,-0.18867277,0.21458523,-0.18960312,-0.94311257,0.18808515,-0.26017046,-0.23468464,-0.22568646,0.91689355,-0.52838753,0.75489863,-0.69522635,0.75371016,0.85137878,-0.016539722,-0.70836608,0.90755631,-0.81167521,-0.88542786,-0.37346864,0.025337166,-0.0015335831,0.38017946,0.075486559,-0.38837191,0.075486559,-0.41661403,-0.43064329,-0.69815548,16,"walking_downstairs"
-0.20360684,-0.18222358,0.2171732,-0.19581896,-0.93885338,0.20044055,-0.26553117,-0.25544198,-0.23425571,0.92201739,-0.49029161,0.78738671,-0.69096753,0.74738051,0.85778778,-0.16904801,-0.69186131,0.92029376,-0.80337089,-0.86493029,-0.34875032,-0.073751574,0.095304666,0.34913829,-0.050316976,-0.4427979,-0.050316976,-0.54399717,-0.39387347,-0.54366014,16,"walking_downstairs"
-0.21435855,-0.18222358,0.22029304,-0.20051902,-0.93572184,0.21090854,-0.29486791,-0.27030735,-0.26896553,0.91335257,-0.51142826,0.77365607,-0.65726803,0.70807255,0.85778778,-0.25529021,-0.67697277,0.91489762,-0.75800142,-0.84922585,-0.30866585,-0.02829225,0.13741306,0.30032973,-0.10377041,-0.40994548,-0.10377041,-0.59331861,-0.33850025,-0.25085551,16,"walking_downstairs"
-0.21435855,-0.18295857,0.22254143,-0.20249375,-0.93430706,0.21864885,-0.29616889,-0.27908969,-0.26984545,0.91293111,-0.63771581,0.73605449,-0.62142671,0.6774657,0.83826491,-0.20644154,-0.66596052,0.90013322,-0.731943,-0.83939753,-0.3123954,0.033362199,0.13785165,0.32150786,-0.030887533,-0.46028757,-0.030887533,-0.52535727,-0.37748839,-0.21696872,16,"walking_downstairs"
-0.22423644,-0.18295857,0.22619784,-0.20822919,-0.93023108,0.2131941,-0.29616889,-0.27220992,-0.26694118,0.91293111,-0.50604314,0.74838632,-0.64904514,0.70809883,0.85556583,-0.074443553,-0.66928541,0.90497765,-0.76619718,-0.84700107,-0.19780373,0.16587519,0.14435924,0.20881322,0.11817098,-0.19440977,0.11817098,-0.36986272,-0.27382108,-0.36197698,16,"walking_downstairs"
-0.22331293,-0.18283115,0.22414637,-0.20616804,-0.93173079,0.20677816,-0.26666658,-0.2645992,-0.26694118,0.92159676,-0.52833654,0.77614015,-0.66949911,0.7272213,0.85556583,-0.089708664,-0.67851016,0.91590485,-0.78435785,-0.85556897,-0.14081996,0.13838204,0.13943788,0.15238559,0.16085066,-0.037629017,0.16085066,-0.32124745,-0.22110603,-0.21272276,16,"walking_downstairs"
-0.22158128,-0.17844477,0.22246289,-0.20311369,-0.93393942,0.20168224,-0.26666658,-0.25661184,-0.24065269,0.9290357,-0.61338202,0.77291879,-0.61508694,0.67725707,0.85486692,-0.13094514,-0.68586167,0.91465643,-0.73764908,-0.86372491,-0.17891934,0.013492106,0.10740005,0.19713691,0.022842358,-0.41912204,0.022842358,-0.4718495,-0.2704391,-0.83899791,16,"walking_downstairs"
-0.22158128,-0.18217949,0.2240802,-0.20457795,-0.9328797,0.19167387,-0.25676728,-0.24144904,-0.24016945,0.92845753,-0.56768436,0.7672255,-0.55255495,0.61546893,0.84766532,-0.19991322,-0.69582268,0.91243181,-0.67539692,-0.87917616,-0.15095793,-0.11675137,0.066582532,0.16463462,-0.039095948,-0.45536111,-0.039095948,-0.53327148,-0.23464571,-0.77959007,16,"walking_downstairs"
-0.21923463,-0.21446745,0.22959249,-0.20999205,-0.92865349,0.19016586,-0.25356685,-0.23615201,-0.23139647,0.90197675,-0.66106078,0.7179236,-0.69390432,0.74579959,0.83978677,-0.15837876,-0.69241956,0.89290646,-0.79722489,-0.88415032,-0.54800847,0.037889893,0.029585008,0.56007427,-0.016535072,-0.22036889,-0.016535072,-0.51133696,-0.60424789,-0.74108997,16,"walking_downstairs"
-0.20938135,-0.17506794,0.2213512,-0.19942022,-0.93653733,0.18010513,-0.22810841,-0.22374974,-0.22459024,0.90818192,-0.62806837,0.75996929,-0.67303149,0.73428794,0.84816272,-0.10719404,-0.71123519,0.90954198,-0.79489687,-0.89591024,-0.40587812,0.093175437,-0.00027463842,0.39816968,0.023240031,-0.1797427,0.023240031,-0.47140858,-0.43012496,-0.45648777,16,"walking_downstairs"
-0.20357125,-0.17309471,0.21684793,-0.19370566,-0.94040463,0.19186622,-0.31682572,-0.24112022,-0.22459024,0.90978456,-0.39750625,0.765467,-0.69197079,0.75024683,0.84816272,-0.18702482,-0.70205287,0.91170564,-0.80825526,-0.8775746,-0.25816371,0.026276925,0.03478256,0.24619339,-0.029762457,-0.53763412,-0.029762457,-0.52424219,-0.28392635,-0.062286668,16,"walking_downstairs"
-0.20357125,-0.19300091,0.22294645,-0.20321087,-0.93343985,0.21809543,-0.31965129,-0.27852749,-0.22739526,0.90896872,-0.43975276,0.73897289,-0.70676278,0.76358872,0.84592842,-0.30198253,-0.66627927,0.90126249,-0.82029718,-0.83813887,-0.32123643,-0.1179538,0.14046836,0.32031053,-0.089395207,-0.55343752,-0.089395207,-0.58016052,-0.36584614,-0.11372752,16,"walking_downstairs"
-0.21838802,-0.19300091,0.22838855,-0.21138674,-0.92775749,0.21036669,-0.31965129,-0.26826772,-0.24029636,0.90896872,-0.38491634,0.74977988,-0.61993094,0.68017574,0.84401523,-0.10170564,-0.67066484,0.90553425,-0.73913426,-0.84964068,-0.31246941,0.1215395,0.14347038,0.32815497,0.071311131,-0.47354825,0.071311131,-0.42112731,-0.39200925,-0.17052961,16,"walking_downstairs"
-0.21838802,-0.19498724,0.22698715,-0.20881653,-0.9296791,0.20500718,-0.28318699,-0.2600577,-0.24029636,0.90911559,-0.34841594,0.7483755,-0.65741758,0.72151409,0.84401523,-0.099490438,-0.67806515,0.90497957,-0.78489782,-0.85963139,-0.27389794,0.028694168,0.11348633,0.28888193,0.079474184,-0.46414817,0.079474184,-0.4121867,-0.35472423,-0.091984972,16,"walking_downstairs"
-0.22092615,-0.19536244,0.22973197,-0.21277419,-0.92676688,0.21436138,-0.28318699,-0.27301931,-0.26191917,0.90911559,-0.6059841,0.73301082,-0.67432354,0.74559854,0.83699631,-0.19419409,-0.66487104,0.89892614,-0.81650497,-0.84628192,-0.39627534,0.0045155349,0.14722776,0.40743643,-0.044360406,-0.40876033,-0.044360406,-0.53828846,-0.46097613,-0.68930197,16,"walking_downstairs"
-0.2176201,-0.19536244,0.22655584,-0.20845351,-0.92993484,0.20496666,-0.27574543,-0.26036352,-0.25654895,0.9141575,-0.63705687,0.75358173,-0.6245582,0.68639103,0.84306651,-0.1385804,-0.67849249,0.90705257,-0.74638181,-0.8598977,-0.40119189,0.074543945,0.11730392,0.4009635,0.046315214,-0.30750364,0.046315214,-0.44756571,-0.44156768,-0.67003863,16,"walking_downstairs"
-0.20557866,-0.21822586,0.22529067,-0.20457623,-0.93202299,0.19506407,-0.31031494,-0.24383413,-0.22349934,0.88732918,-0.59937058,0.72980535,-0.73633113,0.79861396,0.86055735,-0.04743747,-0.69090275,0.89745564,-0.86141442,-0.87495949,-0.53445293,0.12409203,0.044152704,0.54390157,0.10526287,-0.42614334,0.10526287,-0.38420057,-0.5861927,-0.64917303,16,"walking_downstairs"
-0.20557866,-0.16880107,0.21244619,-0.1882895,-0.94408181,0.18081097,-0.23990938,-0.22699752,-0.22349934,0.91835768,-0.56654773,0.80232978,-0.70929594,0.77994136,0.86312561,-0.053234207,-0.71854325,0.92609814,-0.85107655,-0.89284054,-0.38203242,0.0053926287,0.010013427,0.39823738,0.11131118,-0.3545261,0.11131118,-0.37728515,-0.45767145,-0.59733113,16,"walking_downstairs"
-0.20321514,-0.16526886,0.21105194,-0.18684439,-0.94502385,0.19512932,-0.28186563,-0.2479161,-0.23062937,0.92779331,-0.48856624,0.79862664,-0.61020533,0.67157538,0.86312561,-0.14794094,-0.70323173,0.924672,-0.7314437,-0.87231772,-0.27504923,0.039059766,0.059242583,0.28418999,0.072600632,-0.42760428,0.072600632,-0.41945802,-0.341587,-0.26200819,16,"walking_downstairs"
-0.20321514,-0.16743726,0.21208012,-0.18805502,-0.9442122,0.21276182,-0.28426431,-0.2720842,-0.2501021,0.92648969,-0.44845938,0.76841947,-0.52497851,0.59157376,0.85177234,-0.07783909,-0.68147449,0.91289171,-0.65528317,-0.84705471,-0.24030458,0.18537364,0.10445625,0.24781264,0.10841973,-0.45936157,0.10841973,-0.38070968,-0.30604921,-0.19042983,16,"walking_downstairs"
-0.20418475,-0.16743726,0.21424936,-0.19061314,-0.94252429,0.21033883,-0.28426431,-0.26776857,-0.25268531,0.92402804,-0.45705446,0.75754754,-0.49485948,0.5571363,0.84305286,-0.014814233,-0.6826314,0.9086269,-0.61593842,-0.85166682,-0.29830412,0.085231252,0.091670509,0.3303704,0.11018862,-0.45868353,0.11018862,-0.37873777,-0.41196724,-0.19759055,16,"walking_downstairs"
-0.20418475,-0.17889644,0.2161461,-0.19242869,-0.94125546,0.1988797,-0.26694159,-0.25047356,-0.24975779,0.91935515,-0.35561319,0.75202495,-0.58621818,0.64693913,0.84305286,-0.077188397,-0.69455302,0.90644717,-0.70572762,-0.87023386,-0.26158626,0.17263003,0.046195862,0.30778075,0.10262274,-0.32160415,0.10262274,-0.38712313,-0.40775686,-0.08296416,16,"walking_downstairs"
-0.20649191,-0.17971476,0.22105313,-0.19894419,-0.93681062,0.19461763,-0.2488448,-0.24380873,-0.24266123,0.91813149,-0.40267369,0.74213791,-0.57065156,0.63744667,0.83882592,-0.16288888,-0.69520274,0.90254719,-0.70170618,-0.87690796,-0.22511155,0.0273428,0.03858111,0.23292246,0.017088185,-0.054288202,0.017088185,-0.4776921,-0.29419031,-0.63709733,16,"walking_downstairs"
-0.21902154,-0.17971476,0.222377,-0.20081931,-0.93555507,0.19573838,-0.25633405,-0.2453264,-0.24266123,0.91635626,-0.56936859,0.73904932,-0.61944044,0.68266997,0.83704761,-0.14687425,-0.69274963,0.90132712,-0.74400393,-0.87535539,-0.10338793,-0.0071339872,0.045382442,0.0897003,0.039804018,-0.31656231,0.039804018,-0.45435213,-0.13382411,-0.62018823,16,"walking_downstairs"
-0.25493665,-0.2655455,0.27420185,-0.27959047,-0.86760841,0.24868005,-0.42016353,-0.32414111,-0.26236099,0.84150325,-0.37698265,0.67052459,-0.75456471,0.79144282,0.83907687,-0.39231605,-0.58492088,0.87359153,-0.82857323,-0.77861193,-0.64637128,-0.30084656,0.41655913,0.63710408,-0.31757932,-0.81236498,-0.31757932,-0.7625869,-0.65165641,-0.57332401,16,"walking_upstairs"
-0.29835618,-0.26868161,0.28031377,-0.28729863,-0.8600803,0.30099926,-0.4225236,-0.39385849,-0.31500011,0.82636413,-0.28514927,0.5568157,-0.72487899,0.77082226,0.81143676,-0.40941803,-0.51840324,0.82700234,-0.81715275,-0.68247847,-0.45966474,-0.38356261,0.53419309,0.45359244,-0.34181668,-0.79177095,-0.34181668,-0.77890975,-0.48334462,-0.51177891,16,"walking_upstairs"
-0.30047515,-0.28422431,0.28998001,-0.29946954,-0.84703949,0.31418757,-0.4225236,-0.409067,-0.40622628,0.81404528,-0.30594715,0.49955946,-0.59728449,0.64037293,0.74290072,-0.44572101,-0.49392195,0.80306101,-0.68228,-0.65978986,-0.51683991,-0.35363145,0.56184504,0.51459664,-0.35706246,-0.67938605,-0.35706246,-0.78888476,-0.54507483,-0.2088706,16,"walking_upstairs"
-0.30896329,-0.28422431,0.29170984,-0.30142834,-0.84500378,0.31649215,-0.4241359,-0.41139003,-0.40622628,0.81404528,-0.24848259,0.4873766,-0.54642216,0.59328119,0.73538535,-0.48178013,-0.48958977,0.7978669,-0.63836086,-0.65597465,-0.54077529,-0.36443282,0.56338372,0.538308,-0.39931747,-0.6742481,-0.39931747,-0.81532018,-0.56676075,-0.22651104,16,"walking_upstairs"
-0.30896329,-0.27091118,0.28779244,-0.29632765,-0.85062068,0.32074888,-0.42495514,-0.41765288,-0.41430268,0.81775301,-0.25590672,0.48938064,-0.33891977,0.39465646,0.73227325,-0.48372358,-0.48795799,0.79872858,-0.44489414,-0.64561666,-0.41506191,-0.41118965,0.56792395,0.4105486,-0.40081392,-0.69323274,-0.40081392,-0.81622306,-0.44459938,-0.51192019,16,"walking_upstairs"
-0.30908375,-0.28437431,0.29132849,-0.30087922,-0.84558603,0.31611735,-0.42495514,-0.41088078,-0.40403767,0.81199504,-0.23803005,0.48855291,-0.47339806,0.5184964,0.73227325,-0.37733196,-0.49038511,0.79837055,-0.56127924,-0.65677454,-0.47522866,-0.27704156,0.56150028,0.46472083,-0.27913192,-0.62427029,-0.27913192,-0.73549202,-0.48878296,-0.29855059,16,"walking_upstairs"
-0.30908375,-0.28437431,0.29480111,-0.30627504,-0.83965428,0.31314207,-0.4118994,-0.40766697,-0.40403767,0.81199504,-0.18805414,0.49434798,-0.49837467,0.54720109,0.74020382,-0.35190915,-0.49078473,0.80083664,-0.59432332,-0.66214564,-0.55223421,-0.30850258,0.57230786,0.54059313,-0.25503006,-0.58877594,-0.25503006,-0.71775869,-0.55829292,-0.098159186,16,"walking_upstairs"
-0.3147024,-0.283161,0.29342115,-0.30515814,-0.84095854,0.31365327,-0.41540341,-0.4095477,-0.40950625,0.81870757,-0.29108117,0.50411253,-0.60302155,0.65918618,0.74020382,-0.40289631,-0.49143817,0.8050035,-0.71438606,-0.65908744,-0.43839741,-0.2737079,0.58231286,0.41586877,-0.31371764,-0.62447879,-0.31371764,-0.75990974,-0.42927746,-0.40457152,16,"walking_upstairs"
-0.31443428,-0.27998852,0.29233577,-0.30293452,-0.84341126,0.31501147,-0.41891192,-0.41034765,-0.4059583,0.81492431,-0.28074389,0.4958865,-0.69547351,0.73994449,0.74013118,-0.41390123,-0.49080027,0.80149358,-0.7841495,-0.65770779,-0.40044148,-0.27351554,0.57166254,0.37627235,-0.3409363,-0.66249438,-0.3409363,-0.77833044,-0.39032333,-0.46138483,16,"walking_upstairs"
-0.21680252,-0.2737096,0.25095967,-0.24448349,-0.89853455,0.28700855,-0.42896266,-0.3739815,-0.28703191,0.81111988,-0.20918855,0.61343238,-0.79744092,0.82763639,0.83674151,-0.44350139,-0.56030739,0.84990967,-0.85803227,-0.70940062,-0.59173533,-0.29355827,0.40886035,0.56922658,-0.35076381,-0.81978387,-0.35076381,-0.78479255,-0.57350335,-0.2926458,16,"walking_upstairs"
-0.2577804,-0.27484068,0.28049162,-0.28585246,-0.86113969,0.32222283,-0.42896266,-0.419405,-0.39481942,0.80738111,-0.35544553,0.4957264,-0.78143846,0.82385056,0.77632155,-0.4124182,-0.49254054,0.80134689,-0.8666788,-0.64249959,-0.58595271,-0.33641764,0.54919402,0.5869761,-0.33218335,-0.73634441,-0.33218335,-0.77247131,-0.61682122,-0.32744654,16,"walking_upstairs"
-0.30347581,-0.28030222,0.28546138,-0.29267815,-0.85441729,0.3179553,-0.42528817,-0.41344621,-0.40557906,0.80738111,-0.32156154,0.49455041,-0.67169859,0.72090883,0.74202097,-0.33756128,-0.49340718,0.80089962,-0.77014474,-0.6525568,-0.45649079,-0.28662336,0.55094759,0.43992781,-0.26069008,-0.6628101,-0.26069008,-0.72197692,-0.45924648,-0.37489326,16,"walking_upstairs"
-0.30347581,-0.29176583,0.29234813,-0.30228036,-0.8438437,0.31605084,-0.41565946,-0.41073651,-0.40557906,0.80489972,-0.25723113,0.48687711,-0.60372404,0.64749401,0.74202097,-0.41376675,-0.48954181,0.79761316,-0.69076643,-0.65709722,-0.46241202,-0.30146096,0.5634633,0.44514922,-0.32777025,-0.59402146,-0.32777025,-0.76952253,-0.46328487,-0.13472673,16,"walking_upstairs"
-0.32023071,-0.29264977,0.29885034,-0.31235579,-0.83285374,0.3199263,-0.42281596,-0.41714224,-0.41205059,0.80489972,-0.25443462,0.47865905,-0.54787787,0.59380579,0.73089501,-0.48226418,-0.47894908,0.79412128,-0.63756779,-0.64647044,-0.6002579,-0.48252295,0.60122616,0.59713308,-0.42757567,-0.65007101,-0.42757567,-0.83201267,-0.62063406,-0.46284876,16,"walking_upstairs"
-0.32023071,-0.29264977,0.29497023,-0.30720763,-0.83863796,0.31873063,-0.42281596,-0.41605473,-0.40320469,0.81601938,-0.23173269,0.49030246,-0.49651981,0.53977581,0.73089501,-0.49503712,-0.48393987,0.79912016,-0.58060372,-0.64826427,-0.57108791,-0.39722076,0.59395241,0.57011898,-0.41418989,-0.6601895,-0.41418989,-0.82420218,-0.5979634,-0.41436167,16,"walking_upstairs"
-0.32057294,-0.28426049,0.29574576,-0.30721795,-0.83868382,0.30732469,-0.41410746,-0.39941479,-0.38838544,0.8161164,-0.21343911,0.5000678,-0.62495461,0.67181747,0.74267073,-0.49939485,-0.49682794,0.80327222,-0.71811288,-0.67522691,-0.46971669,-0.48694233,0.55750151,0.47237346,-0.43653193,-0.68971946,-0.43653193,-0.83712841,-0.51056593,-0.2515208,16,"walking_upstairs"
-0.31597358,-0.28426049,0.29596365,-0.30761315,-0.83821613,0.30104294,-0.40564914,-0.39119869,-0.38794786,0.82047869,-0.29514179,0.51249884,-0.70615972,0.7573958,0.74291005,-0.48817943,-0.50403403,0.80856304,-0.80851792,-0.68842299,-0.5129424,-0.50520885,0.54679463,0.50862484,-0.45829976,-0.71359636,-0.45829976,-0.84926487,-0.53654913,-0.48568268,16,"walking_upstairs"
-0.31158651,-0.28144233,0.29102019,-0.30106906,-0.84543641,0.3093759,-0.41209929,-0.4028842,-0.38794786,0.8241297,-0.22903452,0.50866933,-0.65298419,0.70438697,0.74291005,-0.51298944,-0.49874066,0.80694416,-0.7547362,-0.66972022,-0.53978909,-0.45850684,0.55713492,0.53745061,-0.45621739,-0.71504941,-0.45621739,-0.84812344,-0.56577283,-0.57979236,16,"walking_upstairs"
-0.30141742,-0.27321273,0.28166837,-0.28938938,-0.85789203,0.27364878,-0.4127031,-0.35717062,-0.26332563,0.82338727,-0.3579782,0.60739239,-0.79680644,0.83377551,0.83331197,-0.4748248,-0.5493621,0.84765973,-0.87108338,-0.73336079,-0.41423684,-0.35010061,0.48156109,0.39822115,-0.39182254,-0.80034423,-0.39182254,-0.81076022,-0.42052261,-0.45539562,16,"walking_upstairs"
-0.30237559,-0.27934102,0.28604856,-0.29381652,-0.85317262,0.31046246,-0.4127031,-0.40401614,-0.38681361,0.81925328,-0.35910212,0.5116001,-0.76268465,0.80793603,0.76525259,-0.46093498,-0.50193092,0.80815393,-0.85347691,-0.66799534,-0.33900904,-0.37174896,0.54279074,0.33737071,-0.37221477,-0.75095657,-0.37221477,-0.79855615,-0.38028415,-0.56956506,16,"walking_upstairs"
-0.3142003,-0.28270816,0.29331137,-0.30386401,-0.84239557,0.30633319,-0.40887608,-0.39821545,-0.39160734,0.81925328,-0.32405699,0.50639501,-0.55359745,0.6021243,0.7374342,-0.47779479,-0.50025853,0.80597672,-0.64852604,-0.67736475,-0.37266036,-0.4103524,0.55038937,0.36636555,-0.39917546,-0.6668216,-0.39917546,-0.81520724,-0.40163632,-0.36303131,16,"walking_upstairs"
-0.3089512,-0.28270816,0.29060728,-0.30045431,-0.84607823,0.30457905,-0.40252688,-0.39647372,-0.39160734,0.82950772,-0.22760307,0.5180932,-0.55566574,0.61359314,0.74290495,-0.48151808,-0.50482975,0.81094575,-0.66936169,-0.6801864,-0.42377623,-0.41262533,0.54603106,0.4136035,-0.41706985,-0.59445469,-0.41706985,-0.82588848,-0.44130904,-0.22100755,16,"walking_upstairs"
-0.30660131,-0.27335106,0.28760128,-0.29542658,-0.85155155,0.30694865,-0.40307435,-0.39850002,-0.39297982,0.82331646,-0.24857125,0.50959767,-0.63727961,0.68656442,0.74290495,-0.44664012,-0.50474556,0.8073324,-0.73481205,-0.67695345,-0.41345389,-0.3948835,0.53084383,0.39272501,-0.37935882,-0.65672649,-0.37935882,-0.80301724,-0.40985258,-0.3956271,16,"walking_upstairs"
-0.30660131,-0.28312852,0.29216679,-0.30165938,-0.84473938,0.31125718,-0.41364128,-0.40388567,-0.39297982,0.81766927,-0.28504495,0.49246113,-0.5770157,0.6190244,0.73606078,-0.49145333,-0.4954479,0.8000455,-0.65922599,-0.66819061,-0.49489528,-0.43611218,0.5481483,0.49044621,-0.42647499,-0.66680931,-0.42647499,-0.83137029,-0.51969937,-0.24042343,16,"walking_upstairs"
-0.31165309,-0.28434771,0.29369459,-0.30516108,-0.84090979,0.31056661,-0.41364128,-0.40490255,-0.39226168,0.81766927,-0.26414649,0.50575029,-0.76295536,0.80403643,0.75526422,-0.5305009,-0.49487249,0.8056647,-0.84508169,-0.66658145,-0.56853597,-0.48448831,0.57118011,0.57576262,-0.46504494,-0.67774823,-0.46504494,-0.85290681,-0.61279902,-0.21769578,16,"walking_upstairs"
-0.31165309,-0.28434771,0.29013441,-0.30077506,-0.84573605,0.30195892,-0.40626988,-0.39438987,-0.38739736,0.82195205,-0.19881698,0.53454984,-0.76876656,0.81322088,0.75526422,-0.48611668,-0.50837207,0.81785982,-0.8578308,-0.6834482,-0.50749155,-0.42499628,0.55462923,0.50127286,-0.41867009,-0.59599123,-0.41867009,-0.82683662,-0.52801005,-0.49519694,16,"walking_upstairs"
-0.31170656,-0.28160641,0.2902072,-0.30043667,-0.8461245,0.30509056,-0.41102035,-0.39793788,-0.38739736,0.82268748,-0.21133399,0.52371783,-0.69197481,0.73592805,0.75473651,-0.55999576,-0.50458865,0.81328621,-0.77938171,-0.67771577,-0.49199583,-0.45305211,0.55439604,0.47484445,-0.47705335,-0.56396937,-0.47705335,-0.859336,-0.49072083,-0.52342591,16,"walking_upstairs"
0.046354215,0.074031853,0.046357524,0.054668589,-0.98970623,0.084222464,-0.10727288,-0.088904303,-0.062677427,0.97536068,-0.013023926,0.88910706,-0.81461551,0.82111041,0.88827686,-0.92096049,-0.88537566,0.95946899,-0.82727385,-0.98146296,-0.81391422,-0.93826251,-0.55948616,0.79667591,-0.92320814,-0.94342275,-0.92320814,-0.99629789,-0.79124603,-0.96385853,16,"standing"
0.031965288,0.07407383,0.045685175,0.055901445,-0.98941342,0.097962349,-0.1104349,-0.10878777,-0.10522156,0.9796233,0.13913746,0.89466674,-0.51830955,0.51804118,0.88827686,-0.98591513,-0.86919515,0.96158046,-0.51755736,-0.97409315,-0.70969711,-0.98417918,-0.49894794,0.68924087,-0.98393618,-0.89362655,-0.98393618,-0.99970805,-0.68760812,-0.97003998,16,"standing"
0.032025692,0.082925917,0.043249616,0.059429687,-0.9884085,0.10031027,-0.11162287,-0.11208657,-0.11743668,0.97941334,-0.49604853,0.8910453,-0.57053991,0.57694732,0.88793657,-0.98948096,-0.8644984,0.96020732,-0.58331823,-0.9725925,-0.6195657,-0.98824069,-0.48319244,0.58733831,-0.98923965,-0.51305464,-0.98923965,-0.9998328,-0.57949276,-0.99424084,16,"standing"
0.032025692,0.074353589,0.045365258,0.056319223,-0.98929086,0.098098969,-0.11162287,-0.10890644,-0.10407029,0.97941334,-0.17680786,0.89196242,-0.30368776,0.32478209,0.88843844,-0.9680589,-0.86877924,0.96055505,-0.34633713,-0.97398913,-0.46882822,-0.96896502,-0.49946812,0.42826384,-0.96945998,-0.6724076,-0.96945998,-0.99922689,-0.42216443,-0.98558722,16,"standing"
0.02818941,0.073064306,0.049493938,0.050304172,-0.99096013,0.091374125,-0.10896869,-0.099357394,-0.10172586,0.98033037,-0.48707117,0.89767724,-0.27505271,0.28693964,0.88914952,-0.96960078,-0.87993317,0.96272107,-0.29903801,-0.97813513,-0.3945512,-0.971827,-0.53715329,0.33767026,-0.97094968,-0.6845068,-0.97094968,-0.99928594,-0.3192301,-0.98681505,16,"standing"
0.031548264,0.073064306,0.048504551,0.051746974,-0.99055529,0.091008085,-0.1051706,-0.098835454,-0.10172586,0.98063193,-0.00050802389,0.89746066,-0.54358349,0.55593074,0.88914952,-0.97967216,-0.87955541,0.96263903,-0.56828915,-0.97837499,-0.32964503,-0.97988025,-0.53478761,0.26262698,-0.98165647,-0.58937789,-0.98165647,-0.99964636,-0.23795247,-0.99136776,16,"standing"
0.034150057,0.076316271,0.043454125,0.059108714,-0.98847512,0.096106663,-0.10700562,-0.10607867,-0.10537736,0.98003069,-0.19127942,0.8924486,-0.51537678,0.53748122,0.88810254,-0.98595235,-0.86951283,0.96073973,-0.55988248,-0.97529647,-0.60490534,-0.98196456,-0.49909382,0.57162647,-0.98532882,-0.4621691,-0.98532882,-0.99974382,-0.56376258,-0.98089969,16,"standing"
0.034150057,0.08508346,0.041964231,0.061279831,-0.98784791,0.096620524,-0.10700562,-0.10680733,-0.10920124,0.98003069,-0.094694872,0.8914763,-0.28051591,0.28902573,0.8860473,-0.99287672,-0.86767054,0.96037117,-0.29723901,-0.97498761,-0.38281761,-0.99377282,-0.49195957,0.32869264,-0.9928778,-0.29387662,-0.9928778,-0.99990216,-0.31381088,-0.98682707,16,"standing"
0.032789121,0.08486683,0.043138184,0.059534407,-0.98837947,0.093133212,-0.10515502,-0.1018027,-0.10656656,0.98030861,0.16099705,0.8922536,-0.39691599,0.40499769,0.8860798,-0.99464541,-0.87262005,0.96066606,-0.41281969,-0.97715921,-0.31547897,-0.9932491,-0.50950517,0.26533365,-0.99392677,-0.17089351,-0.99392677,-0.99991979,-0.25959299,-0.99561848,16,"standing"
0.035888488,0.08486683,0.042664349,0.060216832,-0.98816955,0.092396149,-0.10358507,-0.10074389,-0.10656656,0.97991223,-0.31094674,0.89205962,-0.31214403,0.31571072,0.88616707,-0.98488517,-0.87303681,0.96059246,-0.31898772,-0.97761522,-0.60885934,-0.98461905,-0.5106227,0.57983101,-0.98610537,-0.060678469,-0.98610537,-0.99976272,-0.57620047,-0.98794839,16,"standing"
0.039730791,0.085185945,0.039933755,0.064221603,-0.98691301,0.09566282,-0.11233224,-0.10542155,-0.10728204,0.97916768,-0.25431253,0.89030625,-0.22921118,0.2820331,0.88616707,-0.84701907,-0.86699684,0.95992711,-0.33532519,-0.97558746,-0.83077592,-0.87964218,-0.48852766,0.83099319,-0.85109506,-0.801444,-0.85109506,-0.98750845,-0.84289357,-0.8801429,16,"standing"
0.039730791,0.069573765,0.044510751,0.057539927,-0.98877077,0.099589564,-0.11849322,-0.11098503,-0.10628509,0.97916768,-0.10234154,0.88947739,-0.25642679,0.32326051,0.88598855,-0.83840231,-0.86635465,0.95961266,-0.3907257,-0.97304036,-0.7761196,-0.87179034,-0.49241118,0.76103891,-0.84394713,-0.8936124,-0.84394713,-0.98635705,-0.76041879,-0.85002231,16,"standing"
0.032190069,0.069573765,0.047919189,0.052551052,-0.99030551,0.09259772,-0.11849322,-0.10102117,-0.093789792,0.97929805,-0.031270661,0.89371472,-0.29384687,0.32862861,0.88824822,-0.87189849,-0.87723845,0.96121946,-0.36387225,-0.97713554,-0.80542659,-0.8875785,-0.52949341,0.79101623,-0.87494809,-0.91562393,-0.87494809,-0.99098568,-0.7891368,-0.95361915,16,"standing"
0.033656237,0.075879939,0.043039733,0.059690774,-0.98830951,0.085011103,-0.094833067,-0.090267184,-0.093789792,0.98115208,0.16382381,0.89700604,-0.26136813,0.27275205,0.88824822,-0.9900361,-0.88149404,0.96246731,-0.28432503,-0.98179281,-0.63246779,-0.98890834,-0.53644054,0.60055748,-0.99004828,-0.76632494,-0.99004828,-0.99984926,-0.59221406,-0.98493776,16,"standing"
0.034062884,0.087271338,0.041064738,0.062579628,-0.98745058,0.087228489,-0.093019356,-0.093435126,-0.095555653,0.98133858,0.051411546,0.89556123,-0.33064933,0.38135667,0.88816325,-0.9940163,-0.87727426,0.96191989,-0.43300045,-0.98058465,-0.24314632,-0.99136876,-0.52118321,0.2124021,-0.99318638,-0.56388221,-0.99318638,-0.99990748,-0.23195681,-0.99268588,16,"standing"
0.034438998,0.088045497,0.040751813,0.06302207,-0.98731255,0.086617369,-0.093019356,-0.092548945,-0.095010837,0.98133858,-0.20588882,0.89509203,-0.49599346,0.5177362,0.88861114,-0.98324399,-0.87763895,0.96174208,-0.53977753,-0.98092665,-0.10357894,-0.97707633,-0.52269156,0.047425521,-0.98231373,-0.55336018,-0.98231373,-0.99966464,-0.049614647,-0.9619528,16,"standing"
0.034438998,0.087147771,0.041257676,0.062321865,-0.98752925,0.08098589,-0.090033012,-0.084574772,-0.07783111,0.98144973,-0.077689622,0.89973657,-0.55004621,0.56457119,0.89060775,-0.9708986,-0.88405677,0.96350054,-0.57912049,-0.98381756,-0.30064395,-0.96834124,-0.54251919,0.25505028,-0.97070168,-0.74347216,-0.97070168,-0.99927633,-0.25481676,-0.92681663,16,"standing"
0.033847551,0.087147771,0.041455638,0.062015915,-0.98762482,0.073549353,-0.083857114,-0.073959596,-0.075263856,0.98295387,-0.0037796495,0.90218863,-0.53586634,0.55325239,0.89060775,-0.97563109,-0.89174913,0.964429,-0.5707266,-0.98739569,-0.46770096,-0.97332071,-0.56992915,0.45696906,-0.9750928,-0.76081685,-0.9750928,-0.99943892,-0.48242863,-0.94806682,16,"standing"
0.037018544,0.087531436,0.040508082,0.063324677,-0.98721564,0.074675559,-0.08576161,-0.075492603,-0.075263856,0.98055766,0.098518629,0.89794369,-0.49956222,0.53123726,0.89018062,-0.98316497,-0.88966393,0.96282191,-0.56347716,-0.98688351,-0.60234881,-0.98085593,-0.5653691,0.60012182,-0.98281059,-0.56537767,-0.98281059,-0.9996784,-0.62553783,-0.97063334,16,"standing"
0.03828818,0.088759592,0.039010173,0.065498886,-0.98652066,0.082341999,-0.08885496,-0.086396925,-0.082701171,0.98028458,-0.16731955,0.89361677,-0.40972804,0.41628994,0.88785241,-0.98503096,-0.88045191,0.96118275,-0.42280314,-0.98319792,-0.62291905,-0.98008775,-0.53347968,0.59825186,-0.98233446,-0.38557546,-0.98233446,-0.9996651,-0.59814629,-0.96956047,16,"standing"
0.03828818,0.090820099,0.038640604,0.066079533,-0.98633635,0.085054771,-0.08885496,-0.090304,-0.09689235,0.98028458,0.032914321,0.89408283,-0.41586178,0.42744722,0.88718888,-0.99220254,-0.87728113,0.96135947,-0.43871489,-0.98180162,-0.27359811,-0.98990866,-0.52112306,0.21276597,-0.99013515,-0.35834392,-0.99013515,-0.99985121,-0.19792205,-0.98197818,16,"standing"
0.036523693,0.089047922,0.039433055,0.064948176,-0.98670197,0.084256298,-0.08782795,-0.089194074,-0.095532559,0.98204555,0.41850451,0.89586849,-0.42997093,0.49260651,0.88718888,-0.98858337,-0.87888164,0.96203645,-0.55413674,-0.98221999,-0.40152048,-0.98556728,-0.52585939,0.35897622,-0.98798322,-0.4808732,-0.98798322,-0.99980596,-0.3548763,-0.99232064,16,"standing"
0.036430878,0.088865889,0.040030223,0.06405431,-0.98698618,0.083672116,-0.086928863,-0.088335436,-0.095532559,0.98151752,0.15923808,0.89531667,-0.44001169,0.46581863,0.8871408,-0.98449728,-0.88006925,0.96182732,-0.49077622,-0.98254098,-0.38472016,-0.97942579,-0.53098328,0.33976902,-0.98393508,-0.51183142,-0.98393508,-0.9997083,-0.33409714,-0.99166291,16,"standing"
0.034562061,0.086641239,0.041083387,0.062511805,-0.9874698,0.082656886,-0.08596219,-0.086881235,-0.092952964,0.98151752,-0.34369091,0.8958677,-0.47754235,0.48795035,0.88794716,-0.98050268,-0.88214754,0.96203605,-0.49786595,-0.98307469,-0.40416991,-0.97410661,-0.53865647,0.35614519,-0.97828871,-0.39704857,-0.97828871,-0.99954525,-0.34585827,-0.98507687,16,"standing"
0.12461893,0.088600724,0.010798431,0.10485724,-0.96837097,0.17992112,-0.27153663,-0.22095792,-0.17269314,0.88657427,-0.96266391,0.75349604,-0.98732219,0.98952261,0.8773925,-0.7327344,-0.74432033,0.90666281,-0.99135649,-0.89563297,-0.95910123,-0.83779373,-0.17187967,0.96171975,-0.74678523,-0.9868589,-0.74678523,-0.9656869,-0.96736124,-0.97854266,16,"standing"
0.06812647,0.088600724,0.035903896,0.07000263,-0.98491229,0.14747586,-0.23586471,-0.17852783,-0.17043128,0.92568637,-0.76077618,0.84644254,-0.88739122,0.88626338,0.87757216,-0.9388614,-0.80179588,0.94312911,-0.88477039,-0.93205641,-0.9603375,-0.94420837,-0.30978505,0.95975371,-0.93564625,-0.90219716,-0.93564625,-0.99729384,-0.96189509,-0.96487614,16,"standing"
0.043430313,0.089343616,0.035884466,0.070175511,-0.98496013,0.13946971,-0.16892834,-0.16754918,-0.17043128,0.96614403,-0.26614714,0.85951389,-0.61243814,0.61826646,0.87757216,-0.97978336,-0.81179387,0.9481926,-0.62379675,-0.94067257,-0.5456453,-0.9788623,-0.32891451,0.51599049,-0.97710763,-0.76072793,-0.97710763,-0.99950708,-0.51612506,-0.98184041,16,"standing"
0.043430313,0.09553756,0.034848485,0.071625707,-0.98447632,0.13938065,-0.16892834,-0.16730869,-0.16859304,0.96614403,-0.25575813,0.85662651,-0.58600838,0.60161458,0.87404023,-0.96054428,-0.81119938,0.94708911,-0.6170824,-0.94083245,-0.62159974,-0.95079368,-0.32774088,0.64081451,-0.95780483,-0.69588061,-0.95780483,-0.99868848,-0.68743892,-0.96770098,16,"standing"
0.049710269,0.094514913,0.034949318,0.071496722,-0.98450927,0.1373261,-0.1703897,-0.16444612,-0.1681696,0.96522607,-0.20848333,0.85917796,-0.46770197,0.5319623,0.874726,-0.91270587,-0.81380744,0.94806564,-0.59718682,-0.94277798,-0.33541996,-0.90882329,-0.33386235,0.29045967,-0.90564455,-0.59751361,-0.90564455,-0.9946317,-0.28854616,-0.92790218,16,"standing"
0.051249693,0.094514913,0.032441681,0.075111987,-0.98321098,0.14231379,-0.17743394,-0.17140682,-0.1681696,0.96242092,-0.24142582,0.8521709,-0.53646208,0.57902869,0.874726,-0.92823412,-0.80591528,0.94537923,-0.62209418,-0.93791315,-0.22009649,-0.91869724,-0.31061099,0.15283069,-0.92050007,-0.59419637,-0.92050007,-0.99606126,-0.13511547,-0.93712204,16,"standing"
0.051249693,0.092247381,0.033897438,0.072939672,-0.98395845,0.14368036,-0.17743394,-0.17322646,-0.17198173,0.96242092,-0.46848946,0.84950542,-0.33188517,0.32736005,0.87255093,-0.9696267,-0.80521936,0.9443588,-0.32249113,-0.93667818,-0.60578449,-0.97811815,-0.31361019,0.56809542,-0.97240408,-0.62290736,-0.97240408,-0.99934161,-0.55524077,-0.98889632,16,"standing"
0.042429525,0.090423284,0.037913409,0.067086518,-0.98600517,0.13847538,-0.17277579,-0.16588177,-0.16881405,0.96414712,-0.39210785,0.85557135,-0.53752099,0.53928981,0.87338565,-0.9897218,-0.81438911,0.946685,-0.54088011,-0.9418048,-0.70566615,-0.98628999,-0.34465748,0.68049988,-0.98870852,-0.53055747,-0.98870852,-0.99982162,-0.67411538,-0.99358824,16,"standing"
0.037890712,0.088279965,0.03957826,0.064693713,-0.98677777,0.1350615,-0.16157475,-0.16113333,-0.16552938,0.96735699,-0.45882181,0.86058393,-0.37075875,0.37496926,0.87589773,-0.98716787,-0.81975251,0.94860318,-0.37908067,-0.94499457,-0.37516065,-0.98407597,-0.36015504,0.31898028,-0.98602117,-0.38187115,-0.98602117,-0.99976054,-0.30241527,-0.98596507,16,"standing"
0.038203404,0.088279965,0.039969772,0.064184541,-0.9869413,0.13532203,-0.16521882,-0.16162479,-0.16552938,0.96837119,-0.54042622,0.86330153,-0.57115135,0.57717292,0.8759058,-0.98697931,-0.81968484,0.94964266,-0.58293964,-0.94465826,-0.40969831,-0.98096691,-0.3582257,0.35530531,-0.98491609,-0.32383935,-0.98491609,-0.99973352,-0.33836024,-0.98259946,16,"standing"
0.038394162,0.088968509,0.038496675,0.066345453,-0.98624733,0.13765847,-0.16521882,-0.16494913,-0.16716927,0.96837119,-0.29626851,0.86128895,-0.29807186,0.32216256,0.8759058,-0.86098963,-0.81579484,0.94887328,-0.34596691,-0.94245025,-0.68423082,-0.87263884,-0.34495409,0.70916734,-0.85830562,-0.86140839,-0.85830562,-0.98861864,-0.75738887,-0.88352665,16,"standing"
0.042835358,0.077633166,0.040965427,0.062743837,-0.98732776,0.14011441,-0.17490552,-0.16840634,-0.16707618,0.96713801,-0.3690214,0.86013091,-0.43653861,0.49660932,0.87426941,-0.78131469,-0.81429673,0.94843055,-0.55732296,-0.94005985,-0.67731322,-0.80853764,-0.34634813,0.65304349,-0.7846129,-0.89889873,-0.7846129,-0.97484562,-0.64939242,-0.77586631,16,"standing"
0.062751978,0.077633166,0.033787534,0.073066509,-0.98348689,0.13417978,-0.17490552,-0.15978495,-0.15246319,0.96561942,-0.42370074,0.85627455,-0.5843242,0.62683097,0.87426941,-0.80425427,-0.81684977,0.94695379,-0.66980828,-0.94559055,-0.77655738,-0.84720942,-0.3441924,0.75900884,-0.80923191,-0.93984415,-0.80923191,-0.98004391,-0.75576325,-0.84802985,16,"standing"
0.062751978,0.098884906,0.025593479,0.084920002,-0.97947772,0.1305274,-0.16765774,-0.15454503,-0.15246319,0.96520086,-0.40211433,0.85293076,-0.078992189,0.077306629,0.87169573,-0.97188897,-0.81499435,0.9456736,-0.075189094,-0.94914134,-0.90983919,-0.97056489,-0.32846603,0.90276996,-0.97353516,-0.90768691,-0.97353516,-0.99938343,-0.9014956,-0.97172611,16,"standing"
0.059215463,0.10429276,0.027902788,0.081668553,-0.98079485,0.13950334,-0.17222935,-0.16736441,-0.15853127,0.96380225,-0.27627244,0.85050275,-0.46037351,0.46269168,0.87152969,-0.97161588,-0.80608752,0.94474225,-0.46465321,-0.94070084,-0.70289075,-0.97583928,-0.30483237,0.67593363,-0.97340422,-0.54906289,-0.97340422,-0.99937848,-0.66786463,-0.97329495,16,"standing"
0.053204199,0.094528473,0.029599079,0.079235721,-0.98170058,0.14144003,-0.17222935,-0.17015263,-0.16691662,0.96380225,-0.48848886,0.85099446,-0.51109693,0.51686793,0.87448926,-0.95085217,-0.80497721,0.94493016,-0.52264594,-0.93884745,-0.78685761,-0.95671928,-0.30362735,0.76976618,-0.95329353,-0.69067119,-0.95329353,-0.99844365,-0.76640959,-0.98371178,16,"standing"
0.053140241,0.09128871,0.034896486,0.071567587,-0.98441939,0.13648842,-0.17039658,-0.16325307,-0.16627447,0.96429105,-0.72144932,0.85961406,-0.44402403,0.44558282,0.87558796,-0.95134152,-0.81480309,0.94823103,-0.44708998,-0.94355778,-0.81359303,-0.95684384,-0.33653977,0.79831906,-0.95284047,-0.7160396,-0.95284047,-0.99841829,-0.79501789,-0.97772133,16,"standing"
0.043322632,0.09128871,0.037746178,0.067439111,-0.98588605,0.13612885,-0.16639223,-0.1627908,-0.16627447,0.96709126,0.18372272,0.86223917,-0.6550046,0.67292608,0.87558796,-0.93518287,-0.81720065,0.94923645,-0.69091517,-0.94388892,-0.53509229,-0.92151508,-0.347053,0.52345721,-0.91840179,-0.55998864,-0.91840179,-0.99586847,-0.54337522,-0.93440556,16,"standing"
-0.13863353,-0.13535678,0.18820636,-0.15317241,-0.96443527,-0.18911281,0.29709058,0.29984174,0.29638496,0.92439282,0.86549005,0.76938063,-0.76709384,0.76474784,0.86494266,-0.95482769,-0.68372918,0.91323419,-0.76211792,-0.82876106,-0.94774369,-0.959085,0.054514828,0.94356955,-0.95529458,-0.83853351,-0.95529458,-0.99855468,-0.94277076,-0.99682683,16,"sitting"
-0.18328073,-0.1378272,0.19631377,-0.1644637,-0.95865647,-0.19230854,0.29709058,0.30314851,0.30139813,0.92439282,-0.17914034,0.74543849,-0.80927978,0.81391864,0.83330438,-0.98485643,-0.67434622,0.90385855,-0.8182617,-0.82484572,-0.76738766,-0.98522478,0.075984734,0.76287435,-0.98550276,-0.51757145,-0.98550276,-0.99974811,-0.77427093,-0.99132965,16,"sitting"
-0.18770862,-0.13877175,0.19777931,-0.16686885,-0.95729095,-0.19791693,0.30583801,0.31142491,0.3025425,0.92251957,0.14326254,0.74248682,-0.46444454,0.47436622,0.82932758,-0.99696955,-0.66628019,0.9026924,-0.48427382,-0.81503621,-0.27232459,-0.99580573,0.10238888,0.25901325,-0.99666369,-0.2105763,-0.99666369,-0.99996046,-0.29579756,-0.99670572,16,"sitting"
-0.19012817,-0.13877175,0.19842351,-0.16780563,-0.95675351,-0.19972779,0.31544096,0.31391332,0.30314031,0.92247948,0.037904918,0.73923829,-0.34429338,0.37106753,0.82825376,-0.99807798,-0.66355853,0.90140819,-0.39837322,-0.81203263,-0.15012063,-0.99689208,0.10911256,0.10356984,-0.99725028,-0.11323441,-0.99725028,-0.9999682,-0.11301026,-0.99749483,16,"sitting"
-0.19066085,-0.13876532,0.19841154,-0.16777447,-0.95677158,-0.20009312,0.31636591,0.31438717,0.30328922,0.92194738,0.193392,0.73837895,-0.42023482,0.46853022,0.82661284,-0.99820154,-0.66310459,0.90106827,-0.51756037,-0.81145429,-0.21137093,-0.99770012,0.10964048,0.22727971,-0.99678089,0.072723265,-0.99678089,-0.9999616,-0.29843669,-0.99818111,16,"sitting"
-0.18962731,-0.13881559,0.1983511,-0.16766307,-0.95683572,-0.20008502,0.31528365,0.31432767,0.30328922,0.92170289,0.34517753,0.73789506,-0.61187888,0.62171056,0.82741242,-0.99779103,-0.66315537,0.90087671,-0.63145275,-0.81152667,-0.38282562,-0.9973195,0.10881061,0.35669783,-0.99599685,0.052612816,-0.99599685,-0.99995106,-0.37178346,-0.99829241,16,"sitting"
-0.18680384,-0.13881559,0.19741994,-0.1663309,-0.95759719,-0.19865311,0.31250926,0.31240704,0.30310857,0.92170289,0.18403194,0.74132599,-0.4170872,0.41680601,0.82983877,-0.99630428,-0.66559018,0.90223295,-0.41630982,-0.81385947,-0.23796592,-0.9955255,0.10266884,0.18184791,-0.9962606,-0.24613386,-0.9962606,-0.99995495,-0.17525512,-0.99836976,16,"sitting"
-0.18656941,-0.1373029,0.19599555,-0.16425687,-0.95877745,-0.19768085,0.31250926,0.31106932,0.30140098,0.92260001,0.046915206,0.74389086,-0.30275067,0.30221437,0.82983877,-0.99648342,-0.66776957,0.90324727,-0.301634,-0.81548325,-0.3695772,-0.99583748,0.095412578,0.35588009,-0.99680953,-0.29167847,-0.99680953,-0.99996241,-0.38539796,-0.99719716,16,"sitting"
-0.18656941,-0.13642595,0.19588136,-0.16401098,-0.95891694,-0.19840651,0.31257054,0.31190046,0.30196087,0.92233911,-0.25452449,0.74099675,-0.47928999,0.48089988,0.82964958,-0.99363045,-0.6669252,0.90210338,-0.48229927,-0.81447686,-0.35311441,-0.99145578,0.094766062,0.32343244,-0.99427214,-0.60977192,-0.99427214,-0.99992535,-0.33686937,-0.99523999,16,"sitting"
-0.18666434,-0.13696287,0.19669206,-0.16519711,-0.95824612,-0.19846295,0.3125445,0.31199121,0.30260996,0.92233911,-0.027466755,0.74042817,-0.4478999,0.45537898,0.82783526,-0.99180358,-0.66631624,0.9018788,-0.46221111,-0.81436605,-0.24257171,-0.98828528,0.097797781,0.2003798,-0.99105628,-0.3890702,-0.99105628,-0.99986919,-0.20813783,-0.99356278,16,"sitting"
-0.18873442,-0.13990287,0.19771902,-0.16679241,-0.95733433,-0.19825405,0.31110433,0.31191202,0.30288103,0.92337795,0.077125852,0.74229594,-0.36860355,0.38351827,0.82948538,-0.98753302,-0.66589458,0.90261724,-0.39850033,-0.8144595,-0.31895981,-0.98463795,0.10333836,0.31007742,-0.98709936,-0.50161182,-0.98709936,-0.99978602,-0.34816875,-0.99543986,16,"sitting"
-0.18927359,-0.14000372,0.19866037,-0.16820291,-0.95652221,-0.19639258,0.30838309,0.30943133,0.30288103,0.9233882,-0.0071293306,0.74525003,-0.38784539,0.40783333,0.83012049,-0.98769049,-0.66760814,0.90378415,-0.4281142,-0.81743729,-0.34693099,-0.98573442,0.10278407,0.32414951,-0.98750237,-0.45148652,-0.98750237,-0.9997952,-0.34543932,-0.99675621,16,"sitting"
-0.18913362,-0.14000372,0.19832333,-0.16766174,-0.95683427,-0.19448133,0.30838309,0.30669681,0.29702848,0.92544747,0.15622194,0.74716633,-0.51177177,0.53069395,0.83012049,-0.99569512,-0.67024449,0.90454107,-0.5493759,-0.82072897,-0.29308932,-0.99409192,0.095463145,0.25286896,-0.99548489,-0.33699713,-0.99548489,-0.99994387,-0.2592375,-0.997388,16,"sitting"
-0.18799338,-0.13828823,0.19721647,-0.16601243,-0.9577822,-0.19457908,0.3086597,0.30675426,0.29597035,0.92544747,0.12660161,0.74700449,-0.40661637,0.42242612,0.83013518,-0.99698695,-0.67087319,0.90447719,-0.43783998,-0.82066104,0.17674356,-0.99575401,0.09101492,-0.22323419,-0.99620803,-0.15187749,-0.99620803,-0.99995418,0.19050956,-0.9971189,16,"sitting"
-0.18759852,-0.13682873,0.19657415,-0.16506988,-0.95831926,-0.19465521,0.30882047,0.30684366,0.29590921,0.92547003,-0.22436664,0.74721832,-0.089458642,0.13334527,0.83013518,-0.99272779,-0.67121031,0.9045616,-0.17757622,-0.82055459,-0.1956976,-0.99026787,0.088856516,0.2364519,-0.9912172,-0.26371261,-0.9912172,-0.99987185,-0.33599471,-0.99685275,16,"sitting"
-0.18729357,-0.13582145,0.19626072,-0.1645971,-0.95858714,-0.19444713,0.30784965,0.30652318,0.29590921,0.92596798,-0.12867594,0.74737602,0.035167667,0.023729371,0.83011398,-0.98811512,-0.67168369,0.90462386,-0.081365321,-0.8209357,-0.31461218,-0.98422355,0.086836005,0.33714959,-0.9867364,-0.37491876,-0.9867364,-0.99977757,-0.40867264,-0.99610781,16,"sitting"
-0.18729357,-0.13630916,0.19640466,-0.16477641,-0.95848544,-0.19315019,0.30437373,0.30467496,0.29518201,0.92596964,-0.11954282,0.74844462,-0.3986083,0.42380922,0.83173356,-0.98815392,-0.67322366,0.90504544,-0.44937974,-0.823125,-0.32207002,-0.98667689,0.083195038,0.30092105,-0.98810784,-0.44234484,-0.98810784,-0.99980867,-0.32527899,-0.9929881,16,"sitting"
-0.18677587,-0.13630916,0.19619078,-0.16447892,-0.95865308,-0.19157391,0.30378769,0.30253066,0.29387911,0.92604281,-0.075924709,0.7512375,-0.36627344,0.3705143,0.83248215,-0.99323962,-0.67535516,0.90614685,-0.37458409,-0.82565411,-0.34348893,-0.99186095,0.078775388,0.32383969,-0.99251363,-0.50357393,-0.99251363,-0.99989587,-0.34834132,-0.99469512,16,"sitting"
-0.18677587,-0.13515497,0.19576742,-0.16384901,-0.95900904,-0.19207377,0.30378769,0.30319179,0.29403227,0.92592409,0.10414765,0.75051261,-0.32995556,0.32881853,0.83248215,-0.9957924,-0.6750111,0.90586088,-0.3272573,-0.82487428,-0.063632423,-0.99452208,0.078281489,0.022593825,-0.99528681,-0.38720396,-0.99528681,-0.99994094,-0.043579535,-0.99480495,16,"sitting"
-0.18652335,-0.13484914,0.19570378,-0.16375652,-0.95906103,-0.19299698,0.30546752,0.30446424,0.29452218,0.92592409,-0.020394118,0.74921901,-0.41078854,0.41046883,0.83152813,-0.99482289,-0.67388888,0.90535094,-0.40972937,-0.82337761,-0.12424581,-0.99303823,0.080449816,0.099856158,-0.99389499,-0.19677159,-0.99389499,-0.99991927,-0.13435372,-0.99731225,16,"sitting"
-0.1863119,-0.13476122,0.19549993,-0.16350106,-0.95920449,-0.19452728,0.30612776,0.30665733,0.29940607,0.92480784,-0.026316477,0.74812747,-0.44913417,0.45405411,0.83152813,-0.99318916,-0.67209155,0.90492005,-0.45882332,-0.82076235,-0.11872166,-0.99055784,0.084787607,0.10788577,-0.99208758,-0.19339034,-0.99208758,-0.99988831,-0.15722324,-0.99839645,16,"sitting"
-0.18627549,-0.13435206,0.19539397,-0.16332927,-0.95930086,-0.19605901,0.308565,0.30872974,0.29940607,0.92477108,-0.19212446,0.74552856,-0.40928832,0.42277096,0.83055986,-0.97780358,-0.67022328,0.90389441,-0.43622653,-0.81829579,0.21587639,-0.97364074,0.087886458,-0.19063402,-0.97695137,-0.2277486,-0.97695137,-0.99950192,0.080853211,-0.97157821,16,"sitting"
-0.081794579,-0.13142963,0.13579619,-0.076497826,-0.99204952,-0.038731905,0.037540569,0.087349148,0.12271836,0.97721476,-0.46036761,0.95331987,-0.93008266,0.94018619,0.94489531,-0.87770504,-0.9054687,0.98344279,-0.95006974,-0.98429241,-0.96482611,-0.89716754,-0.58649206,0.9671656,-0.877892,-0.91603821,-0.877892,-0.99137512,-0.97210952,-0.92860866,16,"sitting"
-0.081794579,-0.051123649,0.1314381,-0.069468766,-0.99479187,-0.065379285,0.096370835,0.12434939,0.12292645,0.97721476,0.030234891,0.8965292,-0.8715858,0.87328415,0.90146128,-0.97331049,-0.87621085,0.96228,-0.87464168,-0.97193163,-0.71881551,-0.97206816,-0.54740779,0.69767387,-0.97144462,-0.75438137,-0.97144462,-0.99930479,-0.69470271,-0.90932606,16,"sitting"
-0.097354476,-0.052977245,0.13729872,-0.078180972,-0.99301981,-0.06942202,0.12829609,0.13040845,0.12931568,0.97851951,-0.29202877,0.90195721,-0.44104973,0.45039398,0.89128948,-0.98466252,-0.86749072,0.96433991,-0.45985855,-0.96917682,-0.30874848,-0.97900487,-0.50359748,0.28588759,-0.98106208,-0.50545263,-0.98106208,-0.99962921,-0.30987589,-0.94474385,16,"sitting"
-0.10452017,-0.053797843,0.13911807,-0.080916283,-0.99238281,-0.074021167,0.12831815,0.13710345,0.13380511,0.98308578,-0.3685868,0.90275363,-0.43065472,0.46346085,0.89128948,-0.97852599,-0.86055535,0.96464246,-0.49652477,-0.96572761,-0.33468739,-0.97815964,-0.47769813,0.34919651,-0.97756576,-0.54839721,-0.97756576,-0.99952203,-0.41084736,-0.96694069,16,"sitting"
-0.10182457,-0.053797843,0.13864723,-0.080216383,-0.99254697,-0.077740335,0.14221664,0.14237563,0.13380511,0.98308578,-0.26863054,0.89978343,-0.37505954,0.421815,0.88947642,-0.98985892,-0.85615669,0.96351905,-0.46905226,-0.96301226,-0.47699913,-0.98590395,-0.4676714,0.46665007,-0.98834523,-0.70008377,-0.98834523,-0.99981383,-0.49222552,-0.99137307,16,"sitting"
-0.10052285,-0.053233157,0.13658155,-0.077174305,-0.99325622,-0.078599948,0.14369098,0.14356286,0.13794205,0.98192436,-0.064189684,0.89887712,-0.088956349,0.15332045,0.8887885,-0.99182173,-0.85629708,0.96317591,-0.21909742,-0.96236085,-0.37285884,-0.98923271,-0.47342001,0.32428648,-0.99083619,-0.32600644,-0.99083619,-0.9998649,-0.31625832,-0.99618859,16,"sitting"
-0.10052285,-0.050195736,0.13607134,-0.076406615,-0.99343586,-0.080741793,0.14462835,0.14655951,0.13863672,0.98142324,-0.075496168,0.89621805,-0.17534595,0.19281642,0.88871169,-0.99156679,-0.85384179,0.96216866,-0.2105779,-0.96070917,-0.15923733,-0.98984041,-0.46943439,0.091017004,-0.99069856,-0.33136374,-0.99069856,-0.99986228,-0.076631226,-0.99809417,16,"sitting"
-0.10160148,-0.051392028,0.13716114,-0.078006599,-0.99307173,-0.081063753,0.14834033,0.14702638,0.13863672,0.98142324,-0.17536326,0.89589352,-0.50526182,0.52300926,0.88809778,-0.99498096,-0.85280422,0.96204579,-0.54071695,-0.96045387,-0.10595403,-0.99288114,-0.46407821,0.075957016,-0.99400897,-0.25567207,-0.99400897,-0.99992094,-0.10652841,-0.99166618,16,"sitting"
-0.10355714,-0.052961847,0.13819207,-0.079546614,-0.99271049,-0.079625145,0.14462532,0.14505026,0.13626386,0.98205728,-0.31491993,0.89844333,-0.40258653,0.43148963,0.88857868,-0.99121833,-0.85403678,0.96301169,-0.46062322,-0.96154962,-0.35681582,-0.98958498,-0.46331906,0.37258001,-0.98985213,-0.17584629,-0.98985213,-0.99984488,-0.4343085,-0.99719771,16,"sitting"
-0.10349956,-0.052961847,0.1384803,-0.079959682,-0.99261256,-0.07930943,0.14462532,0.14458053,0.13867145,0.98185302,-0.28343556,0.89800407,-0.25768809,0.27791003,0.88857868,-0.98840459,-0.85426571,0.96284527,-0.29834872,-0.9618048,-0.37062906,-0.98469398,-0.46377251,0.35086377,-0.98745681,-0.020666306,-0.98745681,-0.99979388,-0.37368088,-0.99661526,16,"sitting"
-0.1033821,-0.052859307,0.13786079,-0.079035549,-0.99283148,-0.08093846,0.14464483,0.14685829,0.13931054,0.98177155,-0.43008035,0.8960236,-0.34211409,0.35980922,0.88834855,-0.99287544,-0.85255684,0.96209514,-0.37769445,-0.96053868,0.195556,-0.9901833,-0.4616382,-0.30627988,-0.99178013,0.18007036,-0.99178013,-0.9998827,0.34114885,-0.99746098,16,"sitting"
-0.1033821,-0.05344637,0.13836214,-0.079789048,-0.99265133,-0.081238735,0.14808512,0.14732927,0.13931054,0.98177155,-0.4344635,0.89682813,-0.45409411,0.47233527,0.88812913,-0.9925052,-0.85187765,0.96239991,-0.49054299,-0.96028254,0.10688297,-0.9899713,-0.45774746,-0.20374476,-0.99206675,-0.44888189,-0.99206675,-0.9998879,0.23000203,-0.99782739,16,"sitting"
-0.10525355,-0.05458768,0.1395128,-0.081500416,-0.99224077,-0.082217139,0.14808512,0.14877825,0.14311788,0.98208461,-0.34717808,0.89728165,-0.30813289,0.34260281,0.88812913,-0.99228079,-0.84994433,0.96257176,-0.377242,-0.95945243,-0.25788477,-0.99179787,-0.44889779,0.21457412,-0.99226254,-0.50064827,-0.99226254,-0.99989137,-0.22011182,-0.99728234,16,"sitting"
-0.10675176,-0.056380805,0.14031564,-0.082694594,-0.99194526,-0.084451767,0.15037116,0.15199525,0.14380531,0.98208461,-0.31128086,0.89641588,-0.35818547,0.38239667,0.88773021,-0.99538666,-0.84661683,0.96224383,-0.40625266,-0.95762414,-0.28703014,-0.99367215,-0.4376894,0.26078836,-0.99496452,-0.46494362,-0.99496452,-0.99993605,-0.28263994,-0.99636831,16,"sitting"
-0.10789163,-0.056847749,0.14126579,-0.084084838,-0.99159508,-0.086012544,0.15447865,0.15420863,0.14631803,0.9804704,-0.13189279,0.89478838,-0.35281689,0.35853642,0.88756408,-0.99511448,-0.84405866,0.96162692,-0.3641143,-0.95633067,-0.32815185,-0.99385423,-0.42918603,0.31837458,-0.99392258,-0.30376738,-0.99392258,-0.99991974,-0.35491017,-0.99881016,16,"sitting"
-0.10842355,-0.056847749,0.14153485,-0.084450646,-0.99150246,-0.086356105,0.15421272,0.15463292,0.14631803,0.98046401,0.74304973,0.892809,-0.31200964,0.41064756,0.88722657,-0.93883876,-0.84345925,0.96087662,-0.51113594,-0.95608153,-0.27579409,-0.93146747,-0.42850169,0.35277667,-0.93187563,-0.53607938,-0.93187563,-0.99700825,-0.48467644,-0.9920595,16,"sitting"
-0.49387412,-0.53962153,0.44558156,-0.4962135,-0.55789023,-0.75000181,0.850255,0.88951599,0.88142669,-0.27274499,-0.69743356,-0.96972255,-0.97692688,0.98176889,-0.27382536,-0.92918524,0.46280117,-0.29477177,-0.98630187,0.54537678,-0.97511699,-0.92426527,0.23881076,0.97343819,-0.92419741,-0.95275715,-0.92419741,-0.99638233,-0.97338303,-0.97761254,16,"laying"
-0.4876541,-0.45325461,0.43417596,-0.48139563,-0.58585022,-0.762944,0.89538475,0.89742842,0.88773704,-0.27849328,-0.79618178,-0.97310555,-0.89723571,0.89725612,-0.35757006,-0.95902832,0.46935836,-0.30399227,-0.89691525,0.5729296,-0.87688263,-0.96850041,0.2019832,0.86949224,-0.96188026,-0.45861985,-0.96188026,-0.99889203,-0.87016644,-0.97658804,16,"laying"
-0.48248029,-0.45160927,0.42861576,-0.4741974,-0.59860541,-0.77155037,0.89771689,0.90279964,0.89071935,-0.30028318,-0.35756,-0.97921406,-0.88575076,0.89106144,-0.36339513,-0.98341036,0.48456593,-0.32504524,-0.89615724,0.5919253,-0.71960317,-0.98346568,0.15630427,0.69939067,-0.98335383,-0.31605427,-0.98335383,-0.99969304,-0.69746025,-0.994536,16,"laying"
-0.47848052,-0.43895109,0.42377574,-0.46767249,-0.61004399,-0.77921502,0.90618246,0.9070004,0.89451406,-0.31257618,-0.18344155,-0.98496029,-0.76114947,0.76467111,-0.39602214,-0.98147179,0.50048788,-0.34716745,-0.76804283,0.60685799,-0.25694267,-0.9826776,0.10727017,0.2428617,-0.98361214,-0.21754965,-0.98361214,-0.99969992,-0.27998225,-0.99583396,16,"laying"
-0.4771378,-0.43374242,0.42088897,-0.46398317,-0.61642574,-0.78354817,0.90922161,0.90972514,0.8950791,-0.31512859,-0.74584438,-0.98784155,-0.83816163,0.84039013,-0.41818252,-0.98296066,0.50955678,-0.35971485,-0.84233168,0.61658165,-0.51844673,-0.98302117,0.080404227,0.47893186,-0.98508325,-0.090309163,-0.98508325,-0.99973773,-0.47028244,-0.98813537,16,"laying"
-0.4771378,-0.43493746,0.4217875,-0.46498219,-0.61469766,-0.78257225,0.90854446,0.90881351,0.8950791,-0.31512859,-0.8493382,-0.9877426,-0.74854712,0.74872874,-0.42217343,-0.97569283,0.50918784,-0.35924197,-0.74849461,0.61332717,-0.58279881,-0.97835155,0.081590578,0.54522212,-0.97784005,0.094567626,-0.97784005,-0.99953088,-0.53402239,-0.98209593,16,"laying"
-0.47459033,-0.43493746,0.42185917,-0.46518785,-0.61433899,-0.7827974,0.90854446,0.90918737,0.89745781,-0.32841419,-0.53087754,-0.98829918,-0.70748726,0.70519784,-0.42217343,-0.97712311,0.51128056,-0.3621079,-0.70262152,0.61466809,-0.57557139,-0.98254988,0.07763704,0.53476211,-0.97961975,-0.15094132,-0.97961975,-0.99958649,-0.52080923,-0.99151869,16,"laying"
-0.47408569,-0.43370912,0.41909134,-0.46172152,-0.62029996,-0.78661663,0.91035753,0.9117183,0.8975946,-0.32981288,-0.82564493,-0.99028812,-0.74094546,0.7388999,-0.4268048,-0.97038323,0.51847113,-0.37204619,-0.73654267,0.62372003,-0.64929523,-0.97362931,0.055875898,0.61658201,-0.97293652,-0.34597486,-0.97293652,-0.99936143,-0.60615454,-0.98594506,16,"laying"
-0.47408569,-0.43338519,0.42063197,-0.46317446,-0.61780294,-0.78472573,0.90828155,0.909491,0.8975946,-0.32981288,-0.87960713,-0.98968052,-0.65079141,0.64851897,-0.42819738,-0.96576131,0.51614436,-0.36894623,-0.64585454,0.61575823,-0.51720317,-0.97098692,0.059831067,0.4715447,-0.96848559,-0.1689786,-0.96848559,-0.99918701,-0.45632671,-0.98172739,16,"laying"
-0.47373934,-0.43338519,0.42068764,-0.46291827,-0.61824059,-0.78493715,0.90828155,0.90895987,0.89595547,-0.33587356,-0.84991538,-0.99019356,-0.69551041,0.69373613,-0.42819738,-0.96793021,0.51818955,-0.37185021,-0.69156299,0.61385337,-0.4136682,-0.97032729,0.052131914,0.3577119,-0.96902236,-0.13240145,-0.96902236,-0.9992089,-0.33861494,-0.98426168,16,"laying"
-0.47373934,-0.43424286,0.41992483,-0.46216409,-0.6195356,-0.78610254,0.9099253,0.91013194,0.89595547,-0.33587356,-0.80882669,-0.99098482,-0.64042429,0.63694209,-0.42962826,-0.9738931,0.52117678,-0.37593094,-0.6331271,0.6180384,-0.3100589,-0.97630425,0.04536874,0.24102169,-0.97671078,-0.31515026,-0.97671078,-0.99949401,-0.21538186,-0.98446915,16,"laying"
-0.47498837,-0.43426417,0.42160641,-0.46487166,-0.61488974,-0.78369022,0.9099253,0.90976351,0.89678316,-0.33308406,-0.8476181,-0.98960364,-0.7651238,0.76328521,-0.42929288,-0.97890272,0.515896,-0.36849413,-0.76112543,0.61672055,-0.47980216,-0.97959651,0.066037518,0.42815205,-0.98053892,-0.46751324,-0.98053892,-0.99961401,-0.40931032,-0.98442701,16,"laying"
-0.47642184,-0.43426417,0.42066869,-0.46411773,-0.61618927,-0.78477379,0.91015294,0.91134172,0.89746982,-0.32753333,-0.91156235,-0.98983207,-0.58938416,0.58597908,-0.42929288,-0.97231233,0.51679177,-0.36963034,-0.58221141,0.62237125,-0.35027419,-0.97195167,0.066022367,0.28584722,-0.97395483,-0.46213089,-0.97395483,-0.99939862,-0.26230569,-0.98373378,16,"laying"
-0.47642184,-0.4389071,0.42292376,-0.46701542,-0.61115867,-0.78200157,0.90832202,0.90963466,0.89746982,-0.32753333,-0.93360885,-0.98887032,-0.73963496,0.73830567,-0.42284113,-0.96827093,0.51342652,-0.36496198,-0.73657763,0.61627229,-0.56290984,-0.97178754,0.078306935,0.52055209,-0.97045184,-0.35899621,-0.97045184,-0.99926631,-0.5056938,-0.98370018,16,"laying"
-0.47602743,-0.4389071,0.42365129,-0.46783806,-0.60973863,-0.78142304,0.90832202,0.90905865,0.89699857,-0.3374892,-0.84294922,-0.98916857,-0.66030747,0.65684905,-0.42284113,-0.96441709,0.51467448,-0.36671588,-0.65306247,0.61420903,-0.12982579,-0.97414182,0.075629174,0.042417698,-0.96833903,-0.37324327,-0.96833903,-0.99918092,-0.0097026956,-0.98271977,16,"laying"
-0.47602504,-0.43659226,0.42086814,-0.46421201,-0.61602266,-0.78533768,0.90987805,0.91137197,0.89699857,-0.33753758,-0.82977602,-0.99137414,-0.6669119,0.66349128,-0.42985627,-0.97202236,0.52285692,-0.37807119,-0.65976202,0.62247852,-0.33542783,-0.97340375,0.050127975,0.26861993,-0.97264917,-0.40258062,-0.97264917,-0.99935075,-0.24369832,-0.9848652,16,"laying"
-0.47602504,-0.43523148,0.42216797,-0.46575509,-0.61336268,-0.78366949,0.91028256,0.91009082,0.89699757,-0.33753758,-0.84183146,-0.99071618,-0.67755151,0.67527507,-0.43440948,-0.97099506,0.52019746,-0.37441149,-0.67264289,0.6178928,-0.45644665,-0.97505871,0.057932441,0.40314628,-0.97386897,-0.24949805,-0.97386897,-0.9993955,-0.38407544,-0.98307699,16,"laying"
-0.47887973,-0.43680006,0.42295601,-0.46672025,-0.61170017,-0.78261029,0.91028256,0.9093438,0.89445923,-0.32941886,-0.89768304,-0.99024031,-0.59061383,0.58776003,-0.43201354,-0.96990894,0.51825246,-0.37172624,-0.58449232,0.61521665,-0.51979673,-0.97370379,0.063720948,0.47336995,-0.97290805,-0.29912691,-0.97290805,-0.9993604,-0.45714509,-0.97955626,16,"laying"
-0.47887973,-0.43941853,0.42469801,-0.46894415,-0.60782457,-0.78031063,0.90702075,0.90789878,0.89445923,-0.32941886,-0.93045335,-0.9891597,-0.57020727,0.56692126,-0.4245942,-0.97275427,0.51440925,-0.36640263,-0.56322212,0.6100641,-0.6568409,-0.97916387,0.076135966,0.6245869,-0.97515934,-0.31875262,-0.97515934,-0.9994411,-0.61395519,-0.97914843,16,"laying"
-0.25733133,-0.48221082,0.41181423,-0.4567386,-0.61820719,-0.78599433,0.89629086,0.92034711,0.94400883,-0.30443231,0.90851623,-0.97072555,-0.97620573,0.98171788,-0.18218078,-0.68323914,0.47122602,-0.30509044,-0.98693193,0.65607541,-0.95822576,-0.65665392,0.19415286,0.9531471,-0.64754986,-0.92276442,-0.64754986,-0.93491895,-0.95064879,-0.88454336,16,"laying"
-0.48074233,-0.48221082,0.43511285,-0.48370186,-0.58106763,-0.7623036,0.89629086,0.89915552,0.8946475,-0.30278374,0.68203235,-0.97332079,-0.88595468,0.88803757,-0.35321426,-0.91706092,0.47088765,-0.30569488,-0.88982442,0.57903057,-0.92315861,-0.92629548,0.20958696,0.92154841,-0.9154959,-0.81358791,-0.9154959,-0.99560396,-0.92515572,-0.93445119,16,"laying"
-0.47799195,-0.43989025,0.42360935,-0.46819172,-0.60914644,-0.77212364,0.89866006,0.90388159,0.89465594,-0.26795352,-0.48395576,-0.96993884,-0.66102343,0.65766481,-0.35321426,-0.97357763,0.46218963,-0.29402624,-0.65403171,0.59577868,-0.84035072,-0.96515915,0.20253388,0.83451098,-0.97140529,-0.41739786,-0.97140529,-0.99930366,-0.83931522,-0.93125163,16,"laying"
-0.47294692,-0.43729059,0.41954325,-0.46374691,-0.61678488,-0.7784568,0.90589189,0.90948489,0.89672947,-0.27286379,-0.83128638,-0.97442068,-0.78980448,0.78823529,-0.3565523,-0.95863116,0.47261459,-0.30813549,-0.78631893,0.61573565,-0.65844545,-0.95537878,0.17830466,0.62817032,-0.95917864,-0.43602314,-0.95917864,-0.99875893,-0.6195812,-0.96593088,16,"laying"
-0.47294692,-0.42929638,0.4172485,-0.46044097,-0.62249411,-0.77988318,0.90887536,0.90964966,0.89672947,-0.27286379,-0.68435566,-0.97253188,-0.80293526,0.80215224,-0.35313226,-0.94985352,0.46832636,-0.30234869,-0.80099176,0.61631935,-0.63655869,-0.95121548,0.18089496,0.60751342,-0.95101011,-0.41463797,-0.95101011,-0.99831251,-0.60169043,-0.98083366,16,"laying"
-0.46743711,-0.42929638,0.41652456,-0.45966797,-0.62379818,-0.7789596,0.90887536,0.90937376,0.89829806,-0.25382681,-0.50074853,-0.9692677,-0.76548611,0.76482357,-0.35313226,-0.97097368,0.46078066,-0.29186658,-0.76381948,0.61533344,-0.64094063,-0.96918797,0.19821501,0.62099323,-0.97137871,-0.51537089,-0.97137871,-0.99930264,-0.6247886,-0.98006588,16,"laying"
-0.46528455,-0.42845542,0.41177924,-0.45388121,-0.63358001,-0.7841657,0.91016642,0.9133274,0.89927285,-0.25303633,-0.49355876,-0.97010488,-0.74384034,0.74386286,-0.35469047,-0.9626341,0.46266328,-0.29433949,-0.74356053,0.62949841,-0.65571494,-0.96809119,0.18830955,0.64167486,-0.96489374,-0.48759019,-0.96489374,-0.99903195,-0.65076079,-0.9868055,16,"laying"
-0.46164319,-0.41847467,0.40813957,-0.44927303,-0.64131731,-0.78751732,0.91686901,0.91561188,0.90011647,-0.25278547,-0.26742526,-0.96946381,-0.65892176,0.65809224,-0.3569492,-0.99062661,0.46128035,-0.29239433,-0.65699348,0.63769873,-0.50867628,-0.98860582,0.18564021,0.47423362,-0.99184615,-0.5524872,-0.99184615,-0.99988393,-0.47173429,-0.9943174,16,"laying"
-0.46034742,-0.41637958,0.40652528,-0.44681724,-0.64538996,-0.78937939,0.91733126,0.91598826,0.90023383,-0.2509918,-0.66791,-0.96999619,-0.62066578,0.61987063,-0.3569492,-0.98955452,0.46232368,-0.29399282,-0.61872861,0.63905386,-0.35203716,-0.98764456,0.17690315,0.29310689,-0.99018611,-0.10125345,-0.99018611,-0.99985214,-0.27531464,-0.99037134,16,"laying"
-0.46034742,-0.42276805,0.40798656,-0.44857812,-0.64245067,-0.78743256,0.91232535,0.91450842,0.90023383,-0.2509918,-0.42969739,-0.96901252,-0.77089669,0.77211406,-0.34302885,-0.97333137,0.4602394,-0.29116809,-0.77309416,0.63373688,-0.51241384,-0.97636566,0.18316258,0.46924311,-0.9745566,-0.31843065,-0.9745566,-0.99942007,-0.45726935,-0.9782444,16,"laying"
-0.46310011,-0.42488182,0.411474,-0.4535282,-0.63418462,-0.78194901,0.91195514,0.91200237,0.8987857,-0.24632017,-0.58371298,-0.96490615,-0.71485017,0.71470386,-0.33833175,-0.92969972,0.45184026,-0.27937681,-0.7142738,0.62473808,-0.14629401,-0.93266451,0.21258269,0.074426603,-0.92491215,-0.43885448,-0.92491215,-0.99644379,-0.057179579,-0.96770508,16,"laying"
-0.44912731,-0.42488182,0.40730055,-0.44761002,-0.64393906,-0.78746699,0.91195514,0.91435295,0.90512351,-0.26686285,-0.41704972,-0.96753951,-0.83117242,0.8333127,-0.33833175,-0.93635806,0.45742329,-0.28731896,-0.83517615,0.63319684,-0.23646185,-0.93901774,0.18751979,0.17229106,-0.9302877,-0.50126521,-0.9302877,-0.99688362,-0.15707928,-0.94901889,16,"laying"
-0.44821453,-0.41447245,0.39933602,-0.43666842,-0.66194592,-0.79873226,0.91659803,0.91989603,0.90651697,-0.26871157,-0.79881298,-0.97424511,-0.90195236,0.90540675,-0.35463198,-0.95580118,0.47184783,-0.30749042,-0.9085751,0.65317019,-0.7771627,-0.96174224,0.13382965,0.76033419,-0.95839093,-0.56518655,-0.95839093,-0.99871877,-0.75795297,-0.96672162,16,"laying"
-0.44821453,-0.40379138,0.39782341,-0.43491963,-0.66479732,-0.80076767,0.92243252,0.92158804,0.90651697,-0.26871157,-0.50325162,-0.97528264,-0.80331125,0.8077877,-0.37516951,-0.98742847,0.47422765,-0.31069161,-0.8118964,0.65928113,-0.67024309,-0.9853649,0.12744606,0.64787859,-0.98809572,-0.35084074,-0.98809572,-0.99980837,-0.64674865,-0.99519768,16,"laying"
-0.44512582,-0.40379138,0.39692023,-0.43399283,-0.66627798,-0.8017968,0.92243252,0.92274649,0.90958212,-0.27250716,-0.0053362522,-0.97547728,-0.62323968,0.62502123,-0.37516951,-0.98890311,0.47478079,-0.31135947,-0.6266493,0.66348705,-0.35552301,-0.9836367,0.12674045,0.29879469,-0.98857322,-0.28929932,-0.98857322,-0.99981882,-0.28326903,-0.99546663,16,"laying"
-0.44364548,-0.40157054,0.39389844,-0.43005055,-0.67257952,-0.80611688,0.92489178,0.92529236,0.91040768,-0.27790997,-0.85843949,-0.97794229,-0.80367499,0.80527344,-0.37878972,-0.96748459,0.48088738,-0.31980573,-0.80653484,0.67273016,-0.64256028,-0.97079386,0.10659582,0.61319431,-0.96854519,-0.2039452,-0.96854519,-0.99918949,-0.60674703,-0.98102802,16,"laying"
0.079547819,0.097010414,0.021538038,0.090691271,-0.97687598,0.12432667,-0.16674391,-0.14563676,-0.1276336,0.95998584,0.069998137,0.85154987,-0.53317644,0.59288457,0.8739791,-0.61168486,-0.81876262,0.94514254,-0.6506088,-0.95419747,-0.58380931,-0.48891236,-0.33761823,0.57614705,-0.52718534,-0.58282875,-0.52718534,-0.88453475,-0.59643831,-0.78292532,16,"walking"
0.05913291,0.097010414,0.02992052,0.078784472,-0.98185435,0.13440357,-0.16674391,-0.16026314,-0.14658726,0.96299119,0.095817834,0.85780225,-0.37289812,0.44642866,0.87716983,-0.59939333,-0.81374353,0.94753697,-0.51542816,-0.94546231,-0.58216419,-0.45394942,-0.32626544,0.59476958,-0.47012497,-0.41621808,-0.47012497,-0.85565616,-0.63650044,-0.6560431,16,"walking"
0.074850951,0.099711385,0.025924595,0.084649523,-0.97949424,0.1400003,-0.18178095,-0.16824225,-0.16773253,0.95340361,0.081277139,0.85281718,-0.44595787,0.51759653,0.87716983,-0.5858585,-0.80400585,0.94562179,-0.58690244,-0.94008594,-0.51226941,-0.44621083,-0.29270025,0.51890289,-0.43397174,-0.35635719,-0.43397174,-0.83566371,-0.55930163,-0.75574549,16,"walking"
0.077922509,0.10810813,0.01618824,0.098545125,-0.97362104,0.15243695,-0.19972857,-0.18532126,-0.16867816,0.9481134,0.11790869,0.82760911,-0.45754859,0.53110021,0.8728278,-0.57932963,-0.78165747,0.93592126,-0.60227501,-0.92754482,-0.40382087,-0.45797708,-0.22798237,0.41331061,-0.45859435,-0.46640243,-0.45859435,-0.84941806,-0.46399585,-0.66886817,16,"walking"
0.077922509,0.11655125,0.013633361,0.10214628,-0.97208693,0.16039138,-0.20099218,-0.19629357,-0.19228213,0.9481134,0.10133166,0.81513003,-0.42437517,0.50603967,0.85971659,-0.59835452,-0.7701695,0.93110966,-0.58311468,-0.9193107,-0.35169594,-0.42277604,-0.19813664,0.35241327,-0.48252811,-0.45304481,-0.48252811,-0.8622083,-0.39663797,-0.58724654,16,"walking"
0.073607576,0.10688548,0.020656427,0.091868964,-0.9765704,0.15631572,-0.20099218,-0.19040732,-0.18973784,0.95041524,0.21193375,0.82001882,-0.34324073,0.42652294,0.86107303,-0.57967289,-0.78035205,0.93300165,-0.50365166,-0.92391101,-0.39901573,-0.44891788,-0.23813617,0.40345674,-0.47476437,-0.41999527,-0.47476437,-0.85807223,-0.44863054,-0.7080109,16,"walking"
0.062009341,0.10688548,0.024051495,0.086981997,-0.97868826,0.15054209,-0.18612648,-0.18238214,-0.18104169,0.95306927,0.2809282,0.82852726,-0.33105203,0.40341857,0.86839688,-0.58353614,-0.78986127,0.93628671,-0.4697969,-0.93007407,-0.33784521,-0.45533929,-0.26653416,0.3416599,-0.46052462,-0.39318863,-0.46052462,-0.85046258,-0.38968448,-0.68567101,16,"walking"
0.06351902,0.10842187,0.023261561,0.088411654,-0.97810682,0.14295323,-0.18185128,-0.17221667,-0.16794046,0.95606184,0.14705447,0.84485831,-0.60794766,0.67396775,0.87971778,-0.57505999,-0.79843995,0.94256587,-0.73889053,-0.93731716,-0.24958763,-0.45722278,-0.27774018,0.23449024,-0.47325017,-0.41101055,-0.47325017,-0.85730089,-0.26814389,-0.65761015,16,"walking"
0.06351902,0.1075262,0.024912805,0.086442923,-0.97890535,0.13758669,-0.17041745,-0.16536436,-0.16794046,0.96153295,0.095535663,0.86579662,-0.51740961,0.58692554,0.88346967,-0.59833619,-0.80611674,0.95058572,-0.65501865,-0.94215707,-0.19030056,-0.46868668,-0.28597467,0.16869221,-0.45948053,-0.40990739,-0.45948053,-0.84988301,-0.19836784,-0.64493825,16,"walking"
0.058910612,0.10409749,0.026578065,0.084024911,-0.97987819,0.13832905,-0.1668669,-0.16643557,-0.16821835,0.96548952,0.11646703,0.86652121,-0.36911205,0.44027523,0.88346967,-0.60821227,-0.80650672,0.9508667,-0.50771706,-0.94144287,-0.32161435,-0.51523492,-0.28913839,0.31322901,-0.49363969,-0.36009816,-0.49363969,-0.86783374,-0.34911688,-0.63192456,16,"walking"
0.057541792,0.099997481,0.028761876,0.080626195,-0.98118606,0.13802044,-0.1668669,-0.16563427,-0.16951597,0.96548952,0.076667682,0.86001777,-0.27362155,0.35045333,0.87719051,-0.63004891,-0.80851719,0.94838632,-0.42063003,-0.94198875,-0.33712181,-0.5427374,-0.30527873,0.3340201,-0.51484651,-0.24634097,-0.51484651,-0.87846011,-0.37479632,-0.65012454,16,"walking"
0.063871193,0.099997481,0.026457872,0.083997675,-0.97981823,0.14096932,-0.17717632,-0.16982151,-0.16951597,0.9624094,0.17193905,0.85676191,-0.34706662,0.42702813,0.87719051,-0.61764319,-0.80324095,0.94713817,-0.50145719,-0.93905525,-0.33071531,-0.50176623,-0.2873346,0.32495193,-0.50018133,-0.34593287,-0.50018133,-0.87127421,-0.3637658,-0.66569818,16,"walking"
0.087016736,0.11102345,0.015693797,0.099385192,-0.97314573,0.1304445,-0.17056018,-0.15456663,-0.14521329,0.95941855,0.014750269,0.8504029,-0.48921958,0.55382798,0.87424026,-0.64671706,-0.80677394,0.94470211,-0.6159176,-0.94895679,-0.40458336,-0.54847478,-0.29099455,0.38320231,-0.55113493,-0.60370168,-0.55113493,-0.89570041,-0.40127497,-0.70320543,16,"walking"
0.067248547,0.11102345,0.021455844,0.090970964,-0.97703176,0.13545041,-0.17056018,-0.16155079,-0.148934,0.96029239,0.070801597,0.84809967,-0.4138292,0.48500087,0.87407298,-0.61455856,-0.80589429,0.94381873,-0.55223356,-0.9445423,-0.36794543,-0.48719037,-0.29688088,0.37735186,-0.48421406,-0.43507336,-0.48421406,-0.86307894,-0.43017114,-0.71416194,16,"walking"
0.067248547,0.10586905,0.023212485,0.088589424,-0.97799763,0.12858272,-0.16920499,-0.1521175,-0.14629191,0.96029239,0.10001019,0.86059698,-0.46708431,0.541271,0.88360742,-0.6004691,-0.81531429,0.94859676,-0.61316344,-0.95056701,-0.32394137,-0.49218464,-0.31936678,0.32003342,-0.49642003,-0.4589326,-0.49642003,-0.86936037,-0.36102583,-0.69881984,16,"walking"
0.062778396,0.10586905,0.024214128,0.087436905,-0.97849415,0.12545291,-0.15365913,-0.14813645,-0.14629191,0.96651267,0.20998822,0.87437784,-0.41346277,0.48425223,0.88360742,-0.59069094,-0.81975559,0.95386712,-0.55188186,-0.95319408,-0.26245429,-0.42712421,-0.32299963,0.25308031,-0.46255381,-0.51715496,-0.46255381,-0.85157036,-0.29223759,-0.7178155,16,"walking"
0.067481597,0.11305955,0.021431497,0.091634203,-0.97676145,0.12901199,-0.15679657,-0.15338334,-0.15496845,0.97055494,0.11952372,0.87471612,-0.24748924,0.32279083,0.88176972,-0.58498813,-0.81333133,0.95399799,-0.39146433,-0.94997856,-0.22008509,-0.41865108,-0.29732965,0.21213144,-0.42919533,-0.29462463,-0.42919533,-0.83294486,-0.25477692,-0.67000298,16,"walking"
0.067481597,0.10418683,0.021466762,0.091407737,-0.97682297,0.12917252,-0.15679657,-0.15335706,-0.15535689,0.96658351,0.058787498,0.86863481,-0.34293071,0.42483995,0.88150363,-0.56807114,-0.81317669,0.95167731,-0.50197134,-0.94999128,-0.4117956,-0.38620128,-0.30247742,0.40709157,-0.40954464,-0.25914659,-0.40954464,-0.82142057,-0.44167841,-0.64254708,16,"walking"
0.065951767,0.10418683,0.025772453,0.085047381,-0.97940796,0.12873715,-0.1575898,-0.1526148,-0.15527836,0.96658351,0.071123414,0.86846335,-0.34022616,0.42209821,0.88058317,-0.60041342,-0.81723368,0.95161236,-0.4989218,-0.95044636,-0.45280816,-0.47334435,-0.32185795,0.45151231,-0.45909914,-0.42206945,-0.45909914,-0.84970054,-0.48703878,-0.57997234,16,"walking"
0.069045446,0.10418898,0.025334998,0.085849771,-0.97909596,0.1329257,-0.16377732,-0.15880257,-0.15527836,0.96622422,0.12660167,0.87076268,-0.44633628,0.51225709,0.88151129,-0.6223966,-0.81196852,0.95248927,-0.57504246,-0.9464542,-0.38977365,-0.48047711,-0.30145858,0.38975081,-0.49683998,-0.36458181,-0.49683998,-0.86955279,-0.43053283,-0.64648042,16,"walking"
0.076179697,0.11224382,0.018116835,0.096454399,-0.97462136,0.14101947,-0.1815555,-0.1703715,-0.16823812,0.95676771,0.1792827,0.86204946,-0.56274739,0.62273621,0.88151129,-0.6237695,-0.7966757,0.94915485,-0.68167277,-0.93862038,-0.3038852,-0.47708876,-0.24815938,0.30651419,-0.50338346,-0.50805997,-0.50338346,-0.87288545,-0.35547406,-0.67696718,16,"walking"
0.076179697,0.1200438,0.015026583,0.1005566,-0.97283575,0.14887979,-0.18678073,-0.18084572,-0.17292529,0.95347629,0.15140007,0.84038711,-0.56612744,0.63501399,0.87874832,-0.61416233,-0.78495792,0.94083815,-0.70301739,-0.93114684,-0.26941645,-0.47269015,-0.22502405,0.27203931,-0.48209516,-0.53666703,-0.48209516,-0.86198104,-0.32358077,-0.67689527,16,"walking"
0.072866732,0.1089984,0.018789861,0.094748578,-0.97539129,0.1456076,-0.18678073,-0.17569692,-0.16738892,0.95347629,0.12960534,0.83471558,-0.50759172,0.58032278,0.8727166,-0.59309264,-0.79180986,0.93866727,-0.65080608,-0.93476171,-0.42348409,-0.44562234,-0.25872883,0.42129891,-0.45627751,-0.41131139,-0.45627751,-0.84802215,-0.45774247,-0.71668513,16,"walking"
0.06425294,0.10568602,0.024319013,0.086964875,-0.97868236,0.13784991,-0.17509801,-0.16517654,-0.16738892,0.95854949,0.13665323,0.8530476,-0.42670322,0.49925602,0.87657141,-0.563794,-0.80534253,0.94571309,-0.56838064,-0.94226111,-0.32625044,-0.48320962,-0.29442887,0.31294648,-0.46765173,-0.34661635,-0.46765173,-0.85432926,-0.34320584,-0.66023857,16,"walking"
0.057509113,0.10568602,0.026823569,0.0834244,-0.98011773,0.13692408,-0.16624348,-0.1640428,-0.16633614,0.96500823,0.10946517,0.85896845,-0.18639399,0.25849676,0.87657141,-0.67177117,-0.80837682,0.94798499,-0.32388663,-0.94305594,-0.14245895,-0.57582788,-0.30270413,0.12060672,-0.52738949,-0.35465642,-0.52738949,-0.88461573,-0.15277594,-0.65137291,16,"walking"
0.067560827,0.083469207,0.030574978,0.075471224,-0.98273042,0.13986924,-0.23671597,-0.16369642,-0.141686,0.9226329,0.22907795,0.76338972,-0.47921228,0.55431319,0.84686126,0.062419246,-0.807597,0.91092042,-0.62586744,-0.94153355,-0.36300072,0.19686177,-0.3965004,0.36600788,0.19141034,-0.48754762,0.19141034,-0.28539348,-0.41336284,-0.76261919,16,"walking_downstairs"
0.072505942,0.083469207,0.027720148,0.079494107,-0.98114901,0.13951865,-0.17921705,-0.16316513,-0.141686,0.9226329,0.24029925,0.76122887,-0.48706519,0.56669775,0.84598144,0.086473102,-0.80593322,0.91007103,-0.64295547,-0.94308052,-0.19782333,0.22797466,-0.38862877,0.20637321,0.21321485,-0.35966645,0.21321485,-0.25924092,-0.27082599,-0.42975208,16,"walking_downstairs"
0.080662474,0.10808652,0.013187641,0.10119058,-0.97244057,0.14825581,-0.19029742,-0.17684903,-0.17048602,0.92275673,0.47081961,0.77847168,-0.52358205,0.59129762,0.8509551,-0.03103142,-0.78420596,0.91682849,-0.65584788,-0.9340026,-0.23298337,0.18221919,-0.28015097,0.26964593,0.14122254,-0.4725253,0.14122254,-0.34380978,-0.36141089,-0.070713141,16,"walking_downstairs"
0.080662474,0.11300271,0.01368464,0.10124321,-0.97242065,0.1514524,-0.1921597,-0.18247366,-0.17048602,0.9377367,0.46545995,0.79880189,-0.61778904,0.69042366,0.86666772,0.058189426,-0.78085227,0.92476031,-0.76167749,-0.92985277,-0.27760213,0.078578602,-0.24972622,0.31331542,0.19231204,-0.43746762,0.19231204,-0.28426149,-0.40071266,-0.39356957,16,"walking_downstairs"
0.073429485,0.11006514,0.020923827,0.09159262,-0.97676134,0.15512539,-0.20631042,-0.1889392,-0.18542179,0.94039506,0.3849411,0.82508292,-0.62123732,0.69670247,0.87373239,0.010062036,-0.78199673,0.93493268,-0.77105492,-0.92497939,-0.24163482,0.27885745,-0.23909628,0.26211011,0.24117932,-0.45330184,0.24117932,-0.22479228,-0.33529974,-0.35137702,16,"walking_downstairs"
0.062524855,0.10383595,0.025577094,0.085029174,-0.97945494,0.16136715,-0.20631042,-0.1980361,-0.18542179,0.94706767,0.29184725,0.82804701,-0.49222903,0.56602703,0.87373239,0.15063761,-0.77758877,0.93608899,-0.63608163,-0.91772691,-0.19350665,0.26986167,-0.23038899,0.19766628,0.35996125,-0.40644995,0.35996125,-0.07060312,-0.25611358,-0.19560105,16,"walking_downstairs"
0.073814573,0.10383595,0.023917264,0.086673235,-0.97873862,0.15978819,-0.20613266,-0.19435876,-0.18288099,0.92881881,0.21677748,0.80222615,-0.65001641,0.71883181,0.86126507,0.13938112,-0.77841193,0.92608021,-0.78675051,-0.92062192,-0.19261612,0.17548223,-0.25499677,0.19102767,0.29279918,-0.32336118,0.29279918,-0.15964171,-0.24454627,-0.67897489,16,"walking_downstairs"
0.096720256,0.079544996,0.018931525,0.092067613,-0.97504813,0.1475739,-0.2679348,-0.17441147,-0.14161679,0.91330452,0.11125195,0.75344602,-0.70091856,0.76228494,0.86339116,-0.054608522,-0.7895844,0.90695767,-0.82356797,-0.93237709,-0.29138741,0.18226559,-0.33041975,0.2608449,0.15679297,-0.59825983,0.15679297,-0.32573528,-0.27737615,-0.58956382,16,"walking_downstairs"
0.062251655,0.079544996,0.0359165,0.069060208,-0.98516309,0.13747233,-0.18500193,-0.16266771,-0.14161679,0.92012509,0.17010075,0.8167137,-0.69283721,0.7639057,0.88006548,-0.015073069,-0.8142926,0.93160894,-0.83518162,-0.94322052,-0.27423961,0.080351382,-0.37687624,0.2564404,0.15376014,-0.52284366,0.15376014,-0.32950333,-0.28760328,-0.39685798,16,"walking_downstairs"
0.072458088,0.084052511,0.027284177,0.08326355,-0.9798916,0.1560018,-0.22317063,-0.19191134,-0.1744572,0.95860717,0.35829595,0.86045834,-0.54113958,0.6134522,0.88006548,0.037008077,-0.7854217,0.94854885,-0.68316276,-0.92236156,-0.37102235,0.12752132,-0.22758998,0.39397847,0.24121215,-0.48773025,0.24121215,-0.22475549,-0.46145368,-0.32168989,16,"walking_downstairs"
0.072458088,0.10965175,0.022009269,0.091002735,-0.97697656,0.17196095,-0.22939726,-0.214444,-0.19238275,0.93711041,0.43779286,0.84159919,-0.61911422,0.68616935,0.87979973,0.11992379,-0.76196314,0.94128264,-0.75207914,-0.90378849,-0.38554989,0.27889842,-0.16033699,0.41310162,0.30866544,-0.47129153,0.30866544,-0.13900978,-0.48383617,-0.2915683,16,"walking_downstairs"
0.093769836,0.10965175,0.015444382,0.099451522,-0.97290664,0.18254996,-0.24438699,-0.22703435,-0.22479526,0.92442198,0.40378557,0.79041034,-0.64265584,0.71103338,0.8723049,0.0088510409,-0.74430684,0.92144437,-0.77860856,-0.89284148,-0.31117216,0.29967158,-0.14189881,0.30892192,0.21549798,-0.51911995,0.21549798,-0.25646805,-0.35408943,-0.33662823,16,"walking_downstairs"
0.093769836,0.10873507,0.0094161154,0.1074915,-0.96923726,0.18710634,-0.24638407,-0.23206712,-0.2227,0.92442198,0.36817724,0.76194226,-0.59447669,0.65891425,0.84621692,-0.08450417,-0.73447142,0.91035353,-0.72130596,-0.88806088,-0.26149835,0.0095233101,-0.12794442,0.24494275,0.048436132,-0.5727928,0.048436132,-0.44528795,-0.27852944,-0.17908022,16,"walking_downstairs"
0.090921182,0.10708953,0.018912362,0.094054266,-0.97539057,0.17911721,-0.24638407,-0.2215036,-0.21048353,0.92454824,0.20873905,0.78435538,-0.61889366,0.68989252,0.8610875,0.024564061,-0.75093411,0.91910619,-0.75934216,-0.89747091,-0.24306012,0.15968184,-0.17583042,0.24411274,0.17893945,-0.49461177,0.17893945,-0.30016541,-0.29758937,-0.64757555,16,"walking_downstairs"
0.082818602,0.10708953,0.020087129,0.092602869,-0.97619899,0.17134933,-0.2161434,-0.21121011,-0.21048353,0.92865156,0.25699726,0.80144037,-0.69348147,0.76077796,0.86457811,0.082452131,-0.76143004,0.92577199,-0.82789187,-0.90696921,-0.11459915,0.36395918,-0.19445885,0.10944534,0.27186049,-0.37943203,0.27186049,-0.1865352,-0.16464561,-0.66481691,16,"walking_downstairs"
0.088983931,0.10711092,0.012073054,0.10282109,-0.97149438,0.15264332,-0.23102649,-0.18297818,-0.17354928,0.91827872,0.26078684,0.77509787,-0.72534048,0.79054361,0.87253138,0.13569542,-0.7781574,0.91543333,-0.85616603,-0.92902703,-0.30063573,0.27102509,-0.26202843,0.27906971,0.29913765,-0.50283198,0.29913765,-0.15154617,-0.30434217,-0.53779333,16,"walking_downstairs"
0.081873305,0.10622589,0.022275869,0.0897175,-0.97737472,0.14882064,-0.18741868,-0.18025028,-0.17354928,0.92691681,0.24407143,0.83489525,-0.71050468,0.78006507,0.8814084,0.046614771,-0.79063965,0.93864753,-0.85000318,-0.93154217,-0.27158486,0.17672146,-0.26026235,0.26937858,0.23005587,-0.34079497,0.23005587,-0.23870126,-0.31696045,-0.29525076,16,"walking_downstairs"
0.074588982,0.10622589,0.021290415,0.091568437,-0.97665642,0.15368077,-0.20871223,-0.1878108,-0.18201872,0.9434573,0.36997491,0.84374067,-0.65407433,0.72197311,0.8814084,-0.11597364,-0.78402215,0.94210552,-0.7891172,-0.92583954,-0.21096518,0.051773542,-0.22838418,0.23654732,0.092840784,-0.46223412,0.092840784,-0.39756943,-0.31724538,-0.35458751,16,"walking_downstairs"
0.074588982,0.10844605,0.018959525,0.094175899,-0.97560043,0.16484036,-0.21610849,-0.20203714,-0.18201872,0.93490664,0.30519063,0.80572579,-0.65835311,0.72982163,0.87171752,0.025126028,-0.76869619,0.92743741,-0.80091686,-0.91425824,-0.11869548,0.24170141,-0.21149542,0.14097524,0.22279559,-0.47526522,0.22279559,-0.24746652,-0.22470314,-0.36437131,16,"walking_downstairs"
0.069025141,0.10435921,0.024770694,0.086434843,-0.97889902,0.16882714,-0.21610849,-0.20895261,-0.20426154,0.93490664,0.34886598,0.82821609,-0.68936656,0.75611268,0.88333057,-0.018948458,-0.76772005,0.93608704,-0.82278679,-0.90885456,-0.049189649,0.23353404,-0.19740582,0.038035261,0.16250941,-0.42684054,0.16250941,-0.3193802,-0.090099935,-0.35528178,16,"walking_downstairs"
0.05899416,0.10056558,0.028445094,0.081299054,-0.98091975,0.16544938,-0.20896399,-0.20467776,-0.20426154,0.94136852,0.42658493,0.84171098,-0.74345175,0.80310938,0.88333057,-0.20206346,-0.77435635,0.94131746,-0.86299383,-0.91250967,-0.041452179,-0.024885364,-0.21271755,0.027062235,-0.023950239,-0.46744333,-0.023950239,-0.51861159,-0.074460501,-0.27949204,16,"walking_downstairs"
0.060004448,0.10056558,0.0284555,0.080650498,-0.9811717,0.16679483,-0.20535983,-0.20521526,-0.20931692,0.93772301,0.17231461,0.81687056,-0.7206868,0.78704703,0.87639722,0.057511472,-0.77266307,0.93175246,-0.85358932,-0.91208377,-0.034911287,0.23578361,-0.23143547,0.026805727,0.22091993,-0.12585181,0.22091993,-0.24989693,-0.082043812,-0.64430494,16,"walking_downstairs"
0.061515039,0.10127101,0.02655804,0.083784647,-0.97995141,0.16566638,-0.20467018,-0.20442672,-0.20851892,0.93772301,0.17424794,0.83072346,-0.69790656,0.76065194,0.87931699,0.12594691,-0.77286181,0.93710239,-0.82291838,-0.91273856,-0.054214742,0.29160433,-0.21474377,0.04127193,0.32919746,-0.23699448,0.32919746,-0.11190999,-0.09113522,-0.60540372,16,"walking_downstairs"
0.1475851,0.077064532,0.0088230486,0.10963622,-0.9646204,0.22797003,-0.33112189,-0.29100678,-0.24489626,0.8532544,0.15313877,0.74565079,-0.79419873,0.82650262,0.87981912,-0.44709155,-0.68239729,0.90326037,-0.85906788,-0.82360833,-0.59433473,-0.32195418,0.021730987,0.57304964,-0.32492671,-0.77414071,-0.32492671,-0.76754412,-0.57844931,-0.71238263,16,"walking_upstairs"
0.14931796,0.13350778,-0.030590625,0.16400564,-0.93512234,0.26218988,-0.34526725,-0.33269453,-0.29400343,0.8532544,0.10627521,0.61167137,-0.75004637,0.80263555,0.83730167,-0.35125,-0.61247179,0.84976332,-0.85591843,-0.77319097,-0.51565303,-0.18642063,0.17789836,0.51406634,-0.24896361,-0.69813853,-0.24896361,-0.71317512,-0.54609795,-0.75767526,16,"walking_upstairs"
0.14931796,0.16721475,-0.032139243,0.16598079,-0.93429868,0.26941902,-0.34526725,-0.34188835,-0.34015935,0.85354774,0.16971314,0.5941813,-0.67468926,0.73323424,0.78317249,-0.40217949,-0.60231142,0.84274409,-0.79135875,-0.76113479,-0.26741334,-0.25631814,0.19433109,0.26425864,-0.2849617,-0.56868651,-0.2849617,-0.73955517,-0.31111007,-0.43387268,16,"walking_upstairs"
0.1385194,0.16672535,-0.024386059,0.1555549,-0.94166675,0.27360001,-0.35843632,-0.34859378,-0.34106127,0.85714697,0.29671094,0.60503237,-0.7394004,0.79368968,0.78317249,-0.46242134,-0.60255177,0.84723071,-0.84810257,-0.75171475,-0.32134565,-0.38380118,0.19256327,0.30969138,-0.37766409,-0.61631848,-0.37766409,-0.80199401,-0.34391638,-0.20849214,16,"walking_upstairs"
0.14633188,0.16672535,-0.030463822,0.16396961,-0.93582432,0.27864639,-0.35870567,-0.35481498,-0.35087164,0.854606,0.24176105,0.58676896,-0.69226982,0.74421397,0.78299591,-0.42902555,-0.59191696,0.83968798,-0.79590254,-0.74302506,-0.35200642,-0.39571744,0.21753367,0.33227611,-0.33446913,-0.59879115,-0.33446913,-0.77399022,-0.35571378,-0.37003023,16,"walking_upstairs"
0.14633188,0.17150064,-0.027543499,0.15999242,-0.93856418,0.28675659,-0.39981714,-0.36587841,-0.35087164,0.84850049,0.19849493,0.57865685,-0.67990953,0.73224107,0.76937432,-0.38648506,-0.5836495,0.83633494,-0.78402634,-0.72650683,-0.26085424,-0.27599729,0.22984772,0.24536657,-0.265041,-0.67335937,-0.265041,-0.7252003,-0.27919936,-0.164671,16,"walking_upstairs"
0.14867026,0.17150064,-0.027565688,0.16063833,-0.93809356,0.29909992,-0.39985478,-0.38343185,-0.36477733,0.84396518,0.22672226,0.56758608,-0.74723987,0.80117437,0.76937432,-0.40463556,-0.56782289,0.83171918,-0.85522024,-0.7003361,-0.40262317,-0.35077434,0.26962995,0.40900576,-0.30843114,-0.69470106,-0.30843114,-0.75627327,-0.45632559,-0.47968073,16,"walking_upstairs"
0.16151876,0.17940962,-0.041916745,0.18109929,-0.92325242,0.29087906,-0.39985478,-0.37262098,-0.35550869,0.84396518,0.27541245,0.56827268,-0.726177,0.77962146,0.77082848,-0.34071898,-0.56822943,0.83200774,-0.83283178,-0.71646919,-0.44692283,-0.27328705,0.29686151,0.45424999,-0.27041072,-0.67106735,-0.27041072,-0.72909993,-0.49992647,-0.73368731,16,"walking_upstairs"
0.13691618,0.082296672,0.013875302,0.10250863,-0.96970109,0.25206437,-0.34963959,-0.32448873,-0.28857709,0.87039714,0.21444535,0.71726601,-0.72067399,0.76279871,0.84451206,-0.37989657,-0.65387561,0.89251675,-0.80522426,-0.78332625,-0.57565202,-0.21776728,0.071182,0.54863118,-0.27535436,-0.74361316,-0.27535436,-0.73269204,-0.54919311,-0.78153963,16,"walking_upstairs"
0.15583605,0.096940268,-0.024003839,0.15587774,-0.93922419,0.2662896,-0.34963959,-0.34059747,-0.33862651,0.85924862,0.38532465,0.63414991,-0.7283176,0.78049329,0.83561192,-0.36958058,-0.61206774,0.85897473,-0.83322287,-0.76286154,-0.52826211,-0.26490637,0.19465632,0.5300306,-0.29395354,-0.67646476,-0.29395354,-0.74606668,-0.56488825,-0.72876545,16,"walking_upstairs"
0.15793017,0.18853129,-0.042994427,0.18159515,-0.92295954,0.26765678,-0.34913491,-0.33999039,-0.33862651,0.85924862,0.25294369,0.59024277,-0.60329512,0.65488781,0.77314448,-0.40548684,-0.59628713,0.84114213,-0.70498743,-0.76367234,-0.39225961,-0.32476704,0.22858174,0.38126585,-0.32230723,-0.68067789,-0.32230723,-0.76581731,-0.41113603,-0.50091287,16,"walking_upstairs"
0.15793017,0.17320527,-0.032315244,0.16726463,-0.93337143,0.27254383,-0.36044227,-0.34800209,-0.33922223,0.86065244,0.10134246,0.60673706,-0.64520425,0.70449199,0.78470729,-0.37845395,-0.59826991,0.84793335,-0.7630737,-0.75251161,-0.40736297,-0.35844334,0.22413251,0.39010653,-0.31903565,-0.65249077,-0.31903565,-0.76358457,-0.41242136,-0.25334019,16,"walking_upstairs"
0.16327767,0.17320527,-0.035517792,0.17241497,-0.92943066,0.27868686,-0.36329688,-0.35728917,-0.34746035,0.85607727,0.14276264,0.60315998,-0.72884353,0.77861612,0.78470729,-0.41427562,-0.58823261,0.84644938,-0.82833183,-0.73941178,-0.41087943,-0.32010271,0.260081,0.39675949,-0.33185027,-0.64017525,-0.33185027,-0.77224969,-0.42211352,-0.56262497,16,"walking_upstairs"
0.16327767,0.17678334,-0.040070425,0.17794911,-0.92542055,0.28553827,-0.39831581,-0.36457404,-0.35249546,0.83324244,-0.10811756,0.57118101,-0.72637322,0.77432747,0.77826064,-0.35044123,-0.57629649,0.83321066,-0.8224491,-0.72860798,-0.46557277,-0.2673881,0.26911801,0.44573412,-0.25847088,-0.65315258,-0.25847088,-0.7202399,-0.46111803,-0.27496098,16,"walking_upstairs"
0.16292161,0.17678334,-0.036196286,0.17180721,-0.93006761,0.30463124,-0.41977909,-0.38832039,-0.35249546,0.82580476,-0.20662325,0.5307775,-0.7188119,0.77102024,0.75927561,-0.32081005,-0.554881,0.81625306,-0.82334568,-0.69176229,-0.56286724,-0.20581881,0.28328245,0.54995533,-0.22490272,-0.6511419,-0.22490272,-0.69479687,-0.56615951,-0.18156697,16,"walking_upstairs"
0.16202485,0.18564655,-0.042033931,0.18025272,-0.92393387,0.30164225,-0.41977909,-0.38479004,-0.34530054,0.82580476,-0.022975536,0.53324342,-0.74572192,0.80144553,0.77363591,-0.35704716,-0.55456057,0.81726646,-0.8576211,-0.69710115,-0.55210334,-0.27604412,0.29873258,0.56261027,-0.25829089,-0.65179385,-0.25829089,-0.72018722,-0.60458192,-0.64750033,16,"walking_upstairs"
0.16929382,0.11968852,-0.0089956679,0.13593158,-0.95225145,0.26582358,-0.37825884,-0.34356071,-0.27246693,0.85659309,0.17558045,0.68226433,-0.78837139,0.83241599,0.8375679,-0.42122746,-0.62264801,0.8784308,-0.87688212,-0.75608687,-0.5766682,-0.32458048,0.18582106,0.55633508,-0.33146978,-0.74919097,-0.33146978,-0.77201417,-0.56396049,-0.72277485,16,"walking_upstairs"
0.17465176,0.14471139,-0.042567668,0.18332913,-0.9203389,0.28199953,-0.37825884,-0.36326221,-0.35167309,0.85383649,0.15341186,0.60396198,-0.76778508,0.82025598,0.81328569,-0.32363602,-0.57885909,0.84673052,-0.87330955,-0.73066804,-0.53839485,-0.31445634,0.30622062,0.55783769,-0.23550274,-0.62280908,-0.23550274,-0.70295811,-0.61081398,-0.84277375,16,"walking_upstairs"
0.17465176,0.20971058,-0.053804678,0.19827105,-0.90961037,0.28105933,-0.37373676,-0.36011887,-0.35167309,0.84381449,0.13053246,0.57680328,-0.6633753,0.71645183,0.76996964,-0.34772275,-0.57128539,0.83555822,-0.7687443,-0.73525761,-0.33860745,-0.23277784,0.31691427,0.35528109,-0.21449161,-0.60454159,-0.21449161,-0.68662231,-0.4168001,-0.54931939,16,"walking_upstairs"
0.1672443,0.18866862,-0.041598897,0.18065857,-0.9235314,0.29385506,-0.39062052,-0.37656756,-0.35174114,0.84381449,0.080896301,0.56348306,-0.70168221,0.74888065,0.76766135,-0.37928005,-0.5647171,0.83001348,-0.79535899,-0.71076568,-0.32402568,-0.21262912,0.30237538,0.30367731,-0.26993701,-0.65486435,-0.26993701,-0.72879834,-0.32783422,-0.28044339,16,"walking_upstairs"
0.15226677,0.18484939,-0.033352695,0.16913974,-0.93230658,0.29652235,-0.39062052,-0.38054661,-0.3636931,0.8444233,0.054961928,0.57080596,-0.69366412,0.74038122,0.77101762,-0.37018283,-0.56720253,0.8330602,-0.78643396,-0.70487947,-0.30998439,-0.26546496,0.28758566,0.27864978,-0.28400003,-0.60522317,-0.28400003,-0.73898297,-0.29185992,-0.50411922,16,"walking_upstairs"
0.14666769,0.16745752,-0.028572736,0.1620794,-0.93718265,0.28393839,-0.38082024,-0.36343618,-0.3529406,0.8511116,0.053298818,0.59356726,-0.63537666,0.68426962,0.77411859,-0.33868578,-0.58653233,0.84251116,-0.73194944,-0.73030982,-0.36608487,-0.32489909,0.24086586,0.34623743,-0.26938875,-0.56599901,-0.26938875,-0.72835599,-0.36827714,-0.24910411,16,"walking_upstairs"
0.14151475,0.16481524,-0.023968955,0.15495587,-0.94203402,0.27763835,-0.35657387,-0.35393949,-0.3529406,0.85992291,0.16060216,0.59850512,-0.56469448,0.62228797,0.77426057,-0.36987217,-0.59770498,0.84455503,-0.67720118,-0.74428515,-0.45565062,-0.24536397,0.20007547,0.45170207,-0.28123421,-0.56689586,-0.28123421,-0.73701499,-0.48499541,-0.56783977,16,"walking_upstairs"
0.15250134,0.16481524,-0.031806599,0.16596715,-0.93423897,0.28040864,-0.36165926,-0.35732259,-0.35615343,0.85264297,0.098677952,0.58404019,-0.6366284,0.69047342,0.77426057,-0.36084094,-0.58873859,0.83856457,-0.74262882,-0.73945027,-0.44669557,-0.19604853,0.22749847,0.43205529,-0.27297861,-0.59237376,-0.27297861,-0.73101404,-0.45431522,-0.83730404,16,"walking_upstairs"
-0.25947313,-0.22054375,0.25100815,-0.2448649,-0.90074206,-0.078907899,0.13169987,0.1449724,0.15712896,0.9581084,0.16703821,0.83770355,-0.34121604,0.34703375,0.87531981,-0.91727651,-0.74023208,0.93982213,-0.35283332,-0.96117934,-0.77507093,-0.91289744,-0.059178435,0.76575405,-0.91305732,-0.92613719,-0.91305732,-0.99536972,-0.77136693,-0.90831463,19,"standing"
-0.25947313,-0.2370198,0.25490886,-0.25000181,-0.89603652,-0.071021001,0.13169987,0.13340317,0.12898445,0.95574188,0.22281415,0.83067907,-0.56073579,0.58241319,0.86398058,-0.95694671,-0.74089293,0.9371187,-0.6042231,-0.96769524,-0.66059478,-0.95379051,-0.081340912,0.63051015,-0.95488434,-0.93247444,-0.95488434,-0.99853249,-0.62208553,-0.94519374,19,"standing"
-0.26829609,-0.24831839,0.26624528,-0.26669061,-0.88060597,-0.063742622,0.096420758,0.12318365,0.1262634,0.95574188,0.28233776,0.82719937,-0.42783783,0.46157544,0.8625303,-0.94583418,-0.73079979,0.93577682,-0.49577629,-0.97226841,-0.66844949,-0.94684268,-0.065908151,0.64556283,-0.94526305,-0.72349991,-0.94526305,-0.99795867,-0.64436263,-0.91751574,19,"standing"
-0.28826357,-0.24832362,0.27172359,-0.27472497,-0.87291474,-0.047999115,0.090754666,0.10063142,0.11964604,0.95574448,0.027218969,0.8311184,-0.42707058,0.45003442,0.86459325,-0.94838578,-0.73208221,0.93728776,-0.47318609,-0.98179871,-0.5583025,-0.93402328,-0.10144565,0.52503883,-0.94168997,-0.78574809,-0.94168997,-0.99772218,-0.52031694,-0.92541514,19,"standing"
-0.28954292,-0.24832362,0.2702086,-0.27247742,-0.87512946,-0.044141229,0.090754666,0.095049912,0.094256119,0.95777823,-0.26243179,0.83385361,-0.42766647,0.44126769,0.86459325,-0.95562904,-0.73601563,0.93834273,-0.45488513,-0.98411781,-0.53862479,-0.94524144,-0.12043465,0.50752652,-0.95348879,-0.83469215,-0.95348879,-0.99845499,-0.50638031,-0.95033726,19,"standing"
-0.28954292,-0.24055869,0.26844392,-0.26979409,-0.87776984,-0.048253498,0.095977132,0.10091021,0.094256119,0.95776855,-0.0073608382,0.83201025,-0.32322646,0.34220566,0.86401809,-0.98300901,-0.73643347,0.93763249,-0.3615158,-0.98202837,-0.33812187,-0.98139764,-0.11342818,0.30315518,-0.98221012,-0.58643113,-0.98221012,-0.99966187,-0.31184023,-0.98756228,19,"standing"
-0.28723552,-0.23932384,0.2677453,-0.26892183,-0.87861353,-0.050156898,0.10229648,0.1036974,0.10335176,0.95776855,-0.038274854,0.8338756,-0.41494148,0.42459978,0.86468805,-0.97678465,-0.73641586,0.93835109,-0.43415237,-0.98094821,-0.35042266,-0.98225148,-0.10696749,0.30481033,-0.97891185,-0.56344419,-0.97891185,-0.99956479,-0.30111813,-0.98053941,19,"standing"
-0.28723552,-0.23887944,0.26697079,-0.26794603,-0.87955723,-0.054503807,0.10241348,0.1100047,0.10533634,0.95825696,0.088578949,0.83462871,-0.22078803,0.22493303,0.86468805,-0.97889286,-0.73515516,0.93864135,-0.2288272,-0.97839726,-0.38222908,-0.97742973,-0.092205675,0.33684788,-0.97898096,-0.68883716,-0.97898096,-0.99956695,-0.33122863,-0.98400095,19,"standing"
-0.28212172,-0.23787978,0.26622639,-0.26684144,-0.88061418,-0.056588469,0.11380045,0.11298715,0.10533634,0.95825696,0.26075932,0.83394276,-0.4216432,0.42947827,0.86484265,-0.98505338,-0.7350012,0.93837714,-0.43733441,-0.97719919,-0.52397831,-0.98122344,-0.087744085,0.49044629,-0.98487308,-0.68316804,-0.98487308,-0.99973243,-0.48793336,-0.98690009,19,"standing"
-0.27502682,-0.23784432,0.26285329,-0.261917,-0.88526248,-0.05759022,0.11380045,0.11439121,0.11205988,0.95834563,0.174308,0.83654229,-0.48124081,0.5040753,0.86539362,-0.97957546,-0.73894267,0.93937819,-0.52721244,-0.97658293,-0.53196037,-0.97484006,-0.095440236,0.50309552,-0.98005455,-0.37615144,-0.98005455,-0.99959965,-0.50506307,-0.97992582,19,"standing"
-0.27123891,-0.23084787,0.25790474,-0.25467248,-0.89198884,-0.062621234,0.1159858,0.12155435,0.11778438,0.96021258,0.040115558,0.83788666,-0.30476434,0.34065001,0.86539362,-0.97818586,-0.7424795,0.93989587,-0.37668078,-0.97337134,-0.49445903,-0.97920291,-0.094977712,0.45819365,-0.97875309,-0.49105262,-0.97875309,-0.99955983,-0.45485214,-0.98691746,19,"standing"
-0.27123891,-0.22365298,0.25563042,-0.25132919,-0.89504354,-0.066662231,0.12481941,0.12731481,0.11930814,0.95957902,0.2999228,0.83712775,-0.31459682,0.34912809,0.8652456,-0.99694345,-0.742872,0.93960377,-0.38395287,-0.97070694,-0.38291439,-0.99583089,-0.089226103,0.32970796,-0.99613683,-0.55520624,-0.99613683,-0.99995317,-0.31592074,-0.99337738,19,"standing"
-0.27133829,-0.22397105,0.25653763,-0.25267711,-0.89382441,-0.067056863,0.12738511,0.12790308,0.11930814,0.95953018,0.32200581,0.83643855,-0.43917634,0.46328321,0.86485007,-0.9940143,-0.74143653,0.93933846,-0.48730707,-0.97042565,-0.29211616,-0.99296144,-0.084503975,0.23884082,-0.99415553,-0.44632803,-0.99415553,-0.99992348,-0.23122433,-0.9912911,19,"standing"
-0.27389489,-0.22397105,0.25732115,-0.25383,-0.89278237,-0.065613323,0.12672164,0.12584602,0.11927526,0.95953018,0.1374425,0.83676396,-0.33885624,0.36662925,0.86498376,-0.99179945,-0.74135208,0.93946372,-0.39428083,-0.97140943,-0.25209492,-0.9913528,-0.086628912,0.19675031,-0.99232071,-0.3790009,-0.99232071,-0.99989221,-0.18943621,-0.99221228,19,"standing"
-0.27403132,-0.22691588,0.25796048,-0.25473374,-0.89195575,-0.065640965,0.12672164,0.12587774,0.11803523,0.95839474,-0.018365109,0.83570959,-0.37340158,0.40592145,0.86498376,-0.99067399,-0.74050051,0.93905762,-0.43897508,-0.97139582,-0.2943954,-0.98888272,-0.084870856,0.243883,-0.99048569,-0.32966405,-0.99048569,-0.99985776,-0.23927645,-0.99492862,19,"standing"
-0.27521876,-0.22984705,0.25991969,-0.25752465,-0.88938876,-0.064804141,0.11940181,0.12466484,0.11803523,0.95829867,0.13610136,0.83337947,-0.52844436,0.54881011,0.86445815,-0.98591657,-0.73847035,0.93816019,-0.56939229,-0.9719507,-0.50221189,-0.98283109,-0.082258462,0.51442395,-0.9857081,-0.21092004,-0.9857081,-0.99975311,-0.56234987,-0.98877636,19,"standing"
-0.27814893,-0.23074595,0.26150725,-0.25983394,-0.88725011,-0.060689811,0.1174582,0.11877469,0.1169542,0.95829867,0.1266676,0.83424266,-0.36291624,0.39358553,0.86453994,-0.957291,-0.73890865,0.93849268,-0.42464631,-0.97464841,-0.67964381,-0.94926767,-0.09108686,0.68907895,-0.95448196,-0.5280436,-0.95448196,-0.9985101,-0.72073946,-0.95989377,19,"standing"
-0.26569113,-0.23074595,0.25915802,-0.25645743,-0.89032266,-0.060550843,0.1174582,0.11857447,0.11381891,0.95925101,0.11203617,0.83726753,-0.29556807,0.37696648,0.86665139,-0.96413928,-0.74209915,0.9396574,-0.45999552,-0.97474614,-0.69790008,-0.95511153,-0.098551468,0.6862494,-0.9588844,-0.57371578,-0.9588844,-0.99874383,-0.69486803,-0.95319106,19,"standing"
-0.26275874,-0.22995919,0.25310739,-0.24760976,-0.89829522,-0.059386528,0.10853187,0.11683361,0.11381891,0.96003093,0.037500051,0.84310146,-0.43018515,0.48499548,0.87045459,-0.97539189,-0.75078576,0.94190006,-0.54090712,-0.97546807,-0.37958185,-0.96850644,-0.12291754,0.32775207,-0.97112625,-0.3452118,-0.97112625,-0.99929289,-0.31575733,-0.97873521,19,"standing"
-0.25406206,-0.21420973,0.24792606,-0.24008764,-0.90489668,-0.055542279,0.10852667,0.11128778,0.11096351,0.96215096,-0.056565458,0.85041119,-0.34697941,0.36597307,0.87122576,-0.98360565,-0.75995633,0.94470696,-0.38540712,-0.97788283,-0.50948323,-0.97874008,-0.15276607,0.47774534,-0.98273372,-0.43274555,-0.98273372,-0.99967631,-0.47815046,-0.98386142,19,"standing"
-0.23345044,-0.31637836,0.2885153,-0.29832338,-0.84599019,-0.061836907,0.089970782,0.12037756,0.22572692,0.86195033,-0.34586145,0.79593416,-0.81340098,0.81357472,0.86617115,-0.8661193,-0.70209137,0.92340963,-0.81344038,-0.97195327,-0.93960212,-0.87886522,-0.011285161,0.93977289,-0.84551462,-0.9624848,-0.84551462,-0.986609,-0.94416262,-0.89544123,19,"standing"
-0.2732576,-0.29149983,0.26755475,-0.2690084,-0.87786012,-0.060856361,0.097534639,0.11923972,0.11937495,0.95660835,-0.15921188,0.8336125,-0.0949396,0.1278714,0.86617115,-0.88336917,-0.73078046,0.93824925,-0.15969669,-0.97432896,-0.5762452,-0.87284187,-0.065398049,0.54275893,-0.85590768,-0.72688353,-0.85590768,-0.98825339,-0.53662451,-0.87934773,19,"standing"
-0.2732576,-0.25454058,0.2680884,-0.26923309,-0.87806833,-0.062516926,0.11921759,0.12137836,0.1187216,0.95030697,0.422947,0.8240663,-0.2836062,0.30367335,0.86275578,-0.92099373,-0.72909259,0.93456415,-0.32404006,-0.97347508,-0.65236454,-0.9054408,-0.066159541,0.6379164,-0.91119106,-0.6203607,-0.91119106,-0.99519106,-0.64676193,-0.90839091,19,"standing"
-0.28975269,-0.25465403,0.27595553,-0.28071795,-0.86689623,-0.064354797,0.1197345,0.12411944,0.11729833,0.95028376,0.69272269,0.8155728,-0.37105418,0.36652081,0.86094599,-0.98669303,-0.71754266,0.93128133,-0.36187048,-0.97221299,-0.81702593,-0.98395409,-0.033959371,0.80064356,-0.98648572,-0.43496069,-0.98648572,-0.99977156,-0.79594796,-0.9707129,19,"standing"
-0.29308561,-0.25465403,0.2740183,-0.27793249,-0.86969581,-0.066963117,0.12850356,0.12785665,0.12078745,0.95028376,-0.13304988,0.81641687,-0.26333567,0.2990137,0.8580458,-0.97715663,-0.7185649,0.9316086,-0.33520805,-0.97044549,-0.40286299,-0.97307371,-0.03090821,0.35360803,-0.97382779,-0.31051009,-0.97382779,-0.99939392,-0.34260398,-0.9814698,19,"standing"
-0.29308561,-0.24882655,0.2720849,-0.27511125,-0.87254458,-0.068916561,0.12995772,0.1306332,0.12277842,0.95089223,-0.3263671,0.81703949,-0.27889968,0.34844522,0.8580458,-0.97628437,-0.71992011,0.93184981,-0.41922146,-0.96908918,-0.41197591,-0.97107541,-0.03068661,0.38923719,-0.97334662,-0.33294494,-0.97334662,-0.99937654,-0.40600174,-0.97275381,19,"standing"
-0.29373029,-0.25178055,0.27488549,-0.27914433,-0.86850312,-0.069835489,0.13343267,0.13196402,0.12277842,0.95006849,0.0769448,0.81301882,-0.53498753,0.56431119,0.85745601,-0.98747797,-0.71566067,0.9302928,-0.59397338,-0.96843151,-0.51630122,-0.98476416,-0.019172328,0.48175201,-0.98701774,-0.30537685,-0.98701774,-0.99978415,-0.47864222,-0.97757153,19,"standing"
-0.29536019,-0.25178055,0.27541738,-0.27987923,-0.86776822,-0.070001132,0.13380983,0.1321892,0.12453546,0.95006849,0.18928214,0.81182846,-0.59791376,0.61625277,0.8558352,-0.99060982,-0.71485694,0.92983173,-0.6345039,-0.96831811,-0.53656474,-0.98946184,-0.017461515,0.49267356,-0.99126389,-0.31229207,-0.99126389,-0.9998731,-0.47812977,-0.99097681,19,"standing"
-0.29523878,-0.25021444,0.27351843,-0.27715361,-0.87051293,-0.070347527,0.13170261,0.13268106,0.12484516,0.95025082,-0.1311265,0.81405679,-0.49584135,0.52627996,0.8573522,-0.99069073,-0.71714159,0.93069505,-0.55719468,-0.96806805,-0.57673744,-0.98658604,-0.021888867,0.53713912,-0.98960832,-0.23417141,-0.98960832,-0.99984053,-0.52438135,-0.99084399,19,"standing"
-0.29523878,-0.2472576,0.27316752,-0.27673609,-0.87093326,-0.068010524,0.12700464,0.12936968,0.12484516,0.95148224,-0.33522939,0.81721069,-0.37097327,0.39798318,0.85787868,-0.99130467,-0.71905192,0.93191621,-0.42547281,-0.9696836,-0.062344727,-0.98601498,-0.029522725,-0.028186742,-0.99009972,-0.1845645,-0.99009972,-0.9998505,0.059838629,-0.99203217,19,"standing"
-0.29301985,-0.2472576,0.27234356,-0.27552734,-0.87213305,-0.066881063,0.12700464,0.12773487,0.12282978,0.95298196,0.013703067,0.81861769,-0.17825533,0.20133043,0.85787868,-0.9931642,-0.72083073,0.93246083,-0.22434955,-0.97049594,-0.27154273,-0.99094453,-0.036126274,0.2075032,-0.99266614,-0.38637265,-0.99266614,-0.99989843,-0.19002922,-0.99334324,19,"standing"
-0.29235659,-0.24442281,0.27077438,-0.27325678,-0.87438263,-0.069293004,0.12859492,0.13118385,0.12333641,0.95302355,0.13774595,0.81886948,-0.11732748,0.14116588,0.85815541,-0.99431598,-0.72140882,0.93255823,-0.16493213,-0.96881214,-0.62337931,-0.9934821,-0.032889033,0.59785256,-0.99510829,-0.40672179,-0.99510829,-0.99993821,-0.59679036,-0.99332885,19,"standing"
-0.29235659,-0.24782426,0.27173716,-0.27470764,-0.87294028,-0.069294316,0.13181586,0.1312211,0.12333641,0.9523451,0.026655453,0.81860048,-0.32941219,0.36774361,0.85815541,-0.99345372,-0.72014242,0.93245412,-0.40675038,-0.96879781,-0.56946401,-0.99151628,-0.029049732,0.53121281,-0.99313414,-0.33045896,-0.99313414,-0.99990664,-0.52041351,-0.98518042,19,"standing"
-0.29412713,-0.24787215,0.27344335,-0.27715713,-0.8705114,-0.06914415,0.13181586,0.13100899,0.12466048,0.95180301,-0.080879941,0.81648619,-0.35859947,0.42429059,0.85801653,-0.99064805,-0.71798952,0.93163585,-0.49119877,-0.96890217,-0.42337221,-0.98691622,-0.024538124,0.37634927,-0.99062911,-0.35982167,-0.99062911,-0.99986093,-0.3664025,-0.97779888,19,"standing"
-0.29556981,-0.25064498,0.27367274,-0.27745908,-0.87020817,-0.071678262,0.13220525,0.13463122,0.12817668,0.95020242,0.080769991,0.81416589,-0.37699682,0.41689742,0.85671258,-0.99090112,-0.71610128,0.93073738,-0.45740332,-0.96706941,-0.44876253,-0.98843414,-0.015766984,0.39989523,-0.99075032,-0.43582641,-0.99075032,-0.99986332,-0.3861577,-0.98014851,19,"standing"
-0.29556981,-0.25667017,0.27642592,-0.28149027,-0.86610992,-0.072467824,0.13304723,0.13580973,0.12817668,0.94922591,0.12144223,0.81116308,-0.41645092,0.43855208,0.85627012,-0.99040715,-0.71198859,0.92957359,-0.46089396,-0.96647079,-0.57355708,-0.98799061,-0.003908674,0.53508972,-0.99031725,-0.48719564,-0.99031725,-0.99985473,-0.52382965,-0.98951007,19,"standing"
-0.30170993,-0.26179032,0.28078453,-0.28768259,-0.85976538,-0.069547052,0.12952871,0.13160262,0.12792232,0.94631843,0.26827741,0.80651552,-0.47244666,0.47806382,0.85451865,-0.99227859,-0.70803674,0.92777044,-0.48359263,-0.96858921,-0.56279725,-0.99013136,-0.001801737,0.52996738,-0.99215751,-0.50533266,-0.99215751,-0.99988946,-0.52553624,-0.98660485,19,"standing"
-0.3075307,-0.26328728,0.2837856,-0.29186331,-0.8553873,-0.066132905,0.12561912,0.1266577,0.12033738,0.94631503,0.41058955,0.80307495,-0.40311272,0.40757402,0.85352934,-0.99406948,-0.70605285,0.92643458,-0.41195043,-0.97101797,-0.52374007,-0.99283527,-0.0062304555,0.48074172,-0.99383062,-0.43389359,-0.99383062,-0.99991816,-0.46807962,-0.99014751,19,"standing"
-0.31109953,-0.26328728,0.28449163,-0.29291946,-0.85427762,-0.064471459,0.12557977,0.12429448,0.11686192,0.94631503,0.26068789,0.80373418,-0.41474555,0.42556325,0.85277739,-0.9961778,-0.70605542,0.92669077,-0.43623118,-0.9721463,-0.4383582,-0.99522045,-0.0091844249,0.39010674,-0.9960154,-0.35183759,-0.9960154,-0.99995137,-0.3774826,-0.9899399,19,"standing"
-0.30415383,-0.26190882,0.28265514,-0.2902957,-0.85703793,-0.065331667,0.12557977,0.12552703,0.11986972,0.94774335,0.42707024,0.80576005,-0.52394034,0.53047032,0.8544131,-0.98421619,-0.70802689,0.92747758,-0.53686093,-0.97155975,-0.69604408,-0.98572673,-0.011503096,0.67577599,-0.98634098,-0.5389384,-0.98634098,-0.99976818,-0.67540464,-0.98088981,19,"standing"
-0.30032716,-0.26029936,0.27889041,-0.28494848,-0.86257753,-0.068415124,0.12792823,0.12996451,0.12405155,0.94774335,0.2479427,0.80949568,-0.36886748,0.37986057,0.85572484,-0.98763765,-0.71123119,0.92892665,-0.39096352,-0.96940392,-0.68754814,-0.98960931,-0.011380344,0.66259838,-0.98927128,-0.54094234,-0.98927128,-0.99983356,-0.65780029,-0.97594515,19,"standing"
0.45152226,0.3366104,-0.24119262,0.45452518,-0.56601145,-0.49061606,0.57209135,0.67208228,0.6858319,0.38943374,-0.91222796,-0.28428167,-1,1,0.52644555,-0.79588479,-0.074795484,0.40573023,-0.99958704,-0.11992022,-0.99055646,-0.78574116,0.98981428,0.99165059,-0.77008675,-0.99225332,-0.77008675,-0.97148702,-0.99348068,-0.99055561,19,"sitting"
0.44909251,0.46185759,-0.24539811,0.4539207,-0.56979338,-0.49642725,0.66306723,0.66992323,0.68258999,0.38943374,-0.93382215,-0.32954212,-0.94891027,0.95311632,0.32072671,-0.92166061,-0.061299959,0.37958348,-0.95699108,-0.12701891,-0.94762771,-0.93665959,0.93212497,0.94418391,-0.92565447,-0.89158713,-0.92565447,-0.99650615,-0.94416893,-0.99370308,19,"sitting"
0.40900941,0.46185759,-0.23956477,0.4451993,-0.58594867,-0.49452293,0.66306723,0.66603694,0.66130204,0.40981272,0.60749999,-0.31599514,-0.82830061,0.83142609,0.32072671,-0.94629946,-0.071242061,0.3882749,-0.83425544,-0.1373983,-0.80613471,-0.94976185,0.91476964,0.80118387,-0.94744619,-0.75351584,-0.94744619,-0.99809712,-0.80927254,-0.97163855,19,"sitting"
0.40900941,0.45520977,-0.2374432,0.44297407,-0.58988342,-0.50480412,0.66821453,0.67765859,0.67980288,0.39222824,0.34764457,-0.33577897,-0.77634451,0.78189516,0.31802946,-0.95213758,-0.059127943,0.37564951,-0.7873066,-0.10663081,-0.53081692,-0.94642475,0.91550278,0.49143705,-0.95189301,-0.63448983,-0.95189301,-0.99836388,-0.48215707,-0.96553439,19,"sitting"
0.40494046,0.4511712,-0.23165478,0.43564746,-0.60283089,-0.51910436,0.67834199,0.69276078,0.68689552,0.38666703,-0.15679048,-0.35936953,-0.74763069,0.7545925,0.30428663,-0.97836064,-0.045513678,0.36044741,-0.76145823,-0.066085916,-0.5574315,-0.97366249,0.90672791,0.54768958,-0.97708639,-0.6593172,-0.97708639,-0.9995064,-0.56832703,-0.99216251,19,"sitting"
0.39563364,0.45059141,-0.22826259,0.4314367,-0.6101906,-0.52629798,0.69686967,0.70042123,0.68730581,0.38453782,-0.1655152,-0.37005764,-0.62865518,0.63615734,0.28660089,-0.98634545,-0.039143193,0.35347738,-0.64342654,-0.045266135,-0.4319372,-0.98054276,0.90235945,0.45478394,-0.98218469,-0.57241299,-0.98218469,-0.99966107,-0.51895602,-0.99124984,19,"sitting"
0.391672,0.44914379,-0.22721744,0.42993336,-0.6127971,-0.52647442,0.6996036,0.70035462,0.68730581,0.38453782,-0.35635729,-0.3687408,-0.64516683,0.64709131,0.29062138,-0.98161087,-0.040160135,0.3543375,-0.64880516,-0.045451419,-0.35667254,-0.97885777,0.8997529,0.35508175,-0.9800146,-0.3489044,-0.9800146,-0.9995981,-0.39802141,-0.99179307,19,"sitting"
0.39140684,0.44870706,-0.22621398,0.4289444,-0.61450398,-0.5242747,0.69956673,0.69855305,0.6871372,0.38476429,-0.5240295,-0.36017734,-0.47584642,0.47483979,0.2921485,-0.98333122,-0.044599893,0.35993721,-0.47364754,-0.050396232,-0.19319571,-0.98186752,0.90302122,0.17790804,-0.98169969,-0.09668787,-0.98169969,-0.9996475,-0.21775384,-0.99680412,19,"sitting"
0.38968942,0.44668196,-0.22522182,0.42774143,-0.61657609,-0.52295992,0.69825373,0.69730866,0.68361063,0.39520784,-0.57525032,-0.35455138,-0.64611454,0.6513082,0.2938652,-0.98828753,-0.047719584,0.36360956,-0.65602172,-0.053806308,-0.26608058,-0.98642514,0.90349106,0.22718441,-0.98691127,-0.26657015,-0.98691127,-0.99978112,-0.23662086,-0.99626319,19,"sitting"
0.38944746,0.4466662,-0.22474105,0.42705695,-0.61775269,-0.52337062,0.69825373,0.69763249,0.68563982,0.39345654,-0.65150417,-0.35477069,-0.38901748,0.38581,0.2938652,-0.98875268,-0.047701074,0.36346602,-0.38209149,-0.05291774,-0.041776537,-0.9891627,0.90222154,-0.043826215,-0.98991969,-0.34123111,-0.98991969,-0.99984689,0.068866413,-0.99698104,19,"sitting"
0.38883326,0.44593409,-0.22433608,0.42668058,-0.61839871,-0.52405995,0.69850102,0.6985719,0.68563982,0.39344689,-0.54619263,-0.3552483,-0.17638256,0.17034496,0.29385572,-0.99086387,-0.047184136,0.36315517,-0.1637796,-0.050345338,0.09480657,-0.99234945,0.9031119,-0.19471829,-0.9917464,-0.32221167,-0.9917464,-0.99988206,0.22556821,-0.99884959,19,"sitting"
0.38881056,0.44592878,-0.22411241,0.42621059,-0.61920495,-0.52374446,0.6989106,0.69796257,0.68563977,0.39344689,-0.613166,-0.35450597,-0.53454059,0.53356908,0.29382291,-0.99051313,-0.047913785,0.36363809,-0.53203438,-0.052015262,-0.090736987,-0.98980324,0.90113604,0.010048425,-0.99144085,-0.46331804,-0.99144085,-0.99987632,0.013130858,-0.99910616,19,"sitting"
0.38760587,0.44592878,-0.22409614,0.42586183,-0.61980322,-0.52228723,0.69630566,0.69594477,0.6828372,0.39620123,-0.66666001,-0.35172964,-0.63343556,0.63325983,0.29623562,-0.98866876,-0.050056241,0.36543871,-0.63259252,-0.057531682,-0.2197052,-0.98944083,0.89825973,0.15722519,-0.98893064,-0.38322291,-0.98893064,-0.99982622,-0.14406328,-0.99845082,19,"sitting"
0.38883277,0.44607976,-0.224342,0.42644296,-0.6188062,-0.5225589,0.69630566,0.69663713,0.686483,0.39352525,-0.4962006,-0.35215931,-0.42225569,0.41802947,0.29623562,-0.98669631,-0.049364822,0.36515818,-0.41347091,-0.055631527,-0.28523536,-0.98514472,0.90114844,0.22966766,-0.98625092,-0.44586403,-0.98625092,-0.9997662,-0.21989647,-0.99776984,19,"sitting"
0.38883277,0.44623607,-0.2244337,0.42683937,-0.61812645,-0.5243808,0.69710686,0.69895491,0.686483,0.39352486,-0.45784839,-0.35617315,-0.45620075,0.45360152,0.29564595,-0.98839296,-0.046598241,0.36255384,-0.45072,-0.049292538,-0.17833248,-0.98581675,0.90341021,0.11831564,-0.98830618,-0.50993465,-0.98830618,-0.99981305,-0.11149262,-0.99835161,19,"sitting"
0.38868973,0.4462244,-0.2242846,0.42645868,-0.61877982,-0.52515415,0.70082809,0.6994597,0.68639871,0.39293695,-0.42470696,-0.35837333,-0.42211211,0.42339874,0.29034274,-0.99397845,-0.045649047,0.36112418,-0.42398297,-0.047912317,-0.044319614,-0.99253536,0.9009761,-0.033867152,-0.99416895,-0.32930001,-0.99416895,-0.99992367,0.050939873,-0.997572,19,"sitting"
0.38824511,0.44608308,-0.22423608,0.42634529,-0.61897437,-0.52452293,0.69922374,0.69872859,0.68547278,0.39293695,-0.55694644,-0.35681223,-0.44449895,0.44180391,0.29368411,-0.99319068,-0.046629168,0.36213825,-0.43861687,-0.049916363,-0.046480674,-0.99468368,0.9006646,-0.034987239,-0.99415914,-0.48231988,-0.99415914,-0.99992355,0.055952856,-0.99839635,19,"sitting"
0.38824471,0.44607504,-0.22409889,0.4261599,-0.6192923,-0.52430565,0.69922374,0.69849073,0.68686198,0.39189586,-0.52303707,-0.3559967,-0.58781562,0.58502395,0.29368411,-0.994411,-0.047111599,0.36266798,-0.58187547,-0.050567082,-0.098653226,-0.99227592,0.90054421,0.02173649,-0.99420328,-0.31458314,-0.99420328,-0.99992425,-0.0018890638,-0.99870577,19,"sitting"
0.38757021,0.44531796,-0.22366377,0.42567952,-0.62011503,-0.52564349,0.69926054,0.6999976,0.68715198,0.3918859,-0.54937116,-0.35825056,-0.59747444,0.59567195,0.29341579,-0.99512645,-0.045682947,0.36120227,-0.59347343,-0.046432149,-0.23497452,-0.99371369,0.90044769,0.17604106,-0.9944019,-0.14581795,-0.9944019,-0.99992711,-0.16580785,-0.99804104,19,"sitting"
0.27927613,0.21965068,-0.067962605,0.21930268,-0.88942019,-0.27807886,0.37717921,0.41608466,0.51041577,0.69786707,-0.90292622,0.51527538,-0.97905838,0.98062846,0.76875485,-0.69405792,-0.51961507,0.80901941,-0.98183004,-0.66250912,-0.96746106,-0.72853835,0.44249767,0.97053446,-0.68378996,-0.93475487,-0.68378996,-0.94728684,-0.97609333,-0.94579051,19,"sitting"
0.17890454,0.21965068,-0.057848563,0.20419079,-0.90462657,-0.26057274,0.37717921,0.39175063,0.39420558,0.83560122,-0.63713806,0.54809043,-0.9151991,0.91790334,0.76875485,-0.94542055,-0.5493792,0.82353752,-0.9202542,-0.70484553,-0.87625607,-0.95809072,0.36435482,0.87564765,-0.94718397,-0.93171778,-0.94718397,-0.99808045,-0.88356326,-0.94814769,19,"sitting"
0.19354894,0.22878091,-0.064253812,0.21324922,-0.89672182,-0.26863241,0.39538416,0.40232285,0.39420558,0.83368647,-0.80866657,0.52544686,-0.7857176,0.79481977,0.74405901,-0.90499914,-0.53430072,0.81405803,-0.8036661,-0.68874711,-0.66435607,-0.9071422,0.39897523,0.63618585,-0.90033157,-0.74638545,-0.90033157,-0.99406638,-0.62954513,-0.96836665,19,"sitting"
0.22835142,0.23578372,-0.077690814,0.23201151,-0.87876513,-0.27491938,0.40220181,0.41021183,0.42925637,0.78784555,-0.60860434,0.49467443,-0.70671707,0.70562115,0.74157228,-0.89002139,-0.51550678,0.80087903,-0.70429,-0.67595316,-0.60145706,-0.91754494,0.4456639,0.56296005,-0.89376634,-0.76204255,-0.89376634,-0.9933314,-0.54974412,-0.97430706,19,"sitting"
0.22915129,0.25110426,-0.092427333,0.25212261,-0.85895641,-0.29516402,0.4031017,0.43558908,0.44318256,0.78018461,-0.82169404,0.42985745,-0.70570265,0.7033771,0.73560359,-0.90768747,-0.47810885,0.77290027,-0.7007685,-0.63363429,-0.66327764,-0.89773847,0.5142862,0.63332713,-0.89779325,-0.58830516,-0.89779325,-0.99378553,-0.62489125,-0.98079554,19,"sitting"
0.22915129,0.25527534,-0.088937526,0.2471917,-0.86401411,-0.30663647,0.44486384,0.4502269,0.44318256,0.78018461,-0.33751355,0.41100077,-0.82699721,0.83025997,0.70344166,-0.94971297,-0.46689401,0.76475283,-0.83320113,-0.60902992,-0.7550771,-0.94111574,0.52434203,0.73815261,-0.94688348,-0.78513067,-0.94688348,-0.99806175,-0.73716563,-0.98143771,19,"sitting"
0.21044472,0.25231778,-0.078982834,0.23347304,-0.87788864,-0.29938729,0.43390596,0.4413368,0.4403182,0.788637,-0.50258307,0.44135531,-0.72465533,0.72705365,0.71414136,-0.97188012,-0.48416479,0.77800905,-0.72923373,-0.62443299,-0.62592193,-0.96298538,0.48882336,0.60094732,-0.97037361,-0.74868974,-0.97037361,-0.99926341,-0.60043033,-0.98971538,19,"sitting"
0.21691412,0.25231778,-0.079432501,0.23418865,-0.87715614,-0.29547286,0.43390596,0.4364408,0.4316736,0.79126726,-0.50278973,0.44945588,-0.51387612,0.51053391,0.71414136,-0.95335366,-0.48867891,0.78153385,-0.50701124,-0.63289663,-0.34727995,-0.9477181,0.48446217,0.2880689,-0.95220689,-0.51698559,-0.95220689,-0.99838202,-0.27053745,-0.99327419,19,"sitting"
0.23379469,0.25389103,-0.091519469,0.25080497,-0.86018342,-0.29792017,0.43465526,0.43905741,0.43188052,0.78647736,-0.78060329,0.42493359,-0.6537314,0.65086405,0.71309886,-0.95237161,-0.47549988,0.77084772,-0.6477232,-0.62842512,-0.44198353,-0.9515462,0.51602871,0.38720022,-0.95150297,-0.51244879,-0.95150297,-0.99834118,-0.36776298,-0.99405828,19,"sitting"
0.23379469,0.27467533,-0.10164082,0.26473326,-0.84567021,-0.29547281,0.43213976,0.43562601,0.43188052,0.78647736,0.065319786,0.41357272,-0.77756336,0.77816083,0.6954149,-0.97334018,-0.46963151,0.76589879,-0.77833794,-0.63426188,-0.72744586,-0.97653843,0.53516714,0.70123802,-0.97457023,-0.49018698,-0.97457023,-0.99942057,-0.69230201,-0.99174207,19,"sitting"
0.23371351,0.28047296,-0.10146618,0.26453754,-0.84590387,-0.29643634,0.43213976,0.43693757,0.43255484,0.78600725,-0.66342526,0.41240412,-0.42573592,0.42330142,0.6954149,-0.9751767,-0.46861396,0.76538508,-0.42040703,-0.6320093,-0.3642515,-0.97309715,0.53715239,0.32283694,-0.97425051,-0.65356643,-0.97425051,-0.9994092,-0.32309553,-0.99027738,19,"sitting"
0.23086882,0.27710105,-0.097254495,0.25879231,-0.85208677,-0.30156812,0.43851217,0.44371533,0.43447732,0.78600725,-0.81258354,0.40945268,-0.38050788,0.3776698,0.69262066,-0.97939161,-0.46604706,0.76409099,-0.37436853,-0.62041741,-0.29728834,-0.97807602,0.53717275,0.23262416,-0.97862558,-0.50895641,-0.97862558,-0.99955581,-0.21254816,-0.99081861,19,"sitting"
0.22723136,0.27710105,-0.096453467,0.25773234,-0.85323362,-0.30353807,0.44648953,0.44633138,0.43632006,0.78407896,-0.75280331,0.40723159,-0.38868756,0.38505717,0.69262066,-0.98152485,-0.46431849,0.763113,-0.38094528,-0.61587566,-0.61830905,-0.98546673,0.53940394,0.58346514,-0.98328607,-0.054439724,-0.98328607,-0.99969121,-0.5727238,-0.99177306,19,"sitting"
0.22723136,0.2801263,-0.097966096,0.25979922,-0.85103909,-0.30246329,0.44320423,0.44488704,0.43632006,0.78407896,-0.77396827,0.40681417,-0.34670123,0.34263126,0.69240169,-0.9798935,-0.46432515,0.76292973,-0.3380582,-0.61837628,-0.46075297,-0.98545248,0.54080498,0.41043766,-0.98205777,-0.24233227,-0.98205777,-0.99965763,-0.39412273,-0.99112655,19,"sitting"
0.23194031,0.28157048,-0.099450536,0.26173428,-0.8489434,-0.30174532,0.44320423,0.44375786,0.43426705,0.78167714,-0.72874846,0.40480186,-0.39578941,0.39193614,0.69240169,-0.98447747,-0.46390636,0.76204182,-0.38761944,-0.62034602,-0.25686115,-0.98476021,0.54133524,0.18570391,-0.98448785,-0.34457426,-0.98448785,-0.99972269,-0.1614071,-0.99422998,19,"sitting"
0.23194031,0.28317263,-0.10164097,0.26469582,-0.84574085,-0.30209407,0.44376166,0.44407064,0.43426705,0.78167714,-0.52922065,0.40009969,-0.46446118,0.46172902,0.68924546,-0.9823025,-0.46154612,0.75997371,-0.4585452,-0.6198058,-0.4728059,-0.97657958,0.54623653,0.43035711,-0.98048757,-0.51524038,-0.98048757,-0.99961254,-0.42170678,-0.99149572,19,"sitting"
0.23461009,0.28744596,-0.10304433,0.2665595,-0.84370048,-0.30387045,0.44376166,0.44621057,0.43911912,0.77554397,-0.63483729,0.39368568,-0.56942165,0.5676934,0.68846602,-0.983348,-0.45812538,0.75713621,-0.56556561,-0.61606167,-0.51895853,-0.97740972,0.55155928,0.48579062,-0.98064593,-0.49369935,-0.98064593,-0.99961718,-0.48365044,-0.99175777,19,"sitting"
0.23461009,0.28857589,-0.10386749,0.26758251,-0.84257818,-0.30579027,0.44790862,0.44847872,0.43911912,0.77554397,-0.80407018,0.3874623,-0.50042158,0.49763817,0.68440173,-0.9831484,-0.45504064,0.75438816,-0.49446428,-0.61212052,-0.55496739,-0.98482728,0.55511371,0.51652599,-0.98291553,-0.32271274,-0.98291553,-0.99968114,-0.50622191,-0.99341915,19,"sitting"
0.83896628,0.81700863,-0.58700647,0.82298367,0.36588264,-0.41670364,0.55769626,0.58566905,0.58870048,-0.42311488,0.038076405,-0.99996198,-0.75933017,0.80340206,-0.53393486,-0.89049559,0.58836506,-0.46888904,-0.84750606,-0.33403106,-0.89182727,-0.88967211,0.077665842,0.88182996,-0.88328375,-0.78420002,-0.88328375,-0.99206619,-0.87872318,-0.81803889,19,"laying"
0.77047718,0.81700863,-0.57481612,0.81240814,0.33062266,-0.42937687,0.59469977,0.60006823,0.58870048,-0.42212104,-0.11389768,-0.99996668,-0.59182906,0.60427807,-0.53425412,-0.98037374,0.58858217,-0.46919935,-0.61678675,-0.30113872,-0.82641426,-0.97933603,0.086823185,0.81774666,-0.97728935,-0.86501909,-0.97728935,-0.99951309,-0.82048808,-0.89361707,19,"laying"
0.77047718,0.82959639,-0.57728949,0.81789629,0.34817869,-0.42681546,0.60141113,0.59953498,0.58752248,-0.42253225,-0.14887857,-0.99999431,-0.60871994,0.61494792,-0.53694737,-0.99246225,0.5909578,-0.47254585,-0.62092336,-0.30239963,-0.26894668,-0.98871374,0.093866917,0.20443338,-0.98957525,-0.15451598,-0.98957525,-0.99983988,-0.1863151,-0.95992924,19,"laying"
0.76957358,0.83102967,-0.5769329,0.81690857,0.34499225,-0.42718747,0.60141113,0.59947754,0.5866595,-0.42341274,-0.14495009,-0.99999932,-0.54475056,0.56158656,-0.54098458,-0.99264025,0.59175686,-0.47367991,-0.57812134,-0.30253485,0.067426393,-0.98850733,0.088910652,-0.13161944,-0.99017679,-0.086858803,-0.99017679,-0.99985205,0.12574709,-0.99152123,19,"laying"
0.76760319,0.83036136,-0.57607779,0.81610438,0.34240249,-0.42807673,0.60153768,0.60044768,0.58756339,-0.42457332,-0.2522964,-0.99999955,-0.47241438,0.53074705,-0.54098689,-0.99485453,0.5924793,-0.47470365,-0.58993356,-0.30025363,-0.21208083,-0.99200378,0.089133786,0.19674131,-0.99428186,-0.34045491,-0.99428186,-0.9999255,-0.234993,-0.99218521,19,"laying"
0.76751979,0.83036136,-0.57602951,0.8159439,0.34188587,-0.42812674,0.60111572,0.60042015,0.58756339,-0.42459847,0.11668379,-0.99999962,-0.54800948,0.57226376,-0.54143825,-0.98507715,0.59296279,-0.4753886,-0.59659263,-0.30031774,-0.50171063,-0.98005021,0.088626905,0.53020826,-0.98491505,-0.48046135,-0.98491505,-0.99973351,-0.59495883,-0.98518673,19,"laying"
0.76751979,0.82931745,-0.57613411,0.81593279,0.34185051,-0.42801797,0.60111572,0.60022348,0.58935934,-0.42459847,0.33886412,-0.99999807,-0.55275291,0.58115122,-0.54016975,-0.98475247,0.59192691,-0.47392118,-0.60980982,-0.30077865,-0.51073793,-0.98005445,0.089109707,0.54788876,-0.98426846,-0.50777601,-0.98426846,-0.99971706,-0.62166908,-0.98321624,19,"laying"
0.76730462,0.82908919,-0.57533902,0.81508028,0.33910902,-0.42884459,0.60113184,0.60104973,0.58943193,-0.427867,0.23542659,-0.99999319,-0.41004872,0.42991932,-0.54016975,-0.98176884,0.59282138,-0.47518809,-0.45003138,-0.29883309,-0.28780448,-0.97771697,0.09096011,0.29529567,-0.97836824,-0.54925003,-0.97836824,-0.99954775,-0.35276405,-0.98899521,19,"laying"
0.76876899,0.82908919,-0.57656571,0.81584432,0.34156909,-0.42756731,0.59890696,0.59937995,0.58943193,-0.427867,0.099483198,-0.99999202,-0.28721508,0.3005045,-0.54197222,-0.98108759,0.59419771,-0.47713649,-0.31393205,-0.3027537,-0.19225791,-0.97868245,0.088665513,0.16987387,-0.97752151,-0.40391957,-0.97752151,-0.99952039,-0.20212678,-0.98543039,19,"laying"
0.76876899,0.83037424,-0.57814941,0.81713862,0.34573367,-0.42592322,0.59890696,0.59745012,0.58530284,-0.42774095,-8.1264242e-05,-0.99999704,-0.49291126,0.50039745,-0.54176802,-0.99396904,0.59281474,-0.47517853,-0.50770518,-0.30728839,-0.0089494047,-0.99139466,0.085014974,-0.060644473,-0.99166737,-0.20948689,-0.99166737,-0.99988015,0.06575571,-0.99333086,19,"laying"
0.7687251,0.83106846,-0.57780848,0.81678625,0.34459801,-0.42627738,0.59900857,0.5978135,0.58487697,-0.42236834,-0.21080858,-0.99999983,-0.57993272,0.6190193,-0.5413785,-0.99500818,0.59182708,-0.47378036,-0.65776565,-0.30643787,-0.027604236,-0.99348833,0.08387865,-0.034994911,-0.99465717,-0.3570971,-0.99465717,-0.99993137,0.034517133,-0.99552817,19,"laying"
0.76748163,0.83058291,-0.57732218,0.81621387,0.34275455,-0.42678234,0.60000166,0.59828186,0.5851008,-0.42236834,-0.014855125,-0.99999813,-0.46276027,0.49484832,-0.54043592,-0.99414432,0.59140333,-0.47318081,-0.52694823,-0.30534062,0.26375363,-0.99100074,0.08472868,-0.32843143,-0.99208371,-0.15169934,-0.99208371,-0.99988823,0.31103527,-0.99169846,19,"laying"
0.76731846,0.82959892,-0.57671229,0.81566407,0.34098558,-0.42741556,0.60024652,0.59898827,0.58667833,-0.42162412,0.076118745,-0.99999662,-0.42681044,0.47121823,-0.54043592,-0.99300669,0.59100465,-0.47261665,-0.51592989,-0.30368324,0.3445416,-0.99043848,0.086208054,-0.27308049,-0.98934398,0.12702538,-0.98934398,-0.99983504,0.10283831,-0.98928779,19,"laying"
0.76649881,0.82939418,-0.57570853,0.81502867,0.33894237,-0.4284584,0.60122785,0.60034379,0.58776961,-0.42118461,-0.021664488,-0.9999951,-0.29165359,0.3434761,-0.53978027,-0.99377354,0.59076675,-0.47227939,-0.39577697,-0.30049714,0.023853785,-0.99225336,0.088753124,-0.035124859,-0.99122472,0.00060031778,-0.99122472,-0.9998722,-0.023912415,-0.99334398,19,"laying"
0.76730291,0.82939418,-0.57548199,0.81532364,0.33989126,-0.4286943,0.60285408,0.60096363,0.58776961,-0.42286023,-0.10387527,-0.99999564,-0.37667898,0.44513312,-0.53978027,-0.99542062,0.59094318,-0.47252788,-0.51492505,-0.29903986,0.039296395,-0.9935811,0.090732602,-0.092602089,-0.99439231,-0.2582801,-0.99439231,-0.99992723,0.077497548,-0.99533319,19,"laying"
0.76730441,0.83023922,-0.57571253,0.81591491,0.34179253,-0.4284564,0.60290451,0.60097173,0.5877939,-0.42522599,-0.21539126,-0.99999841,-0.42444351,0.47769942,-0.54009789,-0.99519275,0.59233387,-0.47449756,-0.53186775,-0.2990208,0.022919149,-0.99320066,0.090782096,-0.075744273,-0.99411677,-0.12803843,-0.99411677,-0.99992276,0.061136062,-0.99708781,19,"laying"
0.76730441,0.82995017,-0.57561548,0.81558438,0.34072922,-0.42855651,0.60186174,0.60091004,0.5877939,-0.42530995,-0.12435257,-0.99999818,-0.3264084,0.41332595,-0.54263283,-0.9959204,0.59350365,-0.47615481,-0.50192842,-0.29916566,-0.0075971011,-0.99486623,0.089948258,-0.02879887,-0.99514891,-0.086914006,-0.99514891,-0.99993862,-0.0010231424,-0.99722106,19,"laying"
0.76620276,0.82883058,-0.57578313,0.81480574,0.33822608,-0.42838285,0.6014337,0.60005248,0.58775711,-0.42530995,-0.1930555,-0.99999891,-0.50790645,0.53710048,-0.54207967,-0.99637212,0.59297253,-0.47540161,-0.5666033,-0.30118293,-0.060796746,-0.99469663,0.084861144,0.040472539,-0.9958978,-0.15537476,-0.9958978,-0.99994984,-0.084041699,-0.99580675,19,"laying"
0.7660361,0.82883058,-0.57542382,0.81437723,0.3368492,-0.4287565,0.6014337,0.60039445,0.58765543,-0.42469,-0.3291683,-1,-0.51952807,0.54470536,-0.54207967,-0.99541422,0.5926729,-0.47497756,-0.56990479,-0.30037804,-0.29118855,-0.99373138,0.083796095,0.27812435,-0.9937739,-0.21745111,-0.9937739,-0.99991732,-0.31364187,-0.99477564,19,"laying"
0.76617525,0.82883588,-0.57497437,0.81476053,0.33808076,-0.42922344,0.60307766,0.60147912,0.58806226,-0.42470691,-0.28667599,-0.99999953,-0.41125541,0.46095495,-0.54207416,-0.99525267,0.59309482,-0.47557533,-0.51137647,-0.29782556,0.026020881,-0.99317822,0.088250423,-0.086444587,-0.99358649,-0.1218728,-0.99358649,-0.99991353,0.079766203,-0.99565557,19,"laying"
0.76622056,0.82978133,-0.57527089,0.81512549,0.33925332,-0.42891541,0.60267372,0.60120502,0.58806226,-0.42470691,-0.12320682,-0.99999844,-0.46534584,0.49297784,-0.54033351,-0.99715269,0.5921289,-0.47420735,-0.52096026,-0.2984709,0.27418153,-0.9958125,0.089354781,-0.35728453,-0.99612693,-0.2149063,-0.99612693,-0.99995256,0.35891717,-0.99586128,19,"laying"
0.66710726,0.63052145,-0.44295612,0.69054621,-0.030156561,-0.56613439,0.73531823,0.74932925,0.78483034,-0.49163898,0.78273161,-0.99882777,-0.91456154,0.917657,-0.55524381,-0.89278134,0.61378744,-0.50488812,-0.92040895,0.094390298,-0.88764,-0.88273052,0.20221714,0.87579918,-0.87984309,-0.84205007,-0.87984309,-0.99162873,-0.87100721,-0.98255312,19,"laying"
0.66675714,0.69698091,-0.44179964,0.69000648,-0.03253482,-0.56748523,0.73567992,0.75136777,0.74418038,-0.45109656,0.75418698,-0.99951685,-0.861797,0.86683813,-0.55524381,-0.96008577,0.60808916,-0.49683777,-0.87152659,0.10001483,-0.88008151,-0.96527301,0.19071817,0.87008507,-0.96069267,-0.66967449,-0.96069267,-0.99883426,-0.8677853,-0.98651396,19,"laying"
0.64296164,0.69698091,-0.43673878,0.68374403,-0.049785177,-0.57268925,0.75273626,0.75547736,0.74418038,-0.45109656,0.13691101,-0.99939998,-0.54722678,0.5504545,-0.56557389,-0.9933441,0.61046992,-0.5001789,-0.5532739,0.11204641,-0.75666606,-0.99023707,0.1911177,0.74035366,-0.99085119,-0.55344084,-0.99085119,-0.99986524,-0.73980357,-0.99010962,19,"laying"
0.64327612,0.69977682,-0.43981461,0.68734269,-0.040026001,-0.56950237,0.75273626,0.75273964,0.74133013,-0.453201,0.24413214,-0.99942598,-0.40141852,0.40562963,-0.56557389,-0.99273547,0.6100596,-0.49961091,-0.40986529,0.10392912,-0.20164403,-0.99082613,0.19248268,0.1349923,-0.99156968,-0.31533015,-0.99156968,-0.9998787,-0.11969819,-0.99253387,19,"laying"
0.64327612,0.70203717,-0.43864495,0.68706837,-0.040773919,-0.5706102,0.75274019,0.75484187,0.74248636,-0.45899262,0.37316604,-0.99912646,-0.35823293,0.35693141,-0.56587681,-0.98961982,0.61396777,-0.50518838,-0.35564514,0.11015642,-0.24568354,-0.98825665,0.20808018,0.18150202,-0.98952583,-0.23137394,-0.98952583,-0.99983887,-0.16545521,-0.99332004,19,"laying"
0.64124351,0.70182684,-0.43718655,0.68557948,-0.044824344,-0.57199667,0.75684048,0.75625431,0.74248636,-0.46148836,-0.0030878245,-0.99880475,-0.44286927,0.44885096,-0.57362715,-0.99406301,0.61787246,-0.51072911,-0.45487148,0.11433563,-0.18066707,-0.99250611,0.21846556,0.12137889,-0.99321227,-0.24410812,-0.99321227,-0.9999077,-0.11512133,-0.99457284,19,"laying"
0.63992462,0.70094189,-0.43724704,0.68491004,-0.046640583,-0.57183996,0.75677425,0.75531851,0.74185281,-0.46501061,-0.11889233,-0.99856075,-0.36470628,0.37708578,-0.57936656,-0.99464915,0.62036305,-0.51422046,-0.3896462,0.11155797,-0.0051139673,-0.9923542,0.22086075,-0.029234816,-0.99224339,-0.12246726,-0.99224339,-0.99989099,-0.0033163191,-0.9968755,19,"laying"
0.63928615,0.70085777,-0.43685061,0.68429776,-0.048301165,-0.57215803,0.75677425,0.75542256,0.7412606,-0.46726266,0.023656396,-0.99831976,-0.29451735,0.3067115,-0.58199465,-0.99575012,0.62265257,-0.51745239,-0.3191815,0.1118663,0.2631834,-0.99312506,0.22569085,-0.33162731,-0.99470265,-0.15402679,-0.99470265,-0.99993209,0.31679157,-0.99854419,19,"laying"
0.63866592,0.70036905,-0.43627608,0.68396641,-0.049198787,-0.57269594,0.75752995,0.75624261,0.7426469,-0.46784135,0.14052945,-0.99816474,-0.42369773,0.4379283,-0.58549594,-0.99833793,0.62401068,-0.51939336,-0.45215503,0.11430029,0.12165857,-0.99812308,0.23071464,-0.19527898,-0.99890777,-0.18750752,-0.99890777,-0.99998815,0.19632081,-0.99704228,19,"laying"
0.63939754,0.70036905,-0.43617386,0.68411706,-0.048790334,-0.5728028,0.75695858,0.75662371,0.7426469,-0.46784135,-0.14505784,-0.99816507,-0.36113063,0.36820872,-0.58590845,-0.99575864,0.62399702,-0.51939046,-0.37495232,0.1154323,-0.12158409,-0.99539146,0.23213649,0.088670873,-0.99573087,-0.1500516,-0.99573087,-0.99994745,-0.11480423,-0.99624495,19,"laying"
0.64035766,0.70068332,-0.43743376,0.68500535,-0.046382093,-0.57152102,0.75430907,0.75489763,0.74262424,-0.46723485,-0.10589934,-0.99824019,-0.38843339,0.39220273,-0.58454967,-0.99487274,0.62336817,-0.51847176,-0.39573098,0.1103156,-0.020113774,-0.99444733,0.22816994,-0.0042066171,-0.99367883,-0.12348314,-0.99367883,-0.99991566,-0.038363242,-0.99582826,19,"laying"
0.64072323,0.70191532,-0.43876417,0.68589257,-0.04397403,-0.57017688,0.75412344,0.75303396,0.73964982,-0.46649382,0.25477055,-0.99834203,-0.40085021,0.40072025,-0.58306894,-0.99376277,0.62246885,-0.51716696,-0.40021389,0.10479442,0.10393243,-0.99122901,0.22309039,-0.16763546,-0.99243085,-0.1025176,-0.99243085,-0.99989424,0.15884221,-0.99637688,19,"laying"
0.64072323,0.70194579,-0.43820926,0.68589839,-0.043958243,-0.57074211,0.75412344,0.75421499,0.74114668,-0.46717003,0.18134156,-0.99830806,-0.34219693,0.33989301,-0.58306894,-0.99362239,0.62273996,-0.51758658,-0.33718888,0.10829246,0.15150935,-0.99226205,0.22706891,-0.21579448,-0.99315345,-0.13221071,-0.99315345,-0.99990691,0.20426311,-0.99849695,19,"laying"
0.64074093,0.7019397,-0.43777332,0.68557434,-0.044838336,-0.57113888,0.75528315,0.75474789,0.74114668,-0.46793925,0.024653772,-0.99816304,-0.42869644,0.43824808,-0.58560707,-0.99714204,0.62402962,-0.51942215,-0.44771079,0.10986792,0.26623081,-0.99644191,0.23114253,-0.35941161,-0.99714397,-0.24774665,-0.99714397,-0.99996683,0.37065985,-0.99716462,19,"laying"
0.64092303,0.7019397,-0.43857785,0.68609343,-0.043428265,-0.57028366,0.75523894,0.75356,0.74008639,-0.46823135,-0.082287639,-0.99811514,-0.35739146,0.36934429,-0.58707478,-0.99777328,0.62445271,-0.5200006,-0.38116437,0.10634917,0.33527519,-0.99713244,0.23049037,-0.43883989,-0.99700326,-0.22966012,-0.99700326,-0.99996489,0.45657743,-0.99767936,19,"laying"
0.64092303,0.7026012,-0.43851168,0.68622474,-0.043071857,-0.57035689,0.75523894,0.75384535,0.73954151,-0.46823135,-0.29084532,-0.99812554,-0.11433439,0.1197775,-0.58673022,-0.99692261,0.62435397,-0.51987364,-0.12494619,0.10719357,0.035041221,-0.99602943,0.2313653,-0.092310134,-0.99616559,-0.27886743,-0.99616559,-0.99995347,0.081785201,-0.99647656,19,"laying"
0.64103063,0.7026012,-0.43844504,0.68624729,-0.043010565,-0.57042135,0.75557416,0.75400709,0.73954151,-0.46842623,-0.15303653,-0.99811239,-0.34145281,0.35763686,-0.58673022,-0.99506831,0.62446047,-0.52003047,-0.37367133,0.10767197,0.06925337,-0.99338465,0.23216028,-0.13487219,-0.99322024,-0.33005926,-0.99322024,-0.9999081,0.13108679,-0.99626077,19,"laying"
0.64103063,0.70228613,-0.43852687,0.68626302,-0.042967699,-0.57033784,0.75557416,0.7538503,0.73928026,-0.46842623,-0.12140241,-0.99811676,-0.30384743,0.31861388,-0.58668191,-0.99342001,0.62442632,-0.51997756,-0.33299852,0.10720777,0.40304792,-0.99187678,0.23168233,-0.49763205,-0.99237284,-0.29523377,-0.99237284,-0.99989337,0.50116761,-0.99752284,19,"laying"
0.64149038,0.70228613,-0.43845849,0.68615623,-0.043257674,-0.57040219,0.75574232,0.75387648,0.73928026,-0.4694589,-0.26339616,-0.99809874,-0.34093178,0.34587299,-0.58668191,-0.99527419,0.62457478,-0.52018564,-0.35044602,0.10728513,0.16945688,-0.99379353,0.23186239,-0.25720688,-0.99290751,-0.01305689,-0.99290751,-0.99990276,0.26944568,-0.99752462,19,"laying"
0.64160597,0.70229226,-0.43885943,0.686811,-0.041477557,-0.56998857,0.7556448,0.75371751,0.73968105,-0.4694589,-0.068818287,-0.99810457,0.02108104,-0.022984316,-0.58540861,-0.984267,0.62450586,-0.52010304,0.025346876,0.10681476,-0.16848922,-0.98207122,0.23305689,0.1321562,-0.98080948,0.35296233,-0.98080948,-0.99962195,-0.15122437,-0.98916151,19,"laying"
-0.24896819,-0.25227609,0.25180218,-0.24456923,-0.90061919,0.0016945546,-0.025665845,0.028780554,0.058669131,0.95822084,-0.14185088,0.8466642,-0.40311707,0.491295,0.87503592,-0.31045849,-0.77650549,0.9432654,-0.57761747,-0.99724187,-0.28014275,-0.085239023,-0.33959092,0.28061945,-0.13999372,-0.35983083,-0.13999372,-0.62510567,-0.33111218,-0.14935717,19,"walking"
-0.24938946,-0.23845044,0.2598493,-0.25685901,-0.8897031,0.031396386,-0.036276133,-0.013921458,0.037465357,0.95822084,-0.012004791,0.84918191,-0.25786233,0.35379422,0.87712804,-0.31481434,-0.76522335,0.94422996,-0.44444712,-0.99781129,-0.16590134,-0.212414,-0.30903996,0.2033585,-0.12504331,-0.26365255,-0.12504331,-0.61197349,-0.30059641,-0.30805284,19,"walking"
-0.26534488,-0.23845044,0.2609616,-0.25902558,-0.88785118,0.048728969,-0.047324368,-0.038980059,-0.037568932,0.95749551,0.069806529,0.85374376,-0.20026665,0.30161192,0.87712804,-0.40163642,-0.760393,0.94598119,-0.39795327,-0.99601271,-0.10531214,-0.20047985,-0.26205657,0.14748657,-0.16374647,-0.29026836,-0.16374647,-0.64498514,-0.25318208,-0.19637221,19,"walking"
-0.26406391,-0.23375889,0.25534066,-0.24966237,-0.8964682,0.053231298,-0.053931188,-0.045192169,-0.043696826,0.95049681,-0.012954284,0.83923938,-0.28399358,0.37835491,0.87508311,-0.46862835,-0.76713095,0.94040532,-0.46979418,-0.99480478,-0.10388072,-0.27135191,-0.28160631,0.1430683,-0.23462759,-0.21994416,-0.23462759,-0.70187281,-0.24552309,-0.21553349,19,"walking"
-0.26406391,-0.23122548,0.2581417,-0.25238411,-0.89402195,0.050203669,-0.053931188,-0.040596362,-0.039578103,0.94469023,-0.16758858,0.81658623,-0.3312852,0.42773036,0.86571097,-0.40675433,-0.76402116,0.93166395,-0.52094632,-0.99561093,-0.0024784531,-0.27712315,-0.30330456,0.055248366,-0.19980643,-0.091218114,-0.19980643,-0.67465616,-0.17746565,-0.36806795,19,"walking"
-0.27274084,-0.24140371,0.26526202,-0.2630352,-0.88416223,0.044994037,-0.035772516,-0.033248888,-0.039105313,0.94469023,-0.16541545,0.81683285,-0.24499373,0.33898567,0.86864798,-0.3507389,-0.75513801,0.9317594,-0.42841305,-0.99700023,-0.020685365,-0.18279079,-0.2938297,0.072474176,-0.1671202,0.20362916,-0.1671202,-0.64822116,-0.19277047,-0.35247234,19,"walking"
-0.28219498,-0.24140371,0.26812327,-0.26845482,-0.87905547,0.043552107,-0.035697476,-0.03138684,-0.036570412,0.95013355,-0.063250393,0.83319488,-0.26732994,0.35127809,0.86864798,-0.42632406,-0.75134523,0.93808459,-0.43197216,-0.99727972,-0.052923037,-0.17789747,-0.27192469,0.088384737,-0.2058125,0.071352773,-0.2058125,-0.67968154,-0.18836006,-0.39463043,19,"walking"
-0.27745709,-0.23974834,0.26734879,-0.26604228,-0.88136114,0.044040239,-0.034313037,-0.031891114,-0.036570412,0.93669824,0.0001185547,0.81500702,-0.32689794,0.4130915,0.86857509,-0.43833531,-0.75235389,0.93103155,-0.49686903,-0.99720325,-0.18785523,-0.24225296,-0.29069133,0.23813112,-0.23057374,-0.063176668,-0.23057374,-0.69914001,-0.34539868,-0.24658886,19,"walking"
-0.25983996,-0.23865173,0.26006526,-0.25394387,-0.8924501,0.04604791,-0.034506656,-0.034467523,-0.038598698,0.93669824,-0.054449903,0.79718339,-0.36170555,0.45373147,0.85571991,-0.4147041,-0.76233428,0.92413759,-0.54349973,-0.99681498,-0.16824055,-0.17275026,-0.32991827,0.1955905,-0.18726403,0.19561561,-0.18726403,-0.6647999,-0.28166104,-0.25915086,19,"walking"
-0.25983996,-0.24442864,0.26090033,-0.25531739,-0.89108167,0.046237948,-0.035847303,-0.034770209,-0.04011125,0.9398198,-0.17912466,0.79904061,-0.2541604,0.35663108,0.85515996,-0.31267561,-0.76109527,0.9248632,-0.45633707,-0.99676555,-0.17559929,-0.068610847,-0.32398421,0.21230405,-0.073993497,0.42472202,-0.073993497,-0.56622464,-0.30842526,-0.32867532,19,"walking"
-0.27033214,-0.24442864,0.26818174,-0.26685107,-0.88050604,0.046894236,-0.038742967,-0.035910826,-0.04011125,0.9398198,-0.12015369,0.80785676,-0.2162689,0.30426973,0.86461101,-0.40462816,-0.75052674,0.92828092,-0.38770488,-0.99657188,-0.23491248,-0.20795752,-0.28304332,0.27308821,-0.15186901,0.1789024,-0.15186901,-0.63526733,-0.36655123,-0.3752377,19,"walking"
-0.27418487,-0.24282853,0.26419099,-0.26212068,-0.88502653,0.047082618,-0.038742967,-0.036340282,-0.041583282,0.94912007,-0.18408154,0.82684774,-0.27532857,0.35543441,0.86552505,-0.52376126,-0.75618952,0.93563611,-0.43012573,-0.99650754,-0.18828091,-0.35780896,-0.28059812,0.23887779,-0.3324319,0.012376312,-0.3324319,-0.7726432,-0.34777597,-0.28377575,19,"walking"
-0.2629389,-0.22808762,0.25648184,-0.2514407,-0.89486627,0.049087539,-0.043160946,-0.039276741,-0.042824246,0.95606843,-0.070676181,0.84114408,-0.2784125,0.36404883,0.87512524,-0.43401554,-0.76668582,0.94114223,-0.44658944,-0.99597585,-0.055439531,-0.2528918,-0.29116644,0.11387941,-0.26067984,-0.082722364,-0.26067984,-0.7218687,-0.23931687,-0.5139392,19,"walking"
-0.25748592,-0.22415677,0.25127835,-0.24443425,-0.90111064,0.049474842,-0.043160946,-0.039922755,-0.039470168,0.95606843,-0.0047037639,0.85465536,-0.33498942,0.43302809,0.87650921,-0.38989639,-0.77398833,0.946328,-0.52876335,-0.99584087,-0.10529185,-0.12309493,-0.29849515,0.13772346,-0.16249887,-0.23566065,-0.16249887,-0.64436366,-0.23333086,-0.44497236,19,"walking"
-0.25220447,-0.24228948,0.25473218,-0.2497847,-0.89609352,0.0037276354,-0.027473639,0.02595193,0.057802919,0.95612721,-0.0018819362,0.85974166,-0.40244255,0.48920047,0.88050183,-0.45470636,-0.7725488,0.94826897,-0.57450612,-0.99752802,-0.23109607,-0.26897785,-0.32335822,0.23900865,-0.29256795,-0.50705459,-0.29256795,-0.74512454,-0.30028024,-0.30319883,19,"walking"
-0.26534526,-0.24246749,0.2656434,-0.26431581,-0.88288609,0.029394445,-0.045213072,-0.010981793,0.056592531,0.94409889,-0.10453628,0.82956433,-0.35009722,0.44541055,0.87875319,-0.29838567,-0.75706108,0.93665269,-0.53868093,-0.99633849,-0.22619702,-0.15351016,-0.27897474,0.25436158,-0.10174044,-0.3387671,-0.10174044,-0.59155592,-0.33768308,-0.20015729,19,"walking"
-0.26160401,-0.24246749,0.26175666,-0.25719681,-0.88941428,0.050781895,-0.045213072,-0.041357568,-0.040508536,0.9429427,-0.11606151,0.80707973,-0.25698512,0.35220245,0.86167779,-0.28882785,-0.758717,0.92798365,-0.4432832,-0.99559313,-0.29928494,-0.11819488,-0.29527811,0.32804955,-0.13397886,-0.3394346,-0.13397886,-0.62002962,-0.40636676,-0.19987883,19,"walking"
-0.26160401,-0.22326172,0.25506721,-0.24804324,-0.89795546,0.046557163,-0.040297078,-0.035399622,-0.036915274,0.9429427,-0.079950414,0.82165848,-0.36068274,0.44490939,0.87289233,-0.3913545,-0.76935325,0.93361486,-0.52683899,-0.99665354,-0.2826203,-0.17073057,-0.32522725,0.32978332,-0.19938843,-0.061208645,-0.19938843,-0.674636,-0.42753824,-0.16654669,19,"walking"
-0.25024382,-0.22326172,0.25121599,-0.24507095,-0.90050358,0.045694497,-0.041196277,-0.034613996,-0.036915274,0.95211338,-0.081166523,0.8676513,-0.45654191,0.54676602,0.89986481,-0.40644019,-0.77506561,0.95123528,-0.63665461,-0.99677178,-0.2730466,-0.19462923,-0.3015151,0.30780647,-0.16909508,-0.28539518,-0.16909508,-0.64987706,-0.39417602,-0.14303581,19,"walking"
-0.2422822,-0.22278642,0.24233904,-0.23344169,-0.91037182,0.048322743,-0.043703293,-0.038649653,-0.036937848,0.96257623,-0.13253964,0.8981259,-0.50306317,0.58749658,0.90003141,-0.34042111,-0.7870209,0.96285838,-0.67213596,-0.99607879,-0.25786924,-0.165509,-0.29996161,0.28829913,-0.10730058,-0.30867027,-0.10730058,-0.5964855,-0.37142432,-0.31238806,19,"walking"
-0.2422822,-0.24000643,0.24911015,-0.24082013,-0.90378782,0.047355677,-0.043703293,-0.036779928,-0.036766706,0.93864132,-0.14184273,0.84978854,-0.48122967,0.570414,0.90003141,-0.27712469,-0.77764784,0.94431875,-0.65996774,-0.99638312,-0.27346927,-0.13475516,-0.32057122,0.30527647,-0.10330313,-0.038926267,-0.10330313,-0.59294591,-0.38928202,-0.25704901,19,"walking"
-0.25622837,-0.24530592,0.26451017,-0.26032477,-0.88655129,0.04840915,-0.04470544,-0.037838057,-0.036766706,0.93172001,-0.10294514,0.79272916,-0.49396559,0.57782225,0.86675634,-0.38270092,-0.75540933,0.92238582,-0.6614967,-0.99618762,-0.33140638,-0.23615634,-0.30695244,0.35927584,-0.2145009,-0.0018296588,-0.2145009,-0.68664466,-0.43528817,-0.30011396,19,"walking"
-0.25925088,-0.24530592,0.26054518,-0.25495663,-0.89142522,0.051070291,-0.04470544,-0.041664264,-0.039849891,0.93172001,-0.010071383,0.8006153,-0.41105208,0.49452229,0.86143879,-0.36444185,-0.76036242,0.92545512,-0.57618119,-0.99552924,-0.24747886,-0.21035441,-0.30540429,0.26689796,-0.18827771,-0.17671845,-0.18827771,-0.6656494,-0.33922738,-0.372399,19,"walking"
-0.25925088,-0.23107584,0.25811079,-0.25098556,-0.89523595,0.046448509,-0.044370578,-0.035002464,-0.0359957,0.92369342,-0.28194632,0.79657781,-0.38651263,0.47454566,0.86143879,-0.2572711,-0.7650322,0.92386458,-0.56158673,-0.99664978,-0.099131475,-0.038540419,-0.33704749,0.13968087,-0.013628413,-0.16692142,-0.013628413,-0.50824291,-0.24367159,-0.19689459,19,"walking"
-0.27373297,-0.24431858,0.26585105,-0.25922386,-0.88778032,0.045609613,-0.044560274,-0.033377455,-0.0359957,0.9113015,-0.47715467,0.74805228,-0.39489167,0.48062118,0.85594548,-0.24306925,-0.75415692,0.90482752,-0.5658827,-0.99693877,-0.10099039,-0.0017899746,-0.35562469,0.15547534,0.051720379,0.14996658,0.051720379,-0.44181643,-0.27472783,-0.32347337,19,"walking"
-0.27616047,-0.26093954,0.2762644,-0.27413444,-0.87312823,0.053026645,-0.052984879,-0.043862555,-0.039901122,0.9113015,-0.25621476,0.73881523,-0.32748545,0.40690593,0.84004407,-0.28301938,-0.73744514,0.90121396,-0.48506853,-0.99501851,-0.17100537,-0.087429014,-0.29406502,0.23063112,-0.053562691,0.19537725,-0.053562691,-0.54702781,-0.35104603,-0.40396349,19,"walking"
-0.25827353,-0.26093954,0.27686989,-0.2764861,-0.87071238,0.052430025,-0.052984879,-0.043310247,-0.03924447,0.9201458,-0.2181998,0.7586017,-0.29769685,0.37336453,0.84427027,-0.32486755,-0.73674114,0.90904059,-0.44744806,-0.99512299,-0.15366325,-0.195326,-0.27410451,0.20267198,-0.15708489,-0.0078873711,-0.15708489,-0.63957457,-0.31383353,0.15402896,19,"walking"
-0.24272346,-0.24235155,0.24938377,-0.23756132,-0.90677879,0.03548351,-0.030925677,-0.019321532,-0.016531324,0.9301448,-0.58688315,0.79108039,-0.51496743,0.5993526,0.86424091,0.11574778,-0.7797605,0.92175038,-0.68223207,-0.9986782,-0.21758022,0.30208263,-0.4194686,0.23648187,0.31654039,-0.21265312,0.31654039,-0.12880614,-0.31076054,-0.25551077,19,"walking_downstairs"
-0.22616446,-0.21369576,0.24617413,-0.23166421,-0.91183289,0.041224375,-0.033960744,-0.027219097,-0.021307655,0.92105805,-0.51898768,0.77112299,-0.52122183,0.604948,0.85173759,0.16753797,-0.78330502,0.91394436,-0.68693434,-0.99777515,-0.19623953,0.38905275,-0.42939053,0.25103515,0.37811566,-0.17307765,0.37811566,-0.046077135,-0.36481208,-0.13392291,19,"walking_downstairs"
-0.22347564,-0.21539065,0.23891471,-0.22128631,-0.92004126,0.046644594,-0.037336421,-0.03478762,-0.036704644,0.92105805,-0.47482027,0.77478636,-0.54297262,0.61956353,0.85187296,-0.010924131,-0.79235659,0.91537584,-0.69442869,-0.99674359,-0.33588535,0.24265679,-0.43459662,0.35650905,0.21775058,-0.12286457,0.21775058,-0.25358553,-0.4242991,-0.063281876,19,"walking_downstairs"
-0.22347564,-0.22865022,0.24566515,-0.2319096,-0.91103969,0.043631337,-0.037336421,-0.030759485,-0.023910788,0.92868242,-0.46150381,0.7872549,-0.58347956,0.65289089,0.86042137,-0.17808673,-0.7834935,0.92026135,-0.7213464,-0.9972746,-0.25580909,0.10525141,-0.40711677,0.25914482,0.075518277,-0.15157588,0.075518277,-0.41635929,-0.31411623,-0.42317698,19,"walking_downstairs"
-0.20753624,-0.22865022,0.23800539,-0.22275679,-0.91779118,0.037807813,-0.035158216,-0.022781384,-0.023394762,0.92868242,-0.41587439,0.82619987,-0.61247478,0.68341761,0.88615775,-0.081963611,-0.79571675,0.93526764,-0.75435069,-0.99833829,-0.28766637,0.2184361,-0.42443416,0.28005799,0.18677894,-0.35161482,0.18677894,-0.2909189,-0.32109836,0.035936162,19,"walking_downstairs"
-0.20753624,-0.19800928,0.22861733,-0.2100249,-0.92852794,0.044357577,-0.04327846,-0.032218543,-0.023394762,0.94741684,-0.47126991,0.84730115,-0.62629007,0.70466722,0.88615775,-0.15747404,-0.80763078,0.94346767,-0.78334264,-0.99688536,-0.2732801,0.10307495,-0.41802414,0.26811288,0.07808985,-0.45618214,0.07808985,-0.41382936,-0.31272357,0.21565216,19,"walking_downstairs"
-0.22575491,-0.19800928,0.23384554,-0.21648426,-0.92396783,0.043503448,-0.04327846,-0.030811929,-0.017488738,0.94741684,-0.60646161,0.8230511,-0.56280574,0.65903081,0.87320344,-0.10844938,-0.8004047,0.93416324,-0.75462656,-0.99700496,-0.27020312,0.11829833,-0.42213343,0.28655405,0.10657379,-0.44312816,0.10657379,-0.38273145,-0.35334716,-0.27403258,19,"walking_downstairs"
-0.25193858,-0.22550518,0.25656452,-0.24205025,-0.90311218,0.041203343,-0.049885349,-0.026589872,-0.021422226,0.86738857,-0.65617004,0.69665148,-0.57996144,0.66879582,0.87557393,0.067898737,-0.76840807,0.88402405,-0.75871035,-0.99771999,-0.38324168,0.38158313,-0.46040232,0.42961804,0.38694423,-0.43253038,0.38694423,-0.033786161,-0.52097253,0.43628736,19,"walking_downstairs"
-0.24612364,-0.22410924,0.25793389,-0.24311216,-0.90218586,0.053944012,-0.085857291,-0.043954081,-0.02156706,0.86738857,-0.50406218,0.68000478,-0.62665597,0.71415858,0.86082819,0.052151346,-0.76323894,0.87746689,-0.80270426,-0.99439311,-0.2294727,0.32358659,-0.42372921,0.28126288,0.41265166,-0.36520884,0.41265166,0.002063251,-0.38917558,0.67067805,19,"walking_downstairs"
-0.24319347,-0.23050517,0.25240055,-0.24140079,-0.90351634,0.08278462,-0.12108059,-0.085861852,-0.052240679,0.88132478,-0.44060201,0.76759236,-0.64328959,0.72093642,0.86112539,0.081785919,-0.75877965,0.91243571,-0.79911918,-0.9819051,-0.1722858,0.41124061,-0.24915319,0.19324917,0.43505181,-0.063565714,0.43505181,0.033756001,-0.272264,0.49799872,19,"walking_downstairs"
-0.24319347,-0.23402926,0.25351681,-0.24376611,-0.90131353,0.078205913,-0.12108059,-0.079729444,-0.035641129,0.9285536,-0.4694109,0.78053413,-0.39795682,0.48835419,0.86112539,0.11903782,-0.75963092,0.91762622,-0.5742375,-0.98306103,-0.32483804,0.54186546,-0.24913511,0.32594691,0.40256739,0.024507101,0.40256739,-0.012222406,-0.37323152,0.040394017,19,"walking_downstairs"
-0.24531441,-0.23402926,0.25223203,-0.23965042,-0.90488918,0.057633894,-0.089877212,-0.050106322,-0.035641129,0.89410153,-0.52806807,0.75278809,-0.56806672,0.66080987,0.8450783,-0.046623104,-0.77010423,0.90670605,-0.75397494,-0.99319832,-0.2823151,0.32856383,-0.3604656,0.28824789,0.29884641,-0.084642413,0.29884641,-0.1519191,-0.34384023,-0.026804582,19,"walking_downstairs"
-0.24531441,-0.24422871,0.26386537,-0.25109152,-0.89454597,0.06670679,-0.071221213,-0.061414646,-0.037352071,0.84433687,-0.66695074,0.66805466,-0.59827114,0.69260111,0.8450783,0.061243059,-0.75045039,0.87255357,-0.78790029,-0.99073344,-0.23163164,0.33506438,-0.3648525,0.29754143,0.43895811,-0.20848251,0.43895811,0.039341992,-0.42080702,0.45294078,19,"walking_downstairs"
-0.24968558,-0.24422871,0.2716331,-0.25686862,-0.88945115,0.085967206,-0.14020412,-0.085922167,-0.076416199,0.83858052,-0.50052653,0.58610116,-0.58291792,0.66728263,0.79661051,0.02554748,-0.73104859,0.83934571,-0.75224963,-0.98256449,-0.36591227,0.35177678,-0.34753504,0.40740316,0.52201045,-0.21279271,0.52201045,0.16219918,-0.4951319,0.99715453,19,"walking_downstairs"
-0.27794455,-0.38636468,0.32336214,-0.3499263,-0.7813165,0.057181285,-0.12056881,-0.051574822,0.0061162398,0.88838069,-0.53857923,0.78544534,-0.7456857,0.79756226,0.8858387,-0.3927183,-0.66912585,0.9191005,-0.85004215,-0.98834898,-0.52827015,-0.25519381,-0.026855059,0.51917142,-0.25656011,-0.67275964,-0.25656011,-0.71888908,-0.54237072,-0.62313966,19,"walking_upstairs"
-0.38066028,-0.39376869,0.36784852,-0.4109051,-0.70185069,0.091182176,-0.12056881,-0.10058308,-0.057392783,0.88424332,-0.4930441,0.67890742,-0.7324866,0.78385208,0.8553629,-0.5042685,-0.59510167,0.8772259,-0.83579681,-0.97697935,-0.46704469,-0.4115058,0.18278503,0.4861035,-0.38383884,-0.61904115,-0.38383884,-0.80583358,-0.5434989,-0.51793703,19,"walking_upstairs"
-0.4119952,-0.39376869,0.37361965,-0.41734325,-0.69233544,0.081044334,-0.11642451,-0.085608075,-0.067897826,0.88424332,-0.36673725,0.66000734,-0.53652741,0.60249336,0.80273754,-0.35375661,-0.59058367,0.86969235,-0.66651608,-0.9827787,-0.33937897,-0.13429855,0.14576775,0.37622927,-0.17215045,-0.48462666,-0.17215045,-0.65236839,-0.46070496,-0.57391203,19,"walking_upstairs"
-0.38988071,-0.39369446,0.35806812,-0.39635359,-0.72326834,0.079901615,-0.11156755,-0.084037879,-0.067897826,0.88566435,-0.42364318,0.69383611,-0.60735698,0.67344836,0.82759633,-0.36784712,-0.61302226,0.88326468,-0.73898534,-0.98338795,-0.31373417,-0.12252815,0.11067104,0.35056784,-0.17660014,-0.5453744,-0.17660014,-0.65606452,-0.43732034,-0.65262823,19,"walking_upstairs"
-0.38739398,-0.36187251,0.34535459,-0.37890609,-0.74877239,0.084388718,-0.11156755,-0.090534413,-0.063458592,0.90060227,-0.40761461,0.71655151,-0.63535038,0.70143035,0.82759633,-0.51112138,-0.62937126,0.89238496,-0.76776814,-0.98098782,-0.29296401,-0.32542612,0.098187273,0.30478416,-0.34606072,-0.63832688,-0.34606072,-0.78170364,-0.3653311,-0.65141926,19,"walking_upstairs"
-0.38739398,-0.35164549,0.34592874,-0.37813415,-0.74987559,0.070624226,-0.11129497,-0.070358351,-0.059138958,0.9023855,-0.42625806,0.70664659,-0.63017139,0.69357923,0.82690792,-0.44893644,-0.6332387,0.88844339,-0.75657136,-0.98790574,-0.26536968,-0.26015754,0.03459972,0.27574963,-0.32084528,-0.57464282,-0.32084528,-0.76482063,-0.33528919,-0.4176129,19,"walking_upstairs"
-0.39119003,-0.35178603,0.34666922,-0.37898832,-0.74869861,0.064120952,-0.068679408,-0.060981969,-0.059138958,0.90442524,-0.49649477,0.70605141,-0.59617036,0.65714041,0.81751673,-0.41413256,-0.63403085,0.88821323,-0.71642528,-0.99114361,-0.24261822,-0.24751472,0.011422395,0.26203108,-0.30106779,-0.55328497,-0.30106779,-0.75113062,-0.3331914,-0.67119322,19,"walking_upstairs"
-0.27727235,-0.44198251,0.33725133,-0.36873676,-0.74830915,0.045094332,-0.12983627,-0.033938216,0.021646231,0.87612624,-0.46374239,0.75714639,-0.69142798,0.74938001,0.87837667,-0.27770211,-0.65164438,0.90792854,-0.80804699,-0.99169501,-0.52891087,0.014221088,-0.025402673,0.51376351,-0.08287814,-0.72429051,-0.08287814,-0.57428312,-0.53041308,-0.62739395,19,"walking_upstairs"
-0.3915651,-0.44198251,0.39134379,-0.44434637,-0.64818039,0.093979572,-0.14166159,-0.10498132,-0.013282479,0.8675562,-0.48939365,0.64018316,-0.70799646,0.76705863,0.84513613,-0.40562217,-0.56088899,0.86150641,-0.82684686,-0.97222108,-0.58000735,-0.18230266,0.25512342,0.57407711,-0.24572158,-0.43200056,-0.24572158,-0.71075165,-0.5970511,-0.6056012,19,"walking_upstairs"
-0.40881318,-0.43677322,0.37745853,-0.42135724,-0.68522733,0.10348705,-0.14166159,-0.11749487,-0.096864205,0.8675562,-0.52326821,0.63024293,-0.63226842,0.69544633,0.79840046,-0.34992631,-0.57654507,0.85756097,-0.75811375,-0.96919955,-0.49103047,-0.13363885,0.21854405,0.5331664,-0.20070105,-0.42330393,-0.20070105,-0.67569535,-0.61355888,-0.64918084,19,"walking_upstairs"
-0.4031801,-0.38333542,0.36057472,-0.39695169,-0.72294475,0.097431053,-0.12142189,-0.10840929,-0.096864205,0.87345945,-0.55148146,0.65475558,-0.63346519,0.69879353,0.80030262,-0.29937292,-0.60277039,0.86755607,-0.76365144,-0.97399471,-0.43144589,-0.14970885,0.14721063,0.499183,-0.16918315,-0.53688483,-0.16918315,-0.64991569,-0.6103713,-0.65497569,19,"walking_upstairs"
-0.4031801,-0.37803222,0.35954195,-0.39726089,-0.72252172,0.10047849,-0.12142189,-0.11329553,-0.1006041,0.8849497,-0.55944717,0.67002379,-0.55612536,0.62973542,0.81456653,-0.42803911,-0.60288996,0.87373611,-0.70251991,-0.9718803,-0.36505576,-0.27595262,0.17299052,0.40435392,-0.25980483,-0.43833761,-0.25980483,-0.72116543,-0.48849468,-0.44576608,19,"walking_upstairs"
-0.4104096,-0.38025947,0.36183057,-0.40337955,-0.71352674,0.089383541,-0.12046115,-0.098190709,-0.091480775,0.89266995,-0.47889693,0.69812487,-0.65071733,0.71367187,0.82441255,-0.39842238,-0.60427023,0.8850149,-0.77646412,-0.97838653,-0.40109497,-0.22644869,0.17093375,0.42969463,-0.24325187,-0.37477852,-0.24325187,-0.70888078,-0.50066084,-0.27577675,19,"walking_upstairs"
-0.4104096,-0.38025947,0.36084659,-0.40104988,-0.71698154,0.093696906,-0.12843985,-0.10414831,-0.091480775,0.8778477,-0.44766951,0.68918531,-0.69475431,0.75411448,0.82441255,-0.35742227,-0.60394536,0.88139837,-0.8135452,-0.97551884,-0.21883533,-0.17150165,0.173572,0.23202185,-0.20277493,-0.60159345,-0.20277493,-0.67733846,-0.29869885,-0.50316921,19,"walking_upstairs"
-0.22352477,-0.25147218,0.24555419,-0.22834714,-0.91378428,0.019334643,-0.0013455324,0.0035297567,0.0077531687,0.89585984,-0.35016814,0.7335294,-0.59372247,0.68116261,0.86628922,0.049943814,-0.78670253,0.8989706,-0.76921951,-0.99989055,-0.097978202,0.25855754,-0.53595465,0.086236499,0.29941875,-0.087963164,0.29941875,-0.15062959,-0.13629385,0.059919658,19,"walking_downstairs"
-0.20503244,-0.19040869,0.22686537,-0.20147605,-0.93481459,0.021636515,-0.027410082,0.00036045353,0.0077531687,0.89585984,-0.39108104,0.73585209,-0.63177325,0.7159471,0.87398757,0.055783481,-0.81370998,0.89984666,-0.8008761,-0.99954981,-0.229498,0.30568719,-0.59454501,0.28137983,0.3726494,-0.2540875,0.3726494,-0.053314942,-0.38804072,0.11882324,19,"walking_downstairs"
-0.20503244,-0.23226676,0.22861046,-0.20793278,-0.92934908,0.034428986,-0.029047255,-0.017803683,0.0046492648,0.91196763,-0.49393004,0.80927183,-0.62980827,0.71521847,0.88272404,0.072161704,-0.80983354,0.92867139,-0.80176307,-0.99845639,-0.2918203,0.26426103,-0.48644746,0.32543577,0.36239289,-0.1657702,0.36239289,-0.067600246,-0.41045689,0.095187721,19,"walking_downstairs"
-0.21026319,-0.23482804,0.24712064,-0.23251686,-0.91018419,0.038149406,-0.029047255,-0.022841123,-0.013984811,0.89847784,-0.28464118,0.76352781,-0.60773983,0.686663,0.88272404,-0.019580375,-0.78255867,0.91064917,-0.7662038,-0.99824791,0.052483302,0.33570941,-0.44510975,-0.05745864,0.34670262,-0.11853687,0.34670262,-0.088717065,-0.010741428,0.28312086,19,"walking_downstairs"
-0.19066871,-0.23482804,0.23501799,-0.21247183,-0.92495779,0.044213916,-0.067093473,-0.030756412,-0.013984811,0.89847784,-0.25297831,0.7198051,-0.62647502,0.70096648,0.83813298,-0.062121086,-0.79855154,0.89364915,-0.77549148,-0.99648567,-0.091963928,0.21653766,-0.51108414,0.058259561,0.26552802,-0.18221726,0.26552802,-0.19455373,-0.085188714,0.29636773,19,"walking_downstairs"
-0.19066871,-0.21905543,0.23475353,-0.21409881,-0.92403374,0.059450955,-0.067093473,-0.052333467,-0.017032099,0.91127585,-0.53111301,0.75198322,-0.63083327,0.71085699,0.85203954,-0.014136528,-0.79392659,0.90640391,-0.79101259,-0.99275764,-0.34238484,0.10444838,-0.42448387,0.32908201,0.238609,-0.15685282,0.238609,-0.22727544,-0.36018838,0.45480143,19,"walking_downstairs"
-0.21253647,-0.21905543,0.24650133,-0.23216845,-0.91101011,0.061331605,-0.065765864,-0.05542911,-0.053291526,0.91127585,-0.51163439,0.76688074,-0.59881275,0.68615578,0.85228187,0.069383369,-0.77679827,0.91225391,-0.77335201,-0.99254737,-0.31299814,0.19933063,-0.3558927,0.34267266,0.3281784,-0.48052548,0.3281784,-0.11287673,-0.42225431,1,19,"walking_downstairs"
-0.28288904,-0.41517397,0.32695881,-0.35441115,-0.77453979,0.075503893,-0.17382045,-0.078013094,-0.002833735,0.8431624,-0.35382599,0.76765298,-0.69756858,0.75000922,0.8946643,-0.35800291,-0.65854121,0.91167277,-0.80315113,-0.97849773,-0.36382835,-0.25413706,0.035378404,0.37765767,-0.22474632,-0.68253707,-0.22474632,-0.69466293,-0.43697249,-0.62780802,19,"walking_upstairs"
-0.37726557,-0.42718161,0.38590589,-0.43248651,-0.66690209,0.13180273,-0.19369191,-0.15778304,-0.085666306,0.8336379,-0.48978442,0.59111975,-0.69129828,0.74886315,0.84385866,-0.40166893,-0.55082965,0.84112537,-0.80717624,-0.94502962,-0.38456031,-0.24818959,0.32481502,0.42430318,-0.23210299,-0.64041709,-0.23210299,-0.70032235,-0.50978076,-0.56421894,19,"walking_upstairs"
-0.41633599,-0.42718161,0.3919521,-0.43910836,-0.65721412,0.12993708,-0.19369191,-0.15455276,-0.12659074,0.8336379,-0.57775339,0.56833023,-0.62469577,0.70510418,0.80936166,-0.28467756,-0.54354107,0.83188132,-0.78657103,-0.947544,-0.47643562,-0.13072435,0.31639011,0.52132169,-0.096144293,-0.57232822,-0.096144293,-0.58643038,-0.6055619,-0.49429144,19,"walking_upstairs"
-0.3915229,-0.41743688,0.36419772,-0.40459498,-0.71087863,0.10966099,-0.14800682,-0.12676764,-0.12259181,0.84234421,-0.61890051,0.66411917,-0.65976651,0.72781757,0.82767779,-0.26573313,-0.59218155,0.87107658,-0.79664711,-0.96524906,-0.57439173,-0.07715678,0.22379139,0.62001512,-0.11962558,-0.54369148,-0.11962558,-0.60745117,-0.69832853,-0.10660582,19,"walking_upstairs"
-0.3915229,-0.36743933,0.34982014,-0.38549535,-0.73945749,0.097402282,-0.12833501,-0.10939119,-0.089473377,0.89626856,-0.49554484,0.70503318,-0.61005777,0.6717381,0.82767779,-0.25355765,-0.61779981,0.88778434,-0.73285263,-0.97317223,-0.44505762,-0.14473289,0.15762109,0.47930827,-0.1038231,-0.49131498,-0.1038231,-0.5933531,-0.5535745,-0.39885535,19,"walking_upstairs"
-0.39407261,-0.3575118,0.34976118,-0.38192047,-0.74458174,0.094617985,-0.13715198,-0.10432652,-0.089473377,0.87636054,-0.50054534,0.67446904,-0.62405458,0.68263535,0.81197089,-0.27567603,-0.61908486,0.87550709,-0.74067217,-0.97546971,-0.27227903,-0.062259994,0.11077152,0.31932835,-0.077822265,-0.52238635,-0.077822265,-0.56972451,-0.41825279,-0.47662267,19,"walking_upstairs"
-0.39410342,-0.35959551,0.35049854,-0.38272359,-0.74343285,0.11290947,-0.14584839,-0.13030397,-0.092434877,0.87636054,-0.53231073,0.65985016,-0.70152279,0.76085335,0.80958297,-0.40094082,-0.60946725,0.86960164,-0.82038481,-0.96280073,-0.099771013,-0.20912143,0.17101023,0.12902877,-0.19734817,-0.6914483,-0.19734817,-0.67261739,-0.22099694,-0.5334655,19,"walking_upstairs"
-0.18673275,-0.14966255,0.19960252,-0.16977898,-0.95555811,-0.07963139,0.13682035,0.14562043,0.1461273,0.97423952,0.07498672,0.87857733,-0.26358356,0.28958732,0.88229604,-0.94894049,-0.80016854,0.95546921,-0.3156386,-0.961117,-0.18533905,-0.93777747,-0.23126291,0.12023306,-0.939472,-0.39902017,-0.939472,-0.99756884,-0.10745662,-0.95248298,19,"standing"
-0.18174621,-0.1383295,0.19523257,-0.16332144,-0.95929176,-0.077451151,0.13247312,0.14242693,0.1461273,0.97423952,-0.076033317,0.88138473,-0.25044263,0.28146137,0.8843957,-0.94083226,-0.80695134,0.95653637,-0.31279687,-0.9627872,-0.36436169,-0.95107757,-0.25528029,0.37910672,-0.94145484,-0.49110588,-0.94145484,-0.99770657,-0.43930157,-0.95328307,19,"standing"
-0.17985003,-0.13432725,0.19233134,-0.15910602,-0.96162393,-0.075538208,0.13247312,0.13971092,0.13881851,0.97657704,-0.44643641,0.88534827,-0.4246545,0.43652622,0.8843957,-0.95492449,-0.81188833,0.95804439,-0.44843547,-0.96434014,-0.50936762,-0.9638453,-0.27108525,0.53669734,-0.95737996,-0.64562746,-0.95737996,-0.99866631,-0.6002836,-0.98030426,19,"standing"
-0.17982315,-0.13335532,0.19135823,-0.15765675,-0.96241387,-0.078861677,0.14092331,0.14442743,0.13881851,0.97660803,0.026712139,0.88299323,-0.27081898,0.32172999,0.88401802,-0.9836205,-0.80968318,0.9571494,-0.37368022,-0.96187574,-0.47653029,-0.98123244,-0.2641391,0.43128414,-0.98416001,-0.75255621,-0.98416001,-0.99971424,-0.41947891,-0.97592193,19,"standing"
-0.17982315,-0.14152313,0.19502508,-0.16294894,-0.95945954,-0.075765242,0.13781166,0.13995482,0.13683077,0.97614979,0.18113871,0.88088329,-0.15033456,0.20667748,0.8819383,-0.98519147,-0.80878105,0.95634709,-0.26315003,-0.96429237,-0.48789426,-0.98495175,-0.26326148,0.44005482,-0.98489403,-0.48445839,-0.98489403,-0.99973295,-0.42476687,-0.98434786,19,"standing"
-0.1858963,-0.14163252,0.19926236,-0.16916784,-0.95595368,-0.073302767,0.13759385,0.13647865,0.12936284,0.97614979,-0.027313015,0.88032608,0.03193275,-0.010169961,0.88148914,-0.99334599,-0.8064327,0.95613513,-0.010741948,-0.96613256,-0.13120432,-0.99174072,-0.25606951,0.049272119,-0.99207175,-0.37403709,-0.99207175,-0.99988791,-0.022577115,-0.99272752,19,"standing"
-0.19061449,-0.14163252,0.1994389,-0.16943899,-0.95580202,-0.073358512,0.13759385,0.13657037,0.12785582,0.97625468,-0.09421567,0.88049414,-0.014495252,0.052280905,0.88160244,-0.99716211,-0.8061855,0.95619907,-0.090105485,-0.96608612,-0.060773351,-0.9964283,-0.2549651,-0.0032216127,-0.99700506,-0.34560268,-0.99700506,-0.99996502,0.0060012854,-0.98997476,19,"standing"
-0.18972436,-0.14029055,0.19837378,-0.1679129,-0.95669083,-0.073530296,0.13785508,0.1368383,0.12785582,0.97630242,-0.35944597,0.88188242,-0.16710544,0.18850929,0.88277934,-0.98398758,-0.80720941,0.95672703,-0.20983088,-0.96594769,-0.0078948775,-0.98335541,-0.25737823,-0.064402964,-0.98463768,-0.47515748,-0.98463768,-0.99972631,0.072762722,-0.9877048,19,"standing"
-0.18369914,-0.13844576,0.19667392,-0.1654259,-0.95810572,-0.074743064,0.13785508,0.13856251,0.13611893,0.97566448,-0.4267929,0.88218262,-0.21615533,0.23243095,0.88277934,-0.98131078,-0.80795355,0.95684116,-0.24897689,-0.96502593,0.042801005,-0.97988776,-0.2593053,-0.13198448,-0.9812998,-0.53466608,-0.9812998,-0.99963619,0.15427527,-0.99194903,19,"standing"
-0.18274018,-0.13736949,0.19406595,-0.16156884,-0.96027174,-0.079149367,0.13834161,0.1448013,0.13934619,0.97545007,-0.20203418,0.87975115,-0.20297701,0.22155537,0.88260989,-0.98885845,-0.80655563,0.9559162,-0.24052104,-0.96164982,-0.11233401,-0.98550177,-0.25488771,0.041988795,-0.98837074,-0.42206201,-0.98837074,-0.99981445,-0.029004383,-0.9849518,19,"standing"
-0.18274018,-0.13355619,0.1933947,-0.16060006,-0.96081407,-0.080576394,0.14376191,0.14684685,0.13934619,0.97545007,0.1953145,0.87951384,-0.061963875,0.10661284,0.88142371,-0.98053525,-0.80586753,0.955826,-0.1510833,-0.96054443,-0.23720402,-0.97384148,-0.25222617,0.21826168,-0.97667765,-0.27399099,-0.97667765,-0.99949289,-0.25121554,-0.97978483,19,"standing"
-0.18055832,-0.13407604,0.19403012,-0.16149122,-0.96032097,-0.076895255,0.13914608,0.14156063,0.13832889,0.9761288,0.073743945,0.88068207,0.044017357,0.036497099,0.88156934,-0.95560506,-0.80877101,0.95627057,-0.11707926,-0.96342373,-0.66073747,-0.94890879,-0.26307639,0.65662638,-0.95298987,-0.59560289,-0.95298987,-0.99842634,-0.67582693,-0.93648523,19,"standing"
-0.16373301,-0.13407604,0.18934942,-0.15453227,-0.96395778,-0.074321615,0.13498868,0.13775875,0.13095296,0.97604201,-0.0058211351,0.88227351,-0.39268716,0.39788936,0.88599599,-0.96150217,-0.81623018,0.95687531,-0.40309297,-0.96546366,-0.68453947,-0.9526899,-0.29097023,0.67428351,-0.95835506,-0.65742222,-0.95835506,-0.99871686,-0.68542387,-0.90852858,19,"standing"
-0.15767289,-0.12788238,0.18071717,-0.14196968,-0.97030323,-0.069897268,0.12346313,0.13147667,0.12923982,0.97604201,0.40236931,0.89210128,-0.31071566,0.30883197,0.88996342,-0.97343761,-0.82959195,0.96060407,-0.30686255,-0.96859012,-0.52183882,-0.96968606,-0.33470136,0.50423866,-0.97190613,-0.26467701,-0.97190613,-0.99932281,-0.5189782,-0.95897444,19,"standing"
-0.15534347,-0.1109851,0.17550144,-0.13440875,-0.97388376,-0.063462153,0.12100134,0.12234346,0.12209996,0.9812375,0.050203769,0.90132375,-0.36891857,0.39718169,0.88996342,-0.97563511,-0.84135324,0.96410174,-0.42589151,-0.97302515,-0.30687199,-0.97208201,-0.3729127,0.33057376,-0.97175226,-0.63485105,-0.97175226,-0.99931694,-0.40447151,-0.94710603,19,"standing"
-0.15525329,-0.11362681,0.17524914,-0.13399464,-0.9740612,-0.059601229,0.11161041,0.11677774,0.11082998,0.98389977,-0.17257149,0.90223026,-0.35544471,0.4005499,0.89031086,-0.95544659,-0.84537889,0.96444492,-0.44585208,-0.97554065,-0.58287141,-0.95587131,-0.38824934,0.55767413,-0.95335545,-0.78737477,-0.95335545,-0.99844745,-0.55987428,-0.9049769,19,"standing"
-0.15525329,-0.11764632,0.17978807,-0.14067628,-0.97094135,-0.056484663,0.11107046,0.11236217,0.10921537,0.9834485,-0.48110904,0.90257847,-0.28709443,0.33066651,0.89034292,-0.95133493,-0.84338587,0.96457658,-0.37472988,-0.97744263,-0.56806542,-0.95798016,-0.38165012,0.53638606,-0.95122892,-0.79265277,-0.95122892,-0.99832532,-0.53267091,-0.95023281,19,"standing"
-0.13805052,-0.18040228,0.20963626,-0.185559,-0.94499828,-0.054122597,0.094995748,0.10984558,0.14976674,0.97290878,-0.13465228,0.91261308,-0.92690931,0.93840201,0.91328671,-0.93338865,-0.81008807,0.96830696,-0.94971058,-0.97811923,-0.9641537,-0.92178678,-0.25931715,0.9660681,-0.91804008,-0.9356993,-0.91804008,-0.99583675,-0.97061659,-0.92945307,19,"standing"
-0.18178213,-0.17448401,0.20106414,-0.1716496,-0.95410624,-0.059575233,0.10217917,0.11674452,0.11320034,0.97290878,-0.26755526,0.88380892,-0.82089885,0.82011879,0.89446499,-0.95735809,-0.81626504,0.95745416,-0.81898407,-0.97550944,-0.89553146,-0.96105897,-0.29952456,0.88639634,-0.95731504,-0.81250125,-0.95731504,-0.99866282,-0.88395832,-0.97053081,19,"standing"
-0.18109535,-0.13588779,0.19251216,-0.15925788,-0.96154561,-0.065392399,0.12242451,0.12511224,0.12651891,0.97397713,-0.031897365,0.88874324,-0.53617026,0.53587985,0.8864637,-0.98703682,-0.82114227,0.95933239,-0.53546273,-0.97170675,-0.82079885,-0.98361381,-0.30720482,0.81700175,-0.98633351,-0.64092228,-0.98633351,-0.99976814,-0.82541718,-0.97748109,19,"standing"
-0.18081389,-0.13098685,0.19175971,-0.15828372,-0.96207867,-0.073215154,0.1259277,0.13640326,0.13727881,0.9764204,-0.29923912,0.88765875,-0.30709403,0.30759828,0.8864637,-0.98190608,-0.81472221,0.95892102,-0.30803753,-0.9660578,-0.64661475,-0.9791171,-0.28047091,0.63953438,-0.98160997,-0.62098491,-0.98160997,-0.99964495,-0.65650679,-0.9581844,19,"standing"
-0.18081389,-0.13325847,0.19294379,-0.15998784,-0.96114485,-0.07963931,0.13939777,0.14555479,0.13803748,0.97630344,0.0073245663,0.88172645,-0.25223639,0.25851132,0.88401246,-0.96089301,-0.80725958,0.95666763,-0.26485942,-0.96125306,-0.77611987,-0.95617343,-0.25572277,0.78863173,-0.96149087,-0.60843383,-0.96149087,-0.99887326,-0.81737861,-0.88184497,19,"standing"
-0.18342295,-0.14292909,0.19590608,-0.16429655,-0.95873822,-0.083562007,0.15008341,0.15113936,0.1551122,0.96921806,0.051219605,0.87631799,-0.51270392,0.51372894,0.88140115,-0.94142487,-0.80030305,0.95460759,-0.51468893,-0.95807262,-0.85093212,-0.9411396,-0.23306095,0.86171928,-0.94226889,-0.67867614,-0.94226889,-0.99776173,-0.88362451,-0.82165532,19,"standing"
-0.18567597,-0.16082057,0.20278557,-0.17426967,-0.95279567,-0.092552455,0.15081349,0.16389812,0.16588398,0.96484208,-0.087154476,0.86269858,-0.44322609,0.4541504,0.88112318,-0.9420974,-0.78423237,0.94940668,-0.46522211,-0.95023708,-0.78887034,-0.9324601,-0.18188654,0.80165727,-0.93934645,-0.70374699,-0.93934645,-0.99756072,-0.83011112,-0.80311107,19,"standing"
-0.19540963,-0.16860115,0.21246292,-0.1884941,-0.9438518,-0.096673952,0.16406335,0.1699107,0.16588398,0.96484208,-0.25856546,0.85431566,-0.27265296,0.28906923,0.873761,-0.90279348,-0.77000061,0.94620371,-0.30547374,-0.94656654,-0.72811487,-0.88418027,-0.13335155,0.72020198,-0.89629645,-0.87014659,-0.89629645,-0.99362002,-0.7306697,-0.87708545,19,"standing"
-0.17040957,-0.16860115,0.20753151,-0.18128729,-0.94804652,-0.10113835,0.16406335,0.17622367,0.19689105,0.9632014,-0.20409775,0.85412876,-0.15960625,0.17645321,0.87319336,-0.92667863,-0.77071904,0.94613202,-0.19348198,-0.94207677,-0.72602457,-0.91379131,-0.13619161,0.70488971,-0.9236575,-0.89527587,-0.9236575,-0.99633707,-0.70146698,-0.89278795,19,"standing"
-0.16904717,-0.16135238,0.19281614,-0.15968656,-0.96098865,-0.1168877,0.16890713,0.19835085,0.20420103,0.96137175,-0.30641794,0.84756929,-0.42396683,0.43427956,0.87284657,-0.93085524,-0.76787889,0.9436154,-0.44456438,-0.92607713,-0.8097176,-0.92883573,-0.1405648,0.79233618,-0.92760922,-0.88295734,-0.92760922,-0.99666819,-0.7870601,-0.81097711,19,"standing"
-0.16904717,-0.14721578,0.19343124,-0.16062535,-0.96061304,-0.11825782,0.17799343,0.20034592,0.20420103,0.96137175,-0.20555105,0.84686311,-0.41485937,0.4222831,0.87148158,-0.91397272,-0.7657907,0.94334488,-0.42948806,-0.92473042,-0.79367804,-0.91588073,-0.13320463,0.78195498,-0.9121172,-0.9065446,-0.9121172,-0.99528057,-0.78377744,-0.88826323,19,"standing"
-0.18524172,-0.1828287,0.20737484,-0.18092148,-0.94844862,-0.093496344,0.099424497,0.16521789,0.19146176,0.96381373,-0.10785924,0.85749354,-0.41276239,0.43112422,0.88009196,-0.85276998,-0.77849611,0.94741799,-0.4498177,-0.94779644,-0.6141864,-0.9063715,-0.16412041,0.58502593,-0.86146593,-0.87019532,-0.86146593,-0.9890896,-0.58093596,-0.90395207,19,"standing"
-0.19968523,-0.19204844,0.22352057,-0.20457671,-0.93248722,-0.052702075,0.069689647,0.1070956,0.16438456,0.96686713,-0.16975123,0.8741127,-0.56956176,0.57930455,0.8843835,-0.87251544,-0.79354432,0.953762,-0.58904563,-0.9768352,-0.6827367,-0.91561871,-0.24298958,0.65079885,-0.88027076,-0.91038452,-0.88027076,-0.99168478,-0.63883549,-0.6938539,19,"standing"
-0.17521406,-0.19204844,0.21633554,-0.19425443,-0.93890993,-0.036978644,0.069689647,0.084568631,0.11049618,0.97546892,0.69355169,0.89046154,-0.72742457,0.73248646,0.88846004,-0.9273408,-0.81270209,0.95998408,-0.73723348,-0.98718868,-0.60857771,-0.94953156,-0.31924989,0.56796951,-0.93197968,-0.94671499,-0.93197968,-0.99701649,-0.55194012,-0.52764414,19,"standing"
-0.17474279,-0.17148803,0.19565418,-0.16390665,-0.95860451,-0.058115181,0.076173909,0.11475474,0.12878056,0.97800797,0.27794181,0.89235132,-0.63376945,0.6348899,0.88846004,-0.92489467,-0.82385523,0.96070168,-0.63567314,-0.97547782,-0.87700186,-0.94596074,-0.31962347,0.86480721,-0.92660473,-0.71070132,-0.92660473,-0.99658484,-0.86038217,-0.84556238,19,"standing"
0.56074235,0.52795581,-0.33954894,0.57880551,-0.31197837,-0.51710336,0.66860905,0.70334497,0.71814648,0.19674059,-0.6032701,-0.59048908,-0.98315462,0.98672895,0.25208736,-0.91570627,0.10624235,0.19207408,-0.98996967,-0.036313964,-0.9513918,-0.92619064,1,0.95608918,-0.91534686,-0.96131769,-0.91534686,-0.99558965,-0.96449751,-0.93966541,19,"sitting"
0.55466978,0.58665465,-0.34923613,0.58002588,-0.30972551,-0.50612251,0.67289009,0.68007203,0.70038162,0.20081299,-0.90200704,-0.60184116,-0.97397479,0.97477895,0.12343776,-0.95656129,0.10398561,0.18366148,-0.97519912,-0.10006781,-0.88181591,-0.95524324,0.92495019,0.86957103,-0.9552064,-0.89155461,-0.9552064,-0.99854951,-0.86473845,-0.99053997,19,"sitting"
0.5574988,0.59079086,-0.35990653,0.59310252,-0.27923485,-0.49854515,0.67289009,0.67290051,0.66021224,0.20858834,-0.89969926,-0.60886181,-0.8706482,0.87014794,0.12276027,-0.96200717,0.10934928,0.17784769,-0.86929383,-0.11940353,-0.75813221,-0.9682492,0.93011896,0.7337949,-0.96397404,-0.74997986,-0.96397404,-0.99899001,-0.72474354,-0.98611998,19,"sitting"
0.5574988,0.61594423,-0.36392982,0.59914388,-0.26507258,-0.49733493,0.6741848,0.67316865,0.66021224,0.20858834,-0.16203066,-0.61437968,-0.85717793,0.86829649,0.10359584,-0.99262976,0.11423038,0.17326856,-0.87908869,-0.11869779,-0.75050549,-0.99434883,0.93843608,0.74126043,-0.99378013,-0.37483018,-0.99378013,-0.9999174,-0.74856792,-0.99270101,19,"sitting"
0.55668632,0.61594423,-0.36402611,0.59870117,-0.26612798,-0.49609727,0.67074866,0.67124386,0.65868497,0.21098107,-0.71048978,-0.61218192,-0.68628281,0.71993932,0.10621366,-0.9669211,0.11229358,0.17511232,-0.75375121,-0.12377112,-0.34280386,-0.96462505,0.93563609,0.38173653,-0.9666591,-0.41299181,-0.9666591,-0.99910978,-0.46911586,-0.98879479,19,"sitting"
0.55846369,0.61644736,-0.36551937,0.60010296,-0.26278733,-0.49397461,0.66875022,0.66863992,0.65748686,0.21115167,-0.74574044,-0.61104097,-0.66007669,0.70590244,0.10621366,-0.96723363,0.11127579,0.17606769,-0.75234694,-0.13061062,-0.27741428,-0.96459441,0.93432203,0.39802878,-0.96661205,-0.42434433,-0.96661205,-0.99910775,-0.57751615,-0.98911419,19,"sitting"
0.55958943,0.61819915,-0.36749182,0.60186507,-0.25857856,-0.49255325,0.66747282,0.66659609,0.65405289,0.20888403,-0.47363107,-0.61314037,-0.60102387,0.60153445,0.10621194,-0.98606115,0.11228053,0.17430675,-0.60167395,-0.1359675,-0.314994,-0.98476421,0.9302598,0.30873288,-0.98668958,-0.40276394,-0.98668958,-0.9997765,-0.34992969,-0.99723372,19,"sitting"
0.56012778,0.62001424,-0.36833301,0.60282865,-0.25627372,-0.49101425,0.66570672,0.66494761,0.65211995,0.20888403,-0.45462743,-0.61141167,-0.70824967,0.70796559,0.10912995,-0.9861082,0.11113289,0.17574909,-0.70729838,-0.14026999,-0.17736058,-0.98554238,0.93124519,0.11593898,-0.98756967,-0.40966309,-0.98756967,-0.99979674,-0.10743847,-0.99896038,19,"sitting"
0.56079814,0.62061328,-0.36850271,0.60352866,-0.25459512,-0.48993746,0.66570672,0.66432383,0.65106768,0.21248732,-0.51901562,-0.60850605,-0.72323408,0.72352624,0.10912995,-0.9889801,0.10960899,0.17818409,-0.72340914,-0.14189798,-0.42300151,-0.98973951,0.93616171,0.384141,-0.99084607,-0.17553248,-0.99084607,-0.99986506,-0.382625,-0.99848468,19,"sitting"
0.56079814,0.62091685,-0.36843837,0.60368676,-0.25421625,-0.4893003,0.66452742,0.66388001,0.65106768,0.2135523,-0.51386459,-0.60643393,-0.64555937,0.64466651,0.11264552,-0.98966874,0.1084252,0.17990516,-0.64332459,-0.14305233,-0.26603364,-0.98893949,0.93871466,0.21491551,-0.99090853,-0.39575,-0.99090853,-0.99986637,-0.21105897,-0.99800425,19,"sitting"
0.56073773,0.62091685,-0.36875602,0.60356588,-0.25450632,-0.48798199,0.66153297,0.66194473,0.65021472,0.21599615,-0.65517103,-0.6045464,-0.78547603,0.78655995,0.11264552,-0.98673622,0.10675802,0.18147713,-0.78725522,-0.14808299,-0.26287872,-0.9855847,0.936238,0.21141073,-0.98791622,-0.44566155,-0.98791622,-0.99980438,-0.20738479,-0.99466736,19,"sitting"
0.56073773,0.62115888,-0.36915274,0.60367924,-0.25423457,-0.48676808,0.66129963,0.66027558,0.64792237,0.21630874,-0.61537684,-0.60294121,-0.79047533,0.79259315,0.11488638,-0.98403771,0.10540667,0.18280475,-0.79432473,-0.1524116,-0.21311467,-0.98337501,0.93463867,0.1554041,-0.98556823,-0.33463324,-0.98556823,-0.9997497,-0.14818746,-0.9946005,19,"sitting"
0.56106578,0.62115888,-0.36905008,0.60391462,-0.25366955,-0.48661699,0.66129963,0.66048225,0.64758861,0.21875283,-0.39075233,-0.60184953,-0.78686997,0.79009211,0.11488638,-0.98991784,0.10497775,0.18371097,-0.79291127,-0.15187656,0.036576857,-0.98888575,0.9375727,-0.11957227,-0.99077155,-0.40998018,-0.99077155,-0.99986371,0.136528,-0.99801801,19,"sitting"
0.56116649,0.62181204,-0.36920528,0.60423293,-0.25290586,-0.48763439,0.66323667,0.66173442,0.64881684,0.21438465,-0.41530246,-0.60463181,-0.79292061,0.79539384,0.11234526,-0.99278366,0.1069481,0.18140616,-0.79750465,-0.14863135,-0.052049159,-0.98977989,0.93735099,-0.017315419,-0.99299207,-0.35715914,-0.99299207,-0.99990421,0.025834985,-0.99865042,19,"sitting"
0.56146018,0.62181204,-0.36948186,0.60442472,-0.25244508,-0.48792066,0.66275407,0.66191584,0.64881706,0.21420264,-0.3899711,-0.60622153,-0.75848706,0.75913658,0.11180539,-0.98867687,0.10790499,0.18008459,-0.75939667,-0.14815995,-0.14338702,-0.9880527,0.93581531,0.079238123,-0.99000406,-0.39646675,-0.99000406,-0.99984855,-0.069894668,-0.99722016,19,"sitting"
0.45810022,0.20356888,-0.092920992,0.25607068,-0.83797685,-0.13591451,0.18869922,0.22444551,0.33377954,0.69009821,-0.89559396,0.71864746,-0.99342063,0.99466304,0.86756281,-0.57045508,-0.6516736,0.89152415,-0.99552165,-0.90107894,-0.97236318,-0.62651395,0.18892376,0.96935252,-0.54624612,-0.94842669,-0.54624612,-0.89346167,-0.96806583,-0.95164543,19,"sitting"
0.18789369,0.20356888,-0.054764843,0.20083707,-0.90709038,-0.11368019,0.18869922,0.19238977,0.19015354,0.92144737,-0.70726216,0.77135179,-0.95057387,0.95270828,0.86756281,-0.93101687,-0.71563139,0.91397416,-0.95448593,-0.930982,-0.93420373,-0.95883466,-0.0035546218,0.93969506,-0.93698094,-0.93360987,-0.93698094,-0.99739158,-0.95013318,-0.92793505,19,"sitting"
0.18789369,0.22356681,-0.067015603,0.21765789,-0.89273951,-0.11668089,0.19358663,0.19609933,0.19188552,0.92144737,-0.26001108,0.74453407,-0.87275134,0.87797911,0.83142052,-0.98187218,-0.69892611,0.90350011,-0.88286483,-0.92823705,-0.93166911,-0.98026199,0.031895496,0.92552058,-0.98257313,-0.70545828,-0.98257313,-0.99967193,-0.92372863,-0.9572518,19,"sitting"
0.1904521,0.24355011,-0.069678272,0.22178449,-0.88900627,-0.12071038,0.19734631,0.20202781,0.19821287,0.92068495,-0.76024829,0.74253227,-0.55045223,0.54901526,0.83142052,-0.98159091,-0.69224619,0.90270818,-0.54715397,-0.92365148,-0.42097603,-0.98128097,0.057420223,0.36947967,-0.98207717,-0.4223483,-0.98207717,-0.99965807,-0.35451578,-0.986063,19,"sitting"
0.1904521,0.24336683,-0.069913156,0.22205231,-0.88875836,-0.12174663,0.19959324,0.20342522,0.19821287,0.92068495,-0.75387917,0.7402757,-0.48504609,0.48193744,0.83002999,-0.978128,-0.69104158,0.90181714,-0.47845221,-0.92258405,-0.35335731,-0.98212286,0.060168074,0.29271285,-0.98011465,-0.39164036,-0.98011465,-0.99960144,-0.27293428,-0.98052926,19,"sitting"
0.18986249,0.24247197,-0.0688485,0.22051606,-0.89017932,-0.11864344,0.19887731,0.19905789,0.19514478,0.9219421,-0.62200047,0.74422244,-0.39436311,0.3933178,0.83002999,-0.98039929,-0.69505713,0.90337825,-0.39193484,-0.92599088,-0.34337457,-0.97760135,0.047328347,0.28619776,-0.98026438,-0.6450382,-0.98026438,-0.99960592,-0.27078136,-0.987761,19,"sitting"
0.18715081,0.24105385,-0.067888171,0.21914805,-0.89143474,-0.11665207,0.19538565,0.19626279,0.1887904,0.92415237,-0.71123444,0.74722203,-0.31134224,0.31084362,0.83191707,-0.9773147,-0.69794322,0.90456241,-0.30987504,-0.92811275,-0.33450208,-0.97576657,0.038421701,0.27524204,-0.97788901,-0.51635041,-0.97788901,-0.99953242,-0.25802873,-0.98459124,19,"sitting"
0.19043442,0.24105385,-0.068749455,0.22039554,-0.89028163,-0.12036988,0.19538565,0.20149214,0.21841678,0.91410497,-0.23484103,0.7429801,-0.47865934,0.49042643,0.83191707,-0.87380419,-0.69362041,0.90288227,-0.50234353,-0.92393224,-0.47618534,-0.88507077,0.052551777,0.50746447,-0.87361781,-0.72683735,-0.87361781,-0.99080663,-0.57728266,-0.97229301,19,"sitting"
0.19587441,0.24383862,-0.071895078,0.22456957,-0.88640484,-0.14370349,0.19962141,0.23379259,0.26831938,0.89276468,-0.46704092,0.710631,-0.53701929,0.53988475,0.8299337,-0.90149606,-0.66816304,0.88999674,-0.54270641,-0.89548639,-0.49179427,-0.89504868,0.12541782,0.50790482,-0.89642074,-0.70039912,-0.89642074,-0.99363418,-0.56039121,-0.96427257,19,"sitting"
0.19587441,0.23476528,-0.071801781,0.224358,-0.8865691,-0.16820303,0.23272421,0.26760973,0.26999916,0.89251464,-0.75895348,0.68008749,-0.55034243,0.54735778,0.81748022,-0.93194691,-0.64344946,0.87779051,-0.54417053,-0.86384395,-0.55696953,-0.93306376,0.1917332,0.51804563,-0.93121737,-0.65177659,-0.93121737,-0.99695708,-0.50743698,-0.97958597,19,"sitting"
0.19584078,0.22829083,-0.064399673,0.21404399,-0.89589704,-0.16220068,0.2314039,0.25951817,0.26999916,0.89251464,-0.69861132,0.69932973,-0.44624684,0.4414019,0.82558033,-0.91804263,-0.65731794,0.88548457,-0.43637197,-0.87181129,-0.58821706,-0.94130171,0.15689833,0.54747614,-0.92209227,-0.64738238,-0.92209227,-0.99620159,-0.53272466,-0.98180244,19,"sitting"
0.17921234,0.22829083,-0.059739049,0.20761178,-0.90172786,-0.14488323,0.22996092,0.23571515,0.25161934,0.90800145,-0.46037034,0.72823065,-0.59921247,0.59866149,0.82558875,-0.94408603,-0.68001231,0.89704214,-0.5979327,-0.89509408,-0.77841359,-0.94874843,0.098052099,0.77544771,-0.94516862,-0.77471624,-0.94516862,-0.99795276,-0.78770869,-0.99121055,19,"sitting"
0.19485888,0.22964857,-0.065184064,0.21527177,-0.8948562,-0.14152832,0.22996092,0.23097147,0.22362847,0.90999617,-0.54816071,0.72433109,-0.72575713,0.7321665,0.82558875,-0.94101658,-0.67757606,0.89549274,-0.73839817,-0.89955616,-0.67110441,-0.94590706,0.10319884,0.6494475,-0.94281905,-0.75877664,-0.94281905,-0.99779862,-0.64930078,-0.98716521,19,"sitting"
0.19512929,0.23621356,-0.071432508,0.22398401,-0.88692274,-0.14318205,0.23373915,0.23313294,0.22362847,0.90989812,-0.76035844,0.71266162,-0.72310357,0.72434485,0.82221808,-0.96755928,-0.66917672,0.89085137,-0.72529618,-0.89763078,-0.37142126,-0.96541601,0.12370845,0.30996582,-0.96619984,-0.62943675,-0.96619984,-0.99908954,-0.28822981,-0.99466659,19,"sitting"
0.19512929,0.24342951,-0.071388648,0.22397491,-0.88695639,-0.14330421,0.23444453,0.2333526,0.22342099,0.90989812,-0.025015334,0.71332677,-0.39456894,0.39764033,0.81954631,-0.99092556,-0.6691054,0.89111769,-0.40064071,-0.89743398,-0.48130147,-0.9885255,0.12478279,0.43489595,-0.9908011,-0.40094154,-0.9908011,-0.99986428,-0.42144697,-0.99387962,19,"sitting"
0.19074262,0.24263882,-0.069119167,0.22091447,-0.88981062,-0.14217386,0.23173374,0.23192697,0.22342099,0.91308394,-0.73296531,0.71964096,-0.29859758,0.30903033,0.82085377,-0.95556383,-0.67268226,0.893633,-0.31938167,-0.89870829,-0.16247424,-0.95341324,0.11749924,0.098924891,-0.9512749,-0.43043943,-0.9512749,-0.99832805,-0.089343116,-0.98293785,19,"sitting"
0.19325678,0.24263882,-0.070912556,0.22336379,-0.88752587,-0.1429954,0.23173374,0.23298264,0.22549963,0.91032764,-0.70759093,0.71516933,-0.32037601,0.32634132,0.82085377,-0.95375789,-0.6699262,0.89185056,-0.33210572,-0.89775162,-0.13783627,-0.95310859,0.12354394,0.066940719,-0.95011836,-0.51437828,-0.95011836,-0.99825973,-0.051100475,-0.98443379,19,"sitting"
0.19325678,0.2478579,-0.072768257,0.22588422,-0.88518328,-0.14554808,0.23543052,0.23642967,0.22694394,0.91025074,-0.59576178,0.70843703,-0.38673505,0.39293672,0.81706284,-0.97269123,-0.66540761,0.88916856,-0.3989813,-0.89464182,-0.46821261,-0.96398698,0.13444183,0.44940421,-0.96839347,-0.48526047,-0.96839347,-0.99918311,-0.46609275,-0.99369215,19,"sitting"
0.1960179,0.24867263,-0.073480519,0.22688152,-0.88423868,-0.1452523,0.2314289,0.236009,0.22694394,0.90968016,-0.65531663,0.70772523,-0.51400344,0.52274573,0.81695584,-0.94552004,-0.66492002,0.88888436,-0.53128507,-0.89501823,-0.50808332,-0.94370962,0.13547954,0.48061791,-0.9446526,-0.62680055,-0.9446526,-0.99791941,-0.48528414,-0.99147729,19,"sitting"
0.1960179,0.24408828,-0.072090599,0.22494023,-0.88604745,-0.14039975,0.22453477,0.22928675,0.22683526,0.90968016,-0.62953388,0.71528288,-0.63720779,0.64052764,0.82175724,-0.95123241,-0.67115394,0.89189428,-0.64359344,-0.90099353,-0.60131866,-0.95524799,0.11803334,0.57270189,-0.95285333,-0.69867841,-0.95285333,-0.99841895,-0.5697856,-0.99192208,19,"sitting"
0.1917877,0.24408828,-0.07027524,0.22244901,-0.88839106,-0.13678526,0.22152693,0.22432712,0.21780698,0.91342407,0.39708579,0.72262916,-0.47079938,0.4776933,0.82175724,-0.81549641,-0.67663058,0.89482139,-0.484211,-0.90539599,-0.76974632,-0.83348224,0.10364431,0.77751579,-0.80987947,-0.87014445,-0.80987947,-0.98017059,-0.80182607,-0.96058996,19,"sitting"
0.66443101,0.70844015,-0.44929586,0.70200639,0.00038676169,-0.5173688,0.69649134,0.70421604,0.69817641,-0.80873169,-0.56427027,-0.88448239,-0.97247975,0.97275557,-0.69872329,-0.82649178,0.83998677,-0.82424454,-0.97264132,-0.034739623,-0.69869789,-0.82747825,0.72689606,0.67839381,-0.81367757,-0.78555472,-0.81367757,-0.98091529,-0.67749201,-0.87247554,19,"laying"
0.66443101,0.71907473,-0.45299746,0.7089702,0.019741487,-0.50762797,0.69558866,0.6967741,0.69249669,-0.80873169,0.26374846,-0.87117125,-0.92561172,0.92864679,-0.90560534,-0.98201707,0.85680717,-0.84908285,-0.93133233,-0.055238055,-0.56584828,-0.98289384,0.77368428,0.52728173,-0.98171434,-0.29158028,-0.98171434,-0.999648,-0.51641897,-0.94716529,19,"laying"
0.66442419,0.71906485,-0.45337151,0.70781159,0.016495625,-0.50659442,0.69392402,0.69418975,0.68081635,-0.82531721,0.16940683,-0.86999051,-0.71401991,0.71485299,-0.90560534,-0.86876783,0.85858385,-0.8507397,-0.71541929,-0.062319517,0.01361016,-0.89707325,0.76681841,-0.077646189,-0.86801093,-0.36222606,-0.86801093,-0.99003203,0.075205461,-0.98906472,19,"laying"
0.66167135,0.70749351,-0.44554231,0.70091797,-0.0026627919,-0.50285664,0.68943447,0.69137199,0.68081635,-0.89400276,0.31324598,-0.83671347,-0.68746643,0.6849759,-0.91370404,-0.8795884,0.88991008,-0.89455165,-0.68221719,-0.069958052,0.00086756256,-0.91169557,0.82481646,-0.087445692,-0.88140379,-0.38211386,-0.88140379,-0.99182996,0.10983143,-0.98184269,19,"laying"
0.65615443,0.70712281,-0.43690975,0.69352821,-0.023099833,-0.49938493,0.68943447,0.68927218,0.67769438,-0.89415443,0.7829495,-0.80377358,-0.88717858,0.88583415,-0.95351139,-0.93993704,0.91986109,-0.93655722,-0.88411757,-0.075660656,-0.248644,-0.95020178,0.87991204,0.17505733,-0.94038659,-0.337348,-0.94038659,-0.99763206,-0.14903313,-0.97996139,19,"laying"
0.64660004,0.70712281,-0.43525244,0.69165521,-0.028257643,-0.50104781,0.68992592,0.69098696,0.67769438,-0.89415443,0.5080133,-0.80384555,-0.86904635,0.87038397,-0.99295876,-0.96306895,0.92003731,-0.93673012,-0.87133218,-0.071020392,-0.18907326,-0.96791011,0.87974018,0.12532631,-0.96413288,-0.28839748,-0.96413288,-0.99899712,-0.11247552,-0.99114322,19,"laying"
0.64756586,0.70843093,-0.43684581,0.69254329,-0.025824433,-0.50315801,0.69368167,0.69249743,0.67918495,-0.86991167,0.41412413,-0.81434837,-0.83700907,0.84030829,-0.98159724,-0.96951347,0.91126133,-0.92425188,-0.84319759,-0.066923155,0.24612119,-0.97375044,0.86219306,-0.35171991,-0.96969633,-0.041530048,-0.96969633,-0.99923602,0.37888518,-0.98525131,19,"laying"
0.64756586,0.70765125,-0.43660937,0.69226439,-0.026588045,-0.50400682,0.69447122,0.69339254,0.67958568,-0.86693531,0.31209336,-0.81596636,-0.49548376,0.49224287,-0.98159724,-0.97822371,0.90984667,-0.92230547,-0.48853807,-0.064490905,0.49794781,-0.97821582,0.86008462,-0.63599224,-0.97669085,-0.14888011,-0.97669085,-0.99949313,0.67966906,-0.99413249,19,"laying"
0.64919879,0.70765125,-0.43654177,0.69234835,-0.026356601,-0.50495103,0.69555714,0.69456742,0.68259555,-0.86693531,0.17573448,-0.81816172,-0.90719346,0.90920315,-0.96832608,-0.97763708,0.90778015,-0.9195832,-0.91089201,-0.06128914,-0.096392359,-0.98366093,0.85821725,0.025034323,-0.97971787,-0.20393182,-0.97971787,-0.99958939,-0.011967837,-0.99181649,19,"laying"
0.64985531,0.70821769,-0.43855056,0.69429424,-0.021014924,-0.50676667,0.69646265,0.69634581,0.68301259,-0.86138931,0.33389551,-0.82863027,-0.57208557,0.56896632,-0.96280644,-0.96816842,0.89835029,-0.90657222,-0.56557022,-0.056437646,-0.024833461,-0.96964556,0.84323417,-0.04312614,-0.96520129,-0.23469998,-0.96520129,-0.99904569,0.047617589,-0.99360283,19,"laying"
0.64985531,0.70400047,-0.43734619,0.6930436,-0.024437716,-0.50608449,0.69600692,0.69563777,0.68301259,-0.88074796,0.11141981,-0.82331328,-0.43389076,0.42834617,-0.96280644,-0.96459051,0.90305812,-0.91303138,-0.42261412,-0.058368673,0.14137312,-0.96806626,0.85036655,-0.23888584,-0.96230495,-0.31000563,-0.96230495,-0.99891213,0.263159,-0.99026789,19,"laying"
0.6482485,0.70340602,-0.4333753,0.68924383,-0.034840528,-0.50484754,0.69600692,0.69472678,0.68231028,-0.88224557,0.63318201,-0.80890596,-0.87344708,0.87315122,-0.97417253,-0.95756447,0.91581008,-0.9307125,-0.87249561,-0.060856123,-0.32836841,-0.96795088,0.87161337,0.26939105,-0.95984693,-0.06370971,-0.95984693,-0.9987925,-0.25328848,-0.98500835,19,"laying"
0.64466466,0.70340602,-0.43288394,0.68878476,-0.036099224,-0.50525688,0.69525467,0.69523628,0.68234486,-0.88224557,0.57270065,-0.80862079,-0.65614549,0.65387656,-0.98505079,-0.95720352,0.91605442,-0.93108891,-0.65117973,-0.059465977,-0.31899091,-0.96660502,0.87245192,0.26215523,-0.96032241,-0.18549767,-0.96032241,-0.99881614,-0.24854007,-0.98667182,19,"laying"
0.64733372,0.70468574,-0.43372162,0.68958481,-0.033916537,-0.50424926,0.69471509,0.69404879,0.68234486,-0.88232233,0.71873374,-0.80831974,-0.81808603,0.81676097,-0.98108551,-0.93841254,0.91635652,-0.93143761,-0.81505202,-0.062700442,-0.49845034,-0.94987109,0.87212201,0.45500917,-0.94162794,-0.50737502,-0.94162794,-0.99771814,-0.44354278,-0.97806004,19,"laying"
0.65251973,0.70468574,-0.43767589,0.69315628,-0.024111453,-0.50400873,0.69471509,0.69315872,0.67970275,-0.88232233,0.47334027,-0.81875095,-0.93975019,0.94117955,-0.96388275,-0.93526247,0.90719499,-0.91853437,-0.94224233,-0.065126788,-0.42551333,-0.95090093,0.85463027,0.37647122,-0.93993393,-0.30784295,-0.93993393,-0.99760171,-0.36418572,-0.97382868,19,"laying"
0.6579248,0.71011877,-0.44373594,0.69917532,-0.0075418147,-0.5051915,0.69549157,0.69405465,0.68038637,-0.85292473,0.59490034,-0.83908202,-0.93956915,0.94231496,-0.93877187,-0.96243551,0.88881049,-0.89313689,-0.94471482,-0.062688285,-0.21978408,-0.96285428,0.82453182,0.15051991,-0.96152869,-0.02187308,-0.96152869,-0.99887452,-0.13098804,-0.96890674,19,"laying"
0.65794003,0.71049722,-0.44531504,0.70081752,-0.0029924846,-0.50506152,0.69429163,0.69389369,0.68038637,-0.85809772,0.80697848,-0.84308168,-0.84409789,0.8426974,-0.93874966,-0.932951,0.88496395,-0.88784522,-0.84093347,-0.063125561,0.020175888,-0.94373771,0.81838578,-0.12046907,-0.93658526,-0.23185039,-0.93658526,-0.9973629,0.15631427,-0.97636307,19,"laying"
0.65794003,0.70708596,-0.44036148,0.69593257,-0.016463053,-0.50430877,0.69429163,0.693411,0.68045463,-0.87076581,0.89183523,-0.82694346,-0.8157349,0.81398535,-0.93874966,-0.93126285,0.89971268,-0.9082643,-0.81185831,-0.064438996,0.16699381,-0.9476247,0.843095,-0.28329696,-0.93355968,-0.3650187,-0.93355968,-0.99713732,0.32618476,-0.97449077,19,"laying"
0.65188562,0.70708596,-0.43855177,0.69423969,-0.021153328,-0.50414574,0.69419517,0.69345412,0.68045463,-0.87076581,0.84547097,-0.82165682,-0.85894044,0.85918104,-0.96550976,-0.94915962,0.90467847,-0.91519243,-0.85900754,-0.064321519,0.16343144,-0.96270599,0.85193539,-0.27670411,-0.9530947,-0.37245178,-0.9530947,-0.99843272,0.31710919,-0.9780449,19,"laying"
0.65188562,0.70844558,-0.43890272,0.69486335,-0.019443798,-0.50340362,0.69409446,0.69289076,0.68027088,-0.87248188,0.74412042,-0.82051662,-0.82198307,0.82169473,-0.96550976,-0.94785057,0.90557247,-0.91656905,-0.8209896,-0.065854176,0.32745217,-0.96275748,0.85477085,-0.4577164,-0.95249751,-0.12559218,-0.95249751,-0.99839875,0.50472626,-0.98176852,19,"laying"
0.64980453,0.70844558,-0.43754187,0.69361208,-0.022889629,-0.50327282,0.69409446,0.69293833,0.67950245,-0.87248188,0.62140284,-0.81638449,-0.73266719,0.73143722,-0.97642888,-0.94987653,0.90927145,-0.92174334,-0.72977355,-0.065725223,0.24519758,-0.96448052,0.86144983,-0.36463367,-0.95386235,-0.27160072,-0.95386235,-0.99847593,0.4057659,-0.98181604,19,"laying"
0.64909017,0.70695588,-0.43669954,0.69292999,-0.024758778,-0.50291651,0.69407299,0.69275953,0.67950245,-0.88113818,0.65222379,-0.81291589,-0.76194464,0.76100492,-0.97642888,-0.95577751,0.9121878,-0.92585932,-0.75963997,-0.066211246,0.17635859,-0.96598639,0.86703455,-0.28852389,-0.95917387,-0.33430199,-0.95917387,-0.99875869,0.32673859,-0.9859178,19,"laying"
0.64859148,0.70695588,-0.43580315,0.69234028,-0.026377214,-0.50260324,0.69407299,0.69277387,0.6794119,-0.88113818,0.69658501,-0.80946143,-0.76019671,0.75896047,-0.98408539,-0.95709353,0.91511275,-0.93008294,-0.75730803,-0.066172298,-0.020825513,-0.96862241,0.8735932,-0.07404409,-0.96066777,0.0074502755,-0.96066777,-0.99883317,0.10730803,-0.98457151,19,"laying"
0.67700737,0.70286487,-0.44578036,0.70388085,0.0059061301,-0.52569433,0.71784519,0.71848708,0.71300398,-0.78432361,0.28868717,-0.89617313,-0.98374357,0.98597277,-0.70692441,-0.87410769,0.82581167,-0.80714446,-0.98784338,0.0050370419,-0.88649145,-0.89787927,0.73723718,0.88487078,-0.86408722,-0.43574551,-0.86408722,-0.98946856,-0.89100114,-0.94998813,19,"laying"
0.65662124,0.70286487,-0.43616613,0.68967981,-0.033632363,-0.52897751,0.71822623,0.71794288,0.70431647,-0.78463382,-0.59894616,-0.88175018,-0.79764859,0.79854078,-0.88986931,-0.96498403,0.8460917,-0.83343887,-0.79902045,0.0034891772,-0.465106,-0.96089135,0.74778102,0.41302605,-0.96201266,-0.28290271,-0.96201266,-0.99889831,-0.39472317,-0.97019429,19,"laying"
0.64427929,0.70320394,-0.4356288,0.68935404,-0.034547535,-0.52812472,0.71811084,0.71729543,0.70423138,-0.78792519,-0.21520561,-0.8779112,-0.74483822,0.74478739,-0.88986931,-0.97425881,0.85016022,-0.83919744,-0.74437069,0.0016655568,0.13790787,-0.97813642,0.75623972,-0.2281329,-0.97350925,-0.25271151,-0.97350925,-0.99938191,0.24507808,-0.98735973,19,"laying"
0.64427929,0.70374656,-0.43456551,0.68912077,-0.035184129,-0.52631604,0.7177719,0.71629775,0.70247267,-0.80128747,-0.048227561,-0.86988122,-0.70833258,0.71068137,-0.91090269,-0.97749953,0.85837858,-0.85103848,-0.7126454,-0.0011412105,0.54820464,-0.9744104,0.77571,-0.64233692,-0.97417916,-0.21938766,-0.97417916,-0.99940618,0.63480854,-0.98949324,19,"laying"
0.64383058,0.70372118,-0.43326052,0.68800588,-0.038224722,-0.52644503,0.7177719,0.71671486,0.70342591,-0.80128747,-0.0044678799,-0.86653363,-0.49808603,0.49554804,-0.91426712,-0.98185919,0.86177492,-0.8558837,-0.49261314,3.2749303e-05,0.29484417,-0.97980723,0.78311397,-0.40008,-0.98018323,-0.24327035,-0.98018323,-0.99960344,0.42239223,-0.99538525,19,"laying"
0.64276493,0.70372118,-0.43326259,0.68791217,-0.038480691,-0.5259253,0.71558091,0.7160703,0.70342591,-0.80607218,-0.011221863,-0.86519263,-0.65345441,0.65447286,-0.91956561,-0.99345915,0.86319332,-0.85779173,-0.65526685,-0.0017756672,-0.17823622,-0.99058027,0.78480622,0.1229886,-0.99163499,-0.2126843,-0.99163499,-0.99988005,-0.12069416,-0.99419852,19,"laying"
0.64276493,0.70428356,-0.43359602,0.68791688,-0.038468115,-0.52492849,0.71553881,0.71466503,0.70207409,-0.80667319,0.055031215,-0.86358896,-0.70276072,0.70115684,-0.91308069,-0.96863095,0.86496408,-0.8600453,-0.69924185,-0.0057239151,0.06740085,-0.97578296,0.78539751,-0.13478103,-0.97059832,-0.36897914,-0.97059832,-0.99927227,0.13267658,-0.99348315,19,"laying"
0.64444307,0.70428356,-0.43457183,0.68875835,-0.036172634,-0.52549619,0.71553881,0.71506278,0.70209627,-0.80667319,0.021673197,-0.867831,-0.39007493,0.38500955,-0.90972861,-0.96970742,0.86062966,-0.85395237,-0.3795692,-0.0046073911,0.80055624,-0.97848579,0.7770291,-0.95417313,-0.96894171,-0.40468605,-0.96894171,-0.99920549,0.99342196,-0.98914147,19,"laying"
0.64444307,0.70476029,-0.4349043,0.68912181,-0.03518218,-0.5253537,0.71557778,0.71492144,0.70209627,-0.80261923,0.014332109,-0.86838896,-0.38345701,0.37940684,-0.90972861,-0.97036354,0.86006758,-0.85318067,-0.37481115,-0.0050043736,0.78564972,-0.97523446,0.7761545,-0.94909655,-0.96866034,-0.1583644,-0.96866034,-0.99919386,1,-0.98927151,19,"laying"
0.64519218,0.70476029,-0.43490458,0.68937896,-0.034479422,-0.52496017,0.71557778,0.71476377,0.70144714,-0.80261923,0.22323311,-0.86727009,-0.88877341,0.89381157,-0.91458847,-0.95203281,0.86115178,-0.85481629,-0.89846226,-0.0054477671,-0.4223999,-0.95057839,0.77957672,0.37942281,-0.95039992,0.12514628,-0.95039992,-0.99827569,-0.3737032,-0.98393595,19,"laying"
0.65776026,0.70556579,-0.43870052,0.69280423,-0.025082017,-0.52599497,0.71652551,0.71524295,0.70144714,-0.79455675,0.8330194,-0.88012636,-0.94535205,0.94471737,-0.82585661,-0.78754324,0.8470877,-0.83503825,-0.94369396,-0.0041041192,-0.35022122,-0.85414137,0.75212685,0.29002077,-0.79409693,0.026472549,-0.79409693,-0.97691788,-0.27116784,-0.9767494,19,"laying"
0.68105578,0.70779085,-0.45527569,0.70618825,0.012235395,-0.52721737,0.70561021,0.71263416,0.70125564,-0.79330279,0.36585205,-0.92508203,-0.87912275,0.87731549,-0.70095911,-0.84202509,0.78699075,-0.74967816,-0.87513683,-0.011386263,-0.16586424,-0.90068502,0.61735953,0.097118577,-0.85104713,-0.023313861,-0.85104713,-0.98750107,-0.082174573,-0.96610745,19,"laying"
0.68530923,0.72089371,-0.4744427,0.72418634,0.06301147,-0.52020848,0.69707773,0.70388151,0.6999661,-0.69868659,0.38381117,-0.96371882,-0.89998288,0.89895492,-0.70095911,-0.88524886,0.73102056,-0.67075647,-0.89753964,-0.035651889,-0.1499476,-0.88821841,0.49108609,0.083797178,-0.87861895,-0.030023385,-0.87861895,-0.99146973,-0.072745076,-0.99039639,19,"laying"
0.68530923,0.74431679,-0.47996865,0.73056523,0.081213621,-0.51229187,0.69666164,0.69631384,0.68848324,-0.65910216,-0.18921637,-0.95821809,-0.92527235,0.92552099,-0.70097571,-0.93070022,0.74169275,-0.6860017,-0.92540081,-0.056515729,-0.23118268,-0.94609126,0.51750299,0.16795755,-0.93267385,0.014339571,-0.93267385,-0.99706914,-0.15382123,-0.99440653,19,"laying"
0.68445608,0.74339689,-0.47750319,0.72883776,0.076229269,-0.50963038,0.69322903,0.69414343,0.68065714,-0.69586698,-0.073370652,-0.94509234,-0.93665467,0.93753508,-0.76319115,-0.91377841,0.76495687,-0.71888664,-0.93805171,-0.062444882,0.34569927,-0.95083794,0.57024812,-0.34017577,-0.9200922,0.077285505,-0.9200922,-0.99602493,0.2399419,-0.99337097,19,"laying"
0.68162778,0.73998952,-0.47461758,0.72672806,0.070159316,-0.50595275,0.6886111,0.69091542,0.68065555,-0.74690008,-0.24613789,-0.92668079,-0.82326988,0.82196914,-0.78171298,-0.94033713,0.79087696,-0.75543765,-0.8203498,-0.071199666,0.5838144,-0.94741234,0.62617893,-0.57675973,-0.93792167,-0.099315989,-0.93792167,-0.99745923,0.45833944,-0.98418941,19,"laying"
0.6803514,0.73715206,-0.47009785,0.723998,0.062331356,-0.5014687,0.68860539,0.68775271,0.67632451,-0.76181017,-0.42295372,-0.90272871,-0.29158408,0.28501765,-0.82151335,-0.96054608,0.8220011,-0.79957385,-0.2784689,-0.07976799,0.63116848,-0.9565485,0.69518539,-0.59582565,-0.95327888,-0.26524415,-0.95327888,-0.99844262,0.44374817,-0.98329007,19,"laying"
0.6769722,0.73509165,-0.46585675,0.72092695,0.053555442,-0.50125276,0.68860539,0.68865963,0.67625814,-0.76781521,0.10540882,-0.89042692,-0.79788025,0.80051582,-0.87274286,-0.98223044,0.83632534,-0.82004625,-0.80288506,-0.077317738,0.36931081,-0.98086687,0.72863613,-0.4374404,-0.9803736,-0.28509106,-0.9803736,-0.99960917,0.41436629,-0.99363767,19,"laying"
0.67420176,0.73509165,-0.46447893,0.7196708,0.049972451,-0.5022882,0.69040563,0.68992269,0.67626133,-0.76781521,0.10059761,-0.88931842,-0.75783342,0.75826675,-0.8825619,-0.98115493,0.83755025,-0.82181822,-0.75829177,-0.073905648,0.3936776,-0.98110566,0.73200728,-0.49994037,-0.9792454,-0.17229367,-0.9792454,-0.99957476,0.51622607,-0.99191285,19,"laying"
-0.19126942,-0.19008246,0.21088512,-0.18548621,-0.94539707,0.063742451,-0.10618484,-0.060205862,-0.028248485,0.95741733,-0.26310941,0.87988938,-0.47023535,0.54657201,0.89517983,-0.36286617,-0.82482294,0.95592694,-0.6229281,-0.9898897,-0.26270823,-0.22709896,-0.38591927,0.27746028,-0.14193603,-0.43192513,-0.14193603,-0.6268228,-0.34401533,-0.2480842,19,"walking"
-0.19126942,-0.16775533,0.20735669,-0.17978415,-0.9494115,0.085047145,-0.11124956,-0.09032602,-0.039511922,0.95741733,-0.09770865,0.86054243,-0.48751978,0.56985032,0.89446102,-0.22449114,-0.81636313,0.94856006,-0.65170071,-0.98042588,-0.13145936,-0.093279642,-0.33508677,0.15076116,-0.041206608,0.036329522,-0.041206608,-0.53531015,-0.22945389,-0.23924691,19,"walking"
-0.19643507,-0.16986767,0.21424815,-0.19014759,-0.94280519,0.10424783,-0.12764662,-0.11792136,-0.1139097,0.95899868,-0.033409196,0.8528843,-0.36190676,0.44663165,0.87862579,-0.3033246,-0.79322058,0.9456504,-0.52720744,-0.96968906,-0.17391431,-0.068827989,-0.23880205,0.20505972,-0.11588082,0.026166764,-0.11588082,-0.60416276,-0.29388617,0.014659108,19,"walking"
-0.20244955,-0.16986767,0.21415859,-0.18973692,-0.94309314,0.10862892,-0.12764662,-0.12394044,-0.12213209,0.95712637,-0.052104718,0.84411978,-0.30009233,0.39058126,0.87694688,-0.34607303,-0.78969236,0.94228667,-0.47521465,-0.96676201,-0.11179646,-0.1679009,-0.23030212,0.12836392,-0.12185862,-0.090167054,-0.12185862,-0.60939563,-0.20484638,-0.054435773,19,"walking"
-0.19650847,-0.16262107,0.21059163,-0.18401649,-0.94683289,0.11375752,-0.14696324,-0.13074656,-0.12694494,0.95266646,-0.02243857,0.83120177,-0.042602839,0.14256611,0.86706678,-0.16612268,-0.78937067,0.93731871,-0.2313501,-0.96305799,-0.093380436,0.071657828,-0.23720326,0.10834253,0.064431877,-0.034517932,0.064431877,-0.42804214,-0.18448651,-0.025222865,19,"walking"
-0.19516027,-0.15949777,0.20687065,-0.17874311,-0.95015949,0.12759722,-0.16859027,-0.15036109,-0.1375758,0.95042014,-0.076671094,0.82616044,-0.14911126,0.24749898,0.86341745,-0.18868984,-0.780548,0.93537471,-0.33865755,-0.95149001,-0.047727098,0.057259394,-0.20285053,0.099752118,0.051057083,0.021762639,0.051057083,-0.44219793,-0.2180955,-0.076661349,19,"walking"
-0.18677516,-0.14917991,0.20254989,-0.17218053,-0.95415197,0.13871315,-0.16977554,-0.16564709,-0.15768035,0.94395529,-0.058730709,0.81281189,-0.23667018,0.33186815,0.86259282,-0.37681529,-0.77376836,0.93020293,-0.42182152,-0.94189987,0.010755792,-0.12369935,-0.18977175,0.026504754,-0.11860934,0.019166619,-0.11860934,-0.60645452,-0.13288817,-0.0048642646,19,"walking"
-0.18677516,-0.14418132,0.20027546,-0.1685741,-0.95629575,0.14057332,-0.17147302,-0.16787444,-0.17227414,0.94395529,-0.231647,0.80503985,-0.17336871,0.26939126,0.85926458,-0.2764344,-0.77404999,0.9271949,-0.3592016,-0.94045471,0.15769668,-0.014979116,-0.19939805,-0.14964838,0.015117612,0.056007604,0.015117612,-0.47879874,0.064655004,-0.044324344,19,"walking"
-0.18530021,-0.15362153,0.20133949,-0.17057485,-0.95508008,0.14514271,-0.1859874,-0.17482732,-0.17230658,0.94483032,-0.26906158,0.81139064,-0.19606978,0.29934053,0.86071546,-0.18351316,-0.76816327,0.92965821,-0.39727638,-0.93545527,0.019926749,0.042593713,-0.17064941,-0.0029203016,0.076979207,-0.071734139,0.076979207,-0.41501946,-0.083376237,-0.16905162,19,"walking"
-0.18530021,-0.16958527,0.21002711,-0.18306871,-0.94722092,0.14503411,-0.1859874,-0.17466308,-0.15822625,0.94001585,-0.089952553,0.80399127,-0.38518723,0.46676519,0.86071546,-0.35721052,-0.759756,0.92678176,-0.54569577,-0.93550534,-0.11288315,-0.12930148,-0.14269096,0.13675699,-0.098002318,-0.014287379,-0.098002318,-0.58774902,-0.22191374,-0.27111367,19,"walking"
-0.2063146,-0.16958527,0.21585631,-0.19155922,-0.94189668,0.13123978,-0.1796937,-0.15538728,-0.14596967,0.94001585,-0.093832886,0.8129759,-0.5176889,0.59357465,0.87358659,-0.49250708,-0.76740527,0.93024789,-0.66884236,-0.94840404,-0.030092544,-0.30111904,-0.16447513,0.062942449,-0.25431613,-0.0075097782,-0.25431613,-0.7172126,-0.16348884,-0.25943198,19,"walking"
-0.19827016,-0.16956229,0.20997107,-0.18398007,-0.94681163,0.12278195,-0.15006009,-0.14426398,-0.14596967,0.94619448,-0.13363321,0.84433975,-0.4514212,0.53735887,0.87842097,-0.27300311,-0.78181613,0.94235412,-0.62239572,-0.95554617,-0.01076756,-0.1111646,-0.19149989,0.045974215,-0.045354865,0.074186579,-0.045354865,-0.5390446,-0.15007192,-0.26587143,19,"walking"
-0.19827016,-0.16625796,0.20805858,-0.18123351,-0.94859897,0.12713559,-0.15719169,-0.15045528,-0.14732854,0.95112704,-0.21470868,0.84310445,-0.14928754,0.26926904,0.87842097,-0.036188945,-0.77973311,0.94188641,-0.3853383,-0.95173348,-0.089632296,0.24605863,-0.1833143,0.15081598,0.27176245,0.15637191,0.27176245,-0.18664914,-0.27711969,0.0910023,19,"walking"
-0.18522187,-0.17455502,0.20503076,-0.17799404,-0.95035907,0.11041559,-0.20421553,-0.12767565,-0.089894773,0.96436847,-0.22232587,0.88470286,-0.58154602,0.66615189,0.89239555,-0.35658205,-0.79865025,0.95778471,-0.75060972,-0.96197293,-0.15356886,-0.14727433,-0.22240873,0.17010491,-0.12861463,-0.46910812,-0.12861463,-0.61536397,-0.24622306,-0.20953471,19,"walking"
-0.18653628,-0.17807117,0.2165606,-0.19527278,-0.93913248,0.14803446,-0.21639318,-0.18185108,-0.10665707,0.94555579,-0.14106008,0.85408877,-0.54215498,0.62257354,0.89239555,-0.41775794,-0.75006567,0.94604159,-0.70251451,-0.92756733,-0.21267889,-0.16214883,-0.053307082,0.2404218,-0.14266676,-0.27875547,-0.14266676,-0.62752792,-0.32397149,-0.040802516,19,"walking"
-0.21457883,-0.17807117,0.22059217,-0.20036439,-0.93585291,0.16057518,-0.21639318,-0.19880389,-0.19051195,0.94555579,-0.12174236,0.82187101,-0.52151051,0.60370943,0.87401054,-0.28872935,-0.7330239,0.93370299,-0.68519968,-0.91700189,-0.073772126,-0.053993354,-0.017907521,0.095197951,-0.041439349,-0.29849033,-0.041439349,-0.53548018,-0.17843764,-0.048689893,19,"walking"
-0.21122205,-0.17324696,0.21629562,-0.19409685,-0.94021271,0.14900747,-0.19116072,-0.18239376,-0.17119196,0.94571689,-0.25283369,0.83676395,-0.4792193,0.57299222,0.87658932,-0.17820974,-0.74934018,0.93944143,-0.66593909,-0.92996952,-0.02852421,0.016999099,-0.067742093,0.019205175,0.00069574493,-0.30507512,0.00069574493,-0.49424173,-0.071851482,0.023951666,19,"walking"
-0.21122205,-0.17299333,0.2169331,-0.1946281,-0.93984955,0.14004796,-0.18826268,-0.16928667,-0.1628574,0.95095545,-0.33349927,0.83612016,-0.33612988,0.42566201,0.87658932,-0.24935133,-0.7577013,0.93920252,-0.51094032,-0.9392587,-0.021562854,-0.019161147,-0.10178188,0.021166858,-0.011606853,-0.16942879,-0.011606853,-0.50647225,-0.083211769,-0.17482297,19,"walking"
-0.21482715,-0.17708653,0.22148349,-0.20059716,-0.93570614,0.13651858,-0.17043622,-0.16370578,-0.1628574,0.94959534,-0.31713841,0.82240384,-0.2535441,0.3451755,0.86499218,-0.2483304,-0.75626694,0.93392228,-0.42971221,-0.94324083,-0.082908011,-0.027668828,-0.11063832,0.11026625,-0.024305012,-0.22529747,-0.024305012,-0.51879974,-0.19914914,-0.092091106,19,"walking"
-0.20852949,-0.17708653,0.21979462,-0.19837275,-0.9372132,0.13722064,-0.17043622,-0.16489895,-0.16665536,0.94959534,-0.33452587,0.82772654,-0.10705613,0.21046254,0.86733732,-0.084437689,-0.75741703,0.93597562,-0.30325096,-0.94244699,-0.16881072,0.067593847,-0.10954227,0.19995179,0.14386089,-0.12683338,0.14386089,-0.34068788,-0.28834307,-0.054634849,19,"walking"
-0.20850712,-0.17346559,0.21636592,-0.19352994,-0.94058388,0.1437194,-0.19220098,-0.17420604,-0.16716334,0.94715459,-0.40700868,0.82760061,-0.26247519,0.35583291,0.86733732,-0.098100451,-0.75463562,0.93592366,-0.44341595,-0.93570509,-0.13243005,0.14760604,-0.097924201,0.17435301,0.18230662,-0.052407197,0.18230662,-0.29621105,-0.27723838,-0.28367388,19,"walking"
-0.20850712,-0.1778991,0.22036917,-0.19981667,-0.93620765,0.15157828,-0.19220098,-0.1858335,-0.17920617,0.94715459,-0.37940761,0.82651488,-0.51431936,0.589131,0.87084546,-0.34730272,-0.74255916,0.9355008,-0.66221403,-0.92739239,-0.041922942,-0.13703047,-0.050595627,0.10042718,-0.079494671,-0.065283505,-0.079494671,-0.57109861,-0.22614075,-0.3021207,19,"walking"
-0.21791976,-0.1778991,0.22358071,-0.20397319,-0.93332299,0.14198843,-0.19093709,-0.17177107,-0.14937373,0.94081852,-0.28638686,0.82255808,-0.54465608,0.62223241,0.87084546,-0.43486142,-0.74873881,0.93396369,-0.69910436,-0.93716197,-0.065552697,-0.25016976,-0.079839677,0.14026499,-0.16827295,-0.015146265,-0.16827295,-0.64917965,-0.28191805,-0.31542458,19,"walking"
-0.21161738,-0.17733729,0.22037522,-0.19736639,-0.93792831,0.13048795,-0.16994769,-0.15372238,-0.14905521,0.93077053,-0.16415201,0.79569157,-0.43903333,0.52212711,0.86569556,-0.36047736,-0.7631719,0.92353441,-0.60432894,-0.94956354,-0.081048409,-0.23205033,-0.16606344,0.12454962,-0.048635186,0.19841365,-0.048635186,-0.5421767,-0.23153683,-0.3104507,19,"walking"
-0.1938706,-0.16544594,0.21492914,-0.18955823,-0.94319743,0.13287186,-0.16861839,-0.15705083,-0.14905521,0.93077053,-0.0098136268,0.79844225,-0.38719982,0.46678924,0.86738885,-0.32787502,-0.76683871,0.92460609,-0.54488652,-0.94749144,-0.19777367,-0.16009015,-0.17631279,0.23588571,-0.074262831,0.1603843,-0.074262831,-0.56640233,-0.33113368,-0.021395145,19,"walking"
-0.17667554,-0.18993108,0.21325742,-0.18014321,-0.94858228,0.12512023,-0.18002033,-0.13986896,-0.12017661,0.84549556,-0.7193333,0.66051719,-0.58272016,0.68368922,0.86509979,0.26896859,-0.77602252,0.86931556,-0.78611608,-0.95716094,-0.37828234,0.53690877,-0.35411188,0.41143971,0.57098959,-0.15594291,0.57098959,0.23733164,-0.49015137,0.3168077,19,"walking_downstairs"
-0.18034079,-0.19022915,0.22918818,-0.19768054,-0.93704153,0.15489673,-0.20071843,-0.17549893,-0.13495471,0.82044039,-0.62685571,0.54729581,-0.58839437,0.67615653,0.78282807,0.20132036,-0.7300748,0.82315575,-0.76441086,-0.93425815,-0.19641427,0.49506608,-0.30004399,0.23681539,0.54243194,-0.082513799,0.54243194,0.19323424,-0.3358311,0.68542446,19,"walking_downstairs"
-0.20324552,-0.19022915,0.22841166,-0.19797934,-0.93712901,0.17490958,-0.22176542,-0.20310911,-0.19099308,0.82044039,-0.50611003,0.55323039,-0.61677624,0.69021288,0.80285027,0.20528389,-0.71014,0.82554694,-0.76414664,-0.91352942,-0.1186048,0.63649635,-0.2208581,0.15684065,0.57579383,-0.045463688,0.57579383,0.24633307,-0.25748865,0.49555598,19,"walking_downstairs"
-0.17550742,-0.1597957,0.20635999,-0.17288798,-0.95341272,0.16242812,-0.22176542,-0.19272502,-0.16268113,0.82641365,-0.44865336,0.6840743,-0.56189331,0.64919488,0.86946297,0.18149386,-0.74463904,0.87864898,-0.73764847,-0.92113199,-0.063818763,0.35423081,-0.21463159,0.11583085,0.50833199,0.02577298,0.50833199,0.14252921,-0.23539651,-0.10466314,19,"walking_downstairs"
-0.17550742,-0.15451461,0.2005257,-0.16785578,-0.95650789,0.13724949,-0.19296229,-0.16201276,-0.15478126,0.90003318,-0.46047302,0.78230311,-0.5651585,0.65085602,0.86946297,0.068729877,-0.77729648,0.91819171,-0.73749163,-0.94403988,-0.13001394,0.40287007,-0.23432412,0.15541743,0.46119824,0.059854032,0.46119824,0.07146169,-0.24247215,-0.14187411,19,"walking_downstairs"
-0.17535688,-0.15451461,0.20126102,-0.16701962,-0.95700563,0.13135287,-0.15786401,-0.15181212,-0.15478126,0.8991701,-0.46739069,0.74215535,-0.58103726,0.66967531,0.86843686,-0.010067213,-0.78263367,0.90239882,-0.7589431,-0.95096707,-0.19366971,0.42796391,-0.29422041,0.22859434,0.38182511,0.10167414,0.38182511,-0.040824996,-0.32119647,0.14410209,19,"walking_downstairs"
-0.20328804,-0.19772669,0.22862871,-0.20346979,-0.93324225,0.16174843,-0.20783417,-0.19138323,-0.18592283,0.80920906,-0.62212427,0.65891274,-0.52529967,0.64035941,0.85927933,0.33273142,-0.72371086,0.86823904,-0.75733586,-0.92306712,-0.23246485,0.63590485,-0.15518621,0.29489916,0.75906976,0.32685057,0.75906976,0.54967118,-0.4147194,0.30792892,19,"walking_downstairs"
-0.20436606,-0.19602003,0.23905496,-0.20804036,-0.9300056,0.16580667,-0.1908827,-0.18689042,-0.18763852,0.78723753,-0.56338477,0.48546303,-0.54871843,0.64794903,0.7997089,0.3790742,-0.7087945,0.7966726,-0.74853826,-0.9266651,-0.24424864,0.51837602,-0.29239731,0.31333499,0.76505082,0.45281608,0.76505082,0.56021903,-0.43962285,0.3667372,19,"walking_downstairs"
-0.19111669,-0.19602003,0.22664967,-0.19286835,-0.94025195,0.16079218,-0.18791583,-0.18166764,-0.18225633,0.78723753,-0.54315759,0.52125864,-0.60852096,0.70149953,0.8168835,0.23905006,-0.72671132,0.81150406,-0.79587899,-0.93058635,-0.29771194,0.63253145,-0.31903431,0.33800422,0.6265115,0.36933958,0.6265115,0.32576897,-0.42958284,-0.028603354,19,"walking_downstairs"
-0.18123709,-0.15865889,0.20773958,-0.17502296,-0.95233692,0.15023176,-0.19081845,-0.17643325,-0.17388365,0.81721568,-0.43381874,0.69827873,-0.62359382,0.70915784,0.8586648,0.072032324,-0.75656375,0.88451277,-0.79599422,-0.93438262,-0.22604762,0.31663294,-0.24109084,0.24187877,0.46561394,0.12569043,0.46561394,0.077957795,-0.31135046,0.58449894,19,"walking_downstairs"
-0.18081641,-0.17789717,0.20864749,-0.17707087,-0.95079359,0.17424914,-0.27507364,-0.21004652,-0.17388365,0.81715398,-0.40256229,0.6915103,-0.63358951,0.71957997,0.8586648,0.17162813,-0.7293494,0.88167098,-0.8068444,-0.90474904,-0.10043377,0.55232001,-0.15117706,0.11905648,0.51341378,-0.17099836,0.51341378,0.1489776,-0.20081705,0.60547336,19,"walking_downstairs"
-0.18081641,-0.19307242,0.22840894,-0.19904447,-0.93573489,0.21209286,-0.27507364,-0.25298538,-0.20230307,0.80443072,-0.44486141,0.53216942,-0.58594141,0.67881425,0.82401019,0.20311357,-0.66865152,0.81634132,-0.77288665,-0.86682277,-0.12088306,0.54118303,-0.10239457,0.17738396,0.63384809,-0.01148848,0.63384809,0.33767224,-0.29851088,0.36648204,19,"walking_downstairs"
-0.22386677,-0.33396926,0.27368537,-0.27683337,-0.86376353,0.12498489,-0.22336743,-0.14827986,-0.11087267,0.87367719,-0.60465576,0.79400114,-0.61949382,0.67448887,0.88760384,-0.25470156,-0.7040589,0.92232759,-0.73015055,-0.95047255,-0.4304352,0.0044786301,0.032874811,0.43952014,-0.042750959,-0.56817156,-0.042750959,-0.53677044,-0.4890262,-0.66788781,19,"walking_upstairs"
-0.29030613,-0.34342324,0.32699414,-0.35211222,-0.78304982,0.17540286,-0.27838369,-0.21974896,-0.1351416,0.86939432,-0.59091233,0.66367001,-0.59617644,0.65473894,0.87657043,-0.33962314,-0.59838021,0.87083404,-0.71412407,-0.89470297,-0.36606296,-0.11089614,0.32925466,0.37146718,-0.11191226,-0.4117171,-0.11191226,-0.6006211,-0.42148328,-0.58020286,19,"walking_upstairs"
-0.37178138,-0.34357448,0.33906998,-0.36902821,-0.76231803,0.20696481,-0.27838369,-0.2640497,-0.23455076,0.86230225,-0.52237269,0.60402921,-0.44939414,0.53645163,0.77876822,-0.33436004,-0.55655757,0.8468279,-0.62070611,-0.85578198,-0.28764551,-0.15192469,0.44740431,0.3085674,-0.14539753,-0.57305272,-0.14539753,-0.62976734,-0.3785281,-0.42792748,19,"walking_upstairs"
-0.35039849,-0.34357448,0.32877555,-0.35264259,-0.78368029,0.21271643,-0.27865986,-0.27035195,-0.26174685,0.8620753,-0.48749652,0.59451018,-0.42508415,0.50214676,0.77142614,-0.33904046,-0.563507,0.84290811,-0.575312,-0.84922376,-0.26201568,-0.162559,0.41220979,0.26962618,-0.15863267,-0.45932325,-0.15863267,-0.64107548,-0.32774152,-0.35290965,19,"walking_upstairs"
-0.34325746,-0.32117254,0.31858499,-0.33731838,-0.80330663,0.21090039,-0.27868072,-0.26684595,-0.25220849,0.8620753,-0.4469073,0.60222564,-0.44086196,0.51667016,0.77883583,-0.38981399,-0.5770638,0.84608887,-0.58929523,-0.85285656,-0.3121513,-0.19257133,0.36734326,0.31003192,-0.18518133,-0.35420183,-0.18518133,-0.66309389,-0.35429278,-0.021828134,19,"walking_upstairs"
-0.34325746,-0.33657845,0.32481078,-0.34714306,-0.7907202,0.21073747,-0.29912854,-0.26761631,-0.25220849,0.85125066,-0.46049718,0.60390403,-0.48687633,0.57325062,0.78210225,-0.43211594,-0.56999109,0.84676886,-0.65932618,-0.85176179,-0.24808176,-0.2061785,0.39738937,0.25178256,-0.16218997,-0.33673703,-0.16218997,-0.64398756,-0.30657421,-0.32092937,19,"walking_upstairs"
-0.3638725,-0.33806991,0.33653578,-0.3640984,-0.76894702,0.22542933,-0.30179206,-0.28849326,-0.26078277,0.83964269,-0.40325208,0.57014854,-0.56928913,0.64386089,0.78210225,-0.4354114,-0.54244631,0.83273343,-0.7182726,-0.82836332,0.075442606,-0.21561679,0.47222893,-0.083406976,-0.18676375,-0.37085483,-0.18676375,-0.66441977,0.020104028,-0.44491727,19,"walking_upstairs"
-0.29652226,-0.36514261,0.32650722,-0.35327394,-0.779871,0.19283141,-0.37181211,-0.24559943,-0.17111454,0.81289255,-0.60176354,0.66431266,-0.64241555,0.68799312,0.86907318,-0.4198817,-0.58420731,0.87018945,-0.73414601,-0.86530541,-0.25967483,-0.13538124,0.40024423,0.26337798,-0.16478543,-0.59581511,-0.16478543,-0.64627807,-0.3190012,-0.75015736,19,"walking_upstairs"
-0.38793701,-0.36514261,0.35541917,-0.39164932,-0.73071101,0.2697595,-0.3970589,-0.35049014,-0.22803238,0.78205091,-0.56164007,0.47918959,-0.52016146,0.60735371,0.79480421,-0.39174864,-0.47667231,0.79405032,-0.69598073,-0.74358314,-0.18792721,-0.13323959,0.63832134,0.22089325,-0.10827067,-0.57541213,-0.10827067,-0.59732598,-0.31067334,-0.62707572,19,"walking_upstairs"
-0.40839629,-0.36717967,0.35954573,-0.39497073,-0.72596293,0.30426701,-0.40085699,-0.39440047,-0.3822132,0.7595837,-0.38252577,0.39111003,-0.51541939,0.58525183,0.71417892,-0.33936719,-0.4352998,0.7558769,-0.65538788,-0.6834573,-0.018446051,-0.090439086,0.69126733,0.041032846,-0.083413484,-0.42082296,-0.083413484,-0.57487574,-0.12688272,-0.58027612,19,"walking_upstairs"
-0.40004744,-0.36717967,0.35944251,-0.39177584,-0.73053825,0.30463872,-0.40085699,-0.39164576,-0.37153286,0.7595837,-0.39439827,0.36795479,-0.57005395,0.62904337,0.69228602,-0.45658586,-0.43500545,0.74568003,-0.68814024,-0.68759651,-0.096588413,-0.21125523,0.6556225,0.11043147,-0.23017077,-0.38569401,-0.23017077,-0.69878596,-0.18436214,-0.73346769,19,"walking_upstairs"
-0.39416401,-0.36214682,0.35364058,-0.38436773,-0.74112685,0.29539532,-0.40044888,-0.37995582,-0.37153286,0.7613013,-0.43589216,0.39896083,-0.52140078,0.60594443,0.69925594,-0.5077092,-0.45147096,0.75942675,-0.6908518,-0.70563665,-0.084245781,-0.3032749,0.63070268,0.10287916,-0.29976483,-0.46215978,-0.29976483,-0.74957088,-0.18361697,-0.3130356,19,"walking_upstairs"
-0.39416401,-0.36601909,0.35498629,-0.38804934,-0.73583851,0.28468815,-0.37188126,-0.3676375,-0.36389912,0.78933896,-0.39437474,0.42977906,-0.52701977,0.60605504,0.71128324,-0.50398496,-0.46150327,0.77297413,-0.68385321,-0.72440441,-0.13620764,-0.36520064,0.63383589,0.1535489,-0.31563069,-0.21991623,-0.31563069,-0.76060432,-0.23026416,-0.69890088,19,"walking_upstairs"
-0.2446042,-0.2649812,0.25501988,-0.2395412,-0.90454337,0.22707237,-0.34451096,-0.27831783,-0.25381878,0.82928829,-0.66435386,0.5502937,-0.52765305,0.63551786,0.76263223,0.27444981,-0.62743528,0.82448638,-0.74360222,-0.83910473,-0.30037735,0.52061959,0.090931484,0.35937938,0.56395928,-0.19606354,0.56395928,0.22663654,-0.47108991,0.36449361,19,"walking_downstairs"
-0.22498612,-0.19730614,0.23959163,-0.21934336,-0.92173984,0.24134644,-0.3319026,-0.29862417,-0.25381878,0.82928829,-0.49830696,0.56319117,-0.60553125,0.69723675,0.80887897,0.18549888,-0.62477621,0.82971337,-0.7901229,-0.81475814,-0.085249735,0.63712433,0.10039309,0.15258461,0.58664615,-0.046420925,0.58664615,0.26287629,-0.28438167,0.58928973,19,"walking_downstairs"
-0.22498612,-0.20585697,0.23497245,-0.21909466,-0.92184347,0.26066238,-0.34579577,-0.3343835,-0.31508866,0.83098644,-0.36587107,0.63831957,-0.575647,0.66496538,0.81516932,0.035781504,-0.60532686,0.86058877,-0.75528968,-0.77121428,0.053722905,0.36938973,0.2546407,-0.043088829,0.41767207,0.019318077,0.41767207,0.0092193529,-0.039747614,0.2725377,19,"walking_downstairs"
-0.22628935,-0.20585697,0.23388898,-0.21903447,-0.92184809,0.25022164,-0.34579577,-0.32270985,-0.3045595,0.88132984,-0.50782606,0.68025411,-0.49301813,0.59811761,0.81516932,0.037809959,-0.61888123,0.87785348,-0.70262355,-0.78611226,0.13051403,0.28208232,0.25648342,-0.094671513,0.36777542,-0.15789009,0.36777542,-0.059970958,-0.021766712,-0.24437704,19,"walking_downstairs"
-0.22628935,-0.20258599,0.2327294,-0.21442115,-0.9255322,0.25088204,-0.3414445,-0.31875156,-0.3045595,0.85493969,-0.57188163,0.631441,-0.53968874,0.63591302,0.80819355,-0.042342861,-0.61901439,0.85795976,-0.73205054,-0.79137148,-0.13103523,0.3553247,0.19512416,0.16894878,0.37693857,-0.26207172,0.37693857,-0.047688953,-0.26875746,-0.024740442,19,"walking_downstairs"
-0.22866013,-0.19109473,0.23651299,-0.21654636,-0.92398654,0.26775601,-0.34378071,-0.33575608,-0.31696848,0.81771714,-0.50129998,0.54956312,-0.57297834,0.67022916,0.7834783,0.16823958,-0.59542781,0.82405959,-0.767892,-0.76935379,-0.22880852,0.56419929,0.18114472,0.26436883,0.53847598,-0.22271824,0.53847598,0.18696078,-0.3539155,0.5383167,19,"walking_downstairs"
-0.32743193,-0.39477169,0.34968568,-0.38407738,-0.73947811,0.30617389,-0.50510496,-0.39979238,-0.28061637,0.67277762,-0.54618844,0.43142651,-0.63831335,0.69499898,0.80426989,-0.24365964,-0.44391397,0.77117577,-0.75260125,-0.66119913,-0.41749364,-0.11669074,0.70551154,0.46064623,-0.044096785,-0.70763276,-0.044096785,-0.53794158,-0.54740618,-0.68194872,19,"walking_upstairs"
-0.41278935,-0.42323025,0.38595909,-0.4299461,-0.67184318,0.37568795,-0.50510496,-0.48596412,-0.41805095,0.64670014,-0.61222278,0.19030383,-0.54353998,0.63301698,0.69709711,-0.16054983,-0.32462514,0.66275931,-0.72409061,-0.52098149,-0.4570765,0.07766518,0.85185193,0.52215447,0.089981775,-0.52704254,0.089981775,-0.4005191,-0.62913582,-0.62852574,19,"walking_upstairs"
-0.43165851,-0.42323025,0.39802077,-0.44411247,-0.64959141,0.38957218,-0.51799878,-0.50108732,-0.49305962,0.64661776,-0.65764323,0.12248717,-0.57687609,0.65205192,0.57599551,-0.2154353,-0.29464649,0.63076649,-0.72765137,-0.49206695,-0.36749165,0.057214309,0.86921235,0.41975036,0.04115909,-0.3698044,0.04115909,-0.45294468,-0.51940503,-0.73178671,19,"walking_upstairs"
-0.39790324,-0.42150068,0.37793596,-0.41678368,-0.69223084,0.39393463,-0.5219017,-0.50576669,-0.49305962,0.64661776,-0.46978056,0.14985975,-0.54440479,0.62087652,0.58548709,-0.42314802,-0.31126203,0.64416537,-0.69737213,-0.48252564,-0.39002384,-0.23772983,0.83326671,0.41767112,-0.20068544,-0.45564393,-0.20068544,-0.67541292,-0.48942876,-0.64980308,19,"walking_upstairs"
-0.39452472,-0.38129999,0.35815891,-0.38822916,-0.73551553,0.39127861,-0.5219017,-0.4998495,-0.48768459,0.6749202,-0.36708555,0.18104869,-0.49639582,0.58976352,0.59711935,-0.4127237,-0.33512335,0.65925708,-0.68270174,-0.49435914,-0.24332654,-0.21072429,0.76893293,0.24952116,-0.20854686,-0.44688118,-0.20854686,-0.68068782,-0.30802389,-0.45235654,19,"walking_upstairs"
-0.39452472,-0.37934936,0.36015328,-0.39323683,-0.72817278,0.39491271,-0.52689128,-0.50750034,-0.48768459,0.66789117,-0.38007585,0.18394262,-0.58101421,0.65264522,0.59711935,-0.38073418,-0.32861171,0.66064901,-0.72397289,-0.47874626,-0.039557233,-0.21696146,0.805652,0.068195526,-0.17656896,-0.57580684,-0.17656896,-0.656013,-0.16455558,-0.72701627,19,"walking_upstairs"
-0.31226986,-0.30352032,0.30664791,-0.32142202,-0.82214573,0.13013893,-0.21816748,-0.15448608,-0.11791085,0.88705222,-0.33122547,0.71650062,-0.25964827,0.26119526,0.89585567,-0.81147554,-0.65810681,0.89202801,-0.26287605,-0.94671586,-0.089562663,-0.75830201,0.11227963,0.021902903,-0.74626743,-0.91328544,-0.74626743,-0.96554006,-0.013353154,-0.89580051,21,"standing"
-0.33943412,-0.30352032,0.31077664,-0.32774399,-0.8149549,0.15974302,-0.22285533,-0.19657173,-0.13031556,0.88705222,0.37229851,0.68852855,-0.76569061,0.76763753,0.82453227,-0.85513693,-0.63111275,0.88113994,-0.7692365,-0.91723084,-0.11753011,-0.86970562,0.22096637,0.033911231,-0.85064495,-0.91344041,-0.85064495,-0.98743654,-0.0057423413,-0.86529936,21,"standing"
-0.33581848,-0.29706728,0.30559366,-0.32348581,-0.82004978,0.1659042,-0.22285533,-0.20732173,-0.20143391,0.9027018,0.64075479,0.72387572,-0.72775901,0.74076166,0.82503462,-0.87508265,-0.63252105,0.89530869,-0.75374282,-0.91004386,-0.76747701,-0.87060026,0.26537317,0.75944242,-0.87274726,-0.91132291,-0.87274726,-0.9906879,-0.76693171,-0.83717613,21,"standing"
-0.33272859,-0.29601513,0.30413298,-0.3210655,-0.82286247,0.15756878,-0.19996196,-0.19525328,-0.1898791,0.91797836,0.46496358,0.73082811,-0.46070156,0.48010181,0.82532694,-0.86485143,-0.64108769,0.89807672,-0.49863042,-0.92015048,-0.66916566,-0.86165464,0.23187559,0.6526616,-0.85803314,-0.69794631,-0.85803314,-0.98857807,-0.65783035,-0.81772095,21,"standing"
-0.33272859,-0.29978557,0.30637553,-0.32391489,-0.81947275,0.15099485,-0.1980035,-0.18571013,-0.18359632,0.91775584,0.019863953,0.73014817,-0.38930875,0.40552427,0.82532694,-0.90920297,-0.64342979,0.89780689,-0.42125594,-0.92743238,-0.61144045,-0.89065225,0.21359458,0.58749451,-0.89459951,-0.5753342,-0.89459951,-0.99342643,-0.5887156,-0.91094186,21,"standing"
-0.33561928,-0.29978557,0.30736292,-0.32540165,-0.81775078,0.14591749,-0.17998318,-0.17854758,-0.18359632,0.91775584,-0.034527521,0.7344417,-0.65730825,0.69276644,0.82801994,-0.95924892,-0.6460118,0.89950738,-0.72860488,-0.93291251,-0.42963693,-0.96512718,0.20176316,0.38229637,-0.95896495,-0.55361633,-0.95896495,-0.99874806,-0.37145424,-0.98041594,21,"standing"
-0.33441909,-0.29524821,0.30234805,-0.31834336,-0.8260501,0.14801906,-0.18147537,-0.18155549,-0.18392586,0.9214215,0.0019194192,0.74069438,-0.58080949,0.63983046,0.828023,-0.95293779,-0.65076475,0.90198399,-0.69962741,-0.93069887,-0.30635463,-0.96305937,0.1953953,0.29089265,-0.95318417,-0.49197434,-0.95318417,-0.9984378,-0.32299245,-0.98389453,21,"standing"
-0.33048951,-0.28508005,0.2996345,-0.31450066,-0.83049189,0.1497939,-0.18192234,-0.18407887,-0.19034129,0.92356378,0.17219785,0.7431965,-0.19001142,0.20883541,0.83018818,-0.99410582,-0.65279788,0.90297303,-0.2280044,-0.9288306,-0.30613377,-0.99268393,0.1936045,0.25241697,-0.99250543,-0.47588493,-0.99250543,-0.9998957,-0.24345869,-0.98938416,21,"standing"
-0.33034465,-0.283895,0.29812217,-0.31245708,-0.83282231,0.14998783,-0.18284208,-0.18441883,-0.1914321,0.9237752,0.32632214,0.74651022,-0.30718879,0.31066495,0.83067951,-0.99536231,-0.65453213,0.90428179,-0.31411032,-0.92857541,-0.40593514,-0.99335532,0.19147997,0.35773873,-0.99384092,-0.34356449,-0.99384092,-0.99991828,-0.34774594,-0.98932026,21,"standing"
-0.33034465,-0.28294342,0.29827675,-0.31271538,-0.8325293,0.15111519,-0.1859072,-0.18604732,-0.1914321,0.92402743,0.28354988,0.74565231,-0.25938872,0.25963367,0.83067951,-0.99582731,-0.65345757,0.90394294,-0.25958114,-0.92733967,-0.32910698,-0.99298051,0.19588127,0.28175044,-0.99531061,-0.30642649,-0.99531061,-0.99994123,-0.2778744,-0.99152032,21,"standing"
-0.33206579,-0.28364777,0.29927956,-0.31419733,-0.83084264,0.15224462,-0.1859072,-0.18769235,-0.19316781,0.92402743,0.1303418,0.74372538,-0.4278519,0.43314972,0.82922592,-0.99619327,-0.65132421,0.9031822,-0.43814531,-0.92609284,-0.19456219,-0.99466267,0.20283844,0.16333288,-0.9963953,-0.44067789,-0.9963953,-0.99995667,-0.18607341,-0.9969172,21,"standing"
-0.33304806,-0.28405599,0.2996647,-0.31481868,-0.83013215,0.15268448,-0.18669193,-0.18836697,-0.19471267,0.92400334,0.28705352,0.74358839,-0.45267253,0.46466785,0.82908671,-0.9947443,-0.6504996,0.90312808,-0.47644729,-0.9255759,-0.32020801,-0.99473599,0.20622438,0.27481301,-0.99613533,-0.52806787,-0.99613533,-0.9999532,-0.27355229,-0.99705189,21,"standing"
-0.32941325,-0.28405599,0.29883843,-0.3135858,-0.83153569,0.15256505,-0.18669193,-0.18815707,-0.19205283,0.92400334,0.11881264,0.7442555,-0.48346458,0.49970077,0.83003533,-0.99084666,-0.65161908,0.90339154,-0.51595768,-0.92573479,-0.47983921,-0.99075965,0.2028221,0.453905,-0.99248199,-0.64748471,-0.99248199,-0.99989535,-0.46259717,-0.99426055,21,"standing"
-0.32781506,-0.2824766,0.29680489,-0.31058418,-0.8349401,0.15027486,-0.18597048,-0.18482409,-0.188917,0.92468745,0.21703105,0.74819017,-0.48506018,0.5206253,0.83221457,-0.99034286,-0.65594557,0.90494471,-0.55679257,-0.92825679,-0.46596027,-0.98725064,0.18875154,0.44686509,-0.9888432,-0.44652209,-0.9888432,-0.99982456,-0.4638328,-0.99166162,21,"standing"
-0.32781506,-0.28189122,0.29637043,-0.30999913,-0.83560131,0.14937851,-0.18383115,-0.18356967,-0.188917,0.92480463,0.42408204,0.75008475,-0.53678949,0.5432323,0.83224078,-0.98938118,-0.65718765,0.90569216,-0.54956958,-0.92920629,-0.34602497,-0.98654976,0.18524818,0.28781952,-0.98785092,-0.3135265,-0.98785092,-0.99980303,-0.271237,-0.99340653,21,"standing"
-0.32792768,-0.28202911,0.29769897,-0.31188071,-0.83347527,0.14975725,-0.18383115,-0.18410625,-0.18917552,0.92456416,0.59296186,0.7476613,-0.44336423,0.44246902,0.83224078,-0.9892708,-0.65523894,0.90473586,-0.44123615,-0.92880461,-0.1696754,-0.98867207,0.18995272,0.091101913,-0.98925826,-0.23856796,-0.98925826,-0.99983333,-0.065051748,-0.99461642,21,"standing"
-0.33094682,-0.28289776,0.29831231,-0.31278027,-0.83245725,0.14946577,-0.18440612,-0.18371075,-0.18917552,0.92456416,0.42013419,0.74735404,-0.25981264,0.259173,0.8310492,-0.99175937,-0.654702,0.90461488,-0.25808008,-0.92910147,-0.23348977,-0.98978931,0.19110613,0.16542175,-0.99229055,-0.50547625,-0.99229055,-0.99989194,-0.14596153,-0.99841938,21,"standing"
-0.33094682,-0.28343348,0.29880197,-0.31358614,-0.83153851,0.15082572,-0.18524346,-0.1857173,-0.18919521,0.92457647,0.27278465,0.74661631,-0.36594751,0.37193228,0.8310492,-0.99309804,-0.65303131,0.90432362,-0.37769976,-0.92758687,0.01901378,-0.9935004,0.19809613,-0.11290143,-0.99348868,-0.48754024,-0.99348868,-0.99991246,0.14236889,-0.99626714,21,"standing"
-0.33227668,-0.28343348,0.29904252,-0.31383551,-0.83125543,0.15167467,-0.18524346,-0.18686517,-0.19324033,0.92457647,0.15085598,0.74434051,-0.28129642,0.2998963,0.82943774,-0.99780202,-0.65206677,0.90342526,-0.31840362,-0.92672399,-0.038121164,-0.99768108,0.20011299,-0.039831103,-0.99780115,-0.32409514,-0.99780115,-0.99997519,0.056626511,-0.99653539,21,"standing"
-0.33198291,-0.28218598,0.29864219,-0.31321646,-0.83196183,0.15087265,-0.18389167,-0.18569134,-0.19185394,0.92473399,-0.036900566,0.74512348,-0.1823304,0.22303544,0.82962491,-0.99800534,-0.65319336,0.9037345,-0.26399267,-0.92761514,-0.072861666,-0.99617142,0.19588999,0.027631221,-0.99706499,-0.088181563,-0.99706499,-0.99996569,-0.042956543,-0.99551357,21,"standing"
-0.33198291,-0.28206164,0.29852726,-0.31308852,-0.83210747,0.15029819,-0.18303507,-0.18489705,-0.19174678,0.925064,-0.15635553,0.74626723,-0.4893115,0.52072107,0.82990235,-0.99556952,-0.65378553,0.90418615,-0.55235741,-0.92821525,-0.15777221,-0.992814,0.19428867,0.12723167,-0.99393419,0.029388451,-0.99393419,-0.99991982,-0.15207843,-0.99619828,21,"standing"
-0.33043094,-0.28174332,0.29823475,-0.31261394,-0.83264672,0.15077087,-0.18411433,-0.18553053,-0.19174678,0.92476961,-0.018317487,0.74555188,-0.39593835,0.43730221,0.82990235,-0.99066088,-0.65377977,0.90390364,-0.47901359,-0.92773571,0.019878356,-0.98863866,0.19414934,-0.035565834,-0.98814117,0.016841483,-0.98814117,-0.99980937,-0.018750991,-0.99292928,21,"standing"
-0.33026491,-0.2827996,0.29795776,-0.31210674,-0.83322195,0.15036414,-0.18411433,-0.18487805,-0.18926718,0.92476961,0.18929006,0.7450083,-0.24921214,0.30321124,0.82942064,-0.99053533,-0.65444267,0.90368902,-0.35782453,-0.92822424,-0.012816972,-0.98621066,0.1906158,-0.060383151,-0.98845775,-0.1106474,-0.98845775,-0.99981609,0.069683147,-0.99410911,21,"standing"
-0.35320237,-0.32974233,0.32411913,-0.34941859,-0.78799995,0.164249,-0.23066722,-0.20485869,-0.18631195,0.86935842,0.11859877,0.69338559,-0.94964172,0.9534425,0.81716624,-0.89466955,-0.61088232,0.88311295,-0.95692382,-0.91176306,-0.84784786,-0.9259069,0.30576356,0.84596336,-0.89726981,-0.96608224,-0.89726981,-0.99372911,-0.85456638,-0.91990533,21,"standing"
-0.35318194,-0.31841167,0.31599976,-0.33786996,-0.80268543,0.17499873,-0.22423846,-0.21998277,-0.20430239,0.9030295,-0.245122,0.69369409,-0.6274993,0.62937897,0.81604999,-0.97627697,-0.61224164,0.88326831,-0.63111061,-0.89923959,-0.51326141,-0.97249964,0.31511325,0.4667331,-0.97222434,-0.80499086,-0.97222434,-0.99933469,-0.45107223,-0.96949364,21,"standing"
-0.35318194,-0.30850711,0.31563025,-0.33704105,-0.80373352,0.1768335,-0.22636792,-0.22235403,-0.22634247,0.90068408,0.38158786,0.68893865,-0.45678123,0.46346509,0.8076132,-0.96931657,-0.61114884,0.88136329,-0.46999851,-0.89719896,-0.40649721,-0.97707262,0.31553522,0.37002263,-0.97077325,-0.51699842,-0.97077325,-0.99927912,-0.37221291,-0.98256466,21,"standing"
-0.35612979,-0.32319146,0.31948306,-0.34260377,-0.79677551,0.1824653,-0.24531182,-0.23040151,-0.22634247,0.88688879,0.15744774,0.6775928,-0.42349735,0.43005609,0.8076132,-0.96802804,-0.60167914,0.87679004,-0.43677579,-0.88967258,-0.43090822,-0.96425111,0.34335076,0.39112456,-0.96786238,-0.57320474,-0.96786238,-0.99916104,-0.38852536,-0.98315575,21,"standing"
-0.35885187,-0.33106111,0.32756875,-0.35400382,-0.78219145,0.19387592,-0.25446023,-0.24649973,-0.23655785,0.88009861,0.7626993,0.65064819,-0.46483025,0.46156469,0.80400982,-0.95704767,-0.58201212,0.86588465,-0.45811831,-0.87411714,-0.5559324,-0.95150938,0.39635406,0.51402015,-0.9567869,-0.72120822,-0.9567869,-0.99863506,-0.50026352,-0.98404221,21,"standing"
-0.36641356,-0.33106111,0.32933383,-0.35645916,-0.77905673,0.19639978,-0.25446023,-0.25003179,-0.2476076,0.88009861,0.83224504,0.64424915,-0.35810557,0.35355382,0.79589815,-0.95338248,-0.57766526,0.86329455,-0.34853287,-0.87067232,-0.55125772,-0.95063358,0.40747912,0.51013569,-0.9528649,-0.59455443,-0.9528649,-0.99841958,-0.49728549,-0.98048489,21,"standing"
-0.36641356,-0.33738063,0.32996975,-0.35723505,-0.77799776,0.19259897,-0.25049033,-0.24461282,-0.2476076,0.88033229,0.84073104,0.64683355,-0.46619173,0.46208426,0.79589815,-0.96432858,-0.58022804,0.8643464,-0.45757424,-0.87614218,-0.57038277,-0.95751116,0.39712895,0.52854774,-0.96313071,-0.75049009,-0.96313071,-0.99895118,-0.51376796,-0.97334603,21,"standing"
-0.36940651,-0.33738063,0.33512058,-0.36439184,-0.76858828,0.18907098,-0.24307332,-0.23963397,-0.23993983,0.88033229,0.70120183,0.64186412,-0.69792051,0.69709429,0.79433209,-0.97604258,-0.57698003,0.86232774,-0.69597025,-0.88099554,-0.80391149,-0.97689884,0.39937841,0.78640159,-0.9778463,-0.79063861,-0.9778463,-0.9995311,-0.78140237,-0.98296542,21,"standing"
-0.36450439,-0.33737233,0.33177182,-0.35979901,-0.77462424,0.18499579,-0.2384207,-0.23395588,-0.23956622,0.88090103,0.19840205,0.65343896,-0.429467,0.43784471,0.79958804,-0.9821906,-0.58453302,0.8670283,-0.4464077,-0.88647643,-0.72024564,-0.98557477,0.38077269,0.69705957,-0.98370399,-0.71053655,-0.98370399,-0.99970235,-0.69189987,-0.9854484,21,"standing"
-0.36300055,-0.32920215,0.32437259,-0.3494842,-0.78807553,0.1844512,-0.23197525,-0.23321399,-0.23956622,0.88962476,0.47606341,0.66718172,-0.16243124,0.16226905,0.80031633,-0.98516716,-0.59404249,0.87259904,-0.16224364,-0.88718703,-0.45768846,-0.98442508,0.36149146,0.40455537,-0.98543551,-0.30625144,-0.98543551,-0.99974645,-0.38577074,-0.98862851,21,"standing"
-0.36300055,-0.31766448,0.32291502,-0.34735806,-0.79082891,0.18494653,-0.2319914,-0.23385128,-0.23971344,0.8935892,0.42929485,0.66822105,-0.36927376,0.37010498,0.80031633,-0.99401635,-0.59538995,0.8730201,-0.37054554,-0.88658447,-0.51620687,-0.99168458,0.35823025,0.47624566,-0.99377491,-0.20927027,-0.99377491,-0.99991724,-0.46701825,-0.98887237,21,"standing"
-0.36480821,-0.31766448,0.32342524,-0.34808801,-0.78990484,0.18471755,-0.23222606,-0.23353957,-0.23969894,0.8935892,0.56830354,0.66777895,-0.40414273,0.41326791,0.79969093,-0.99031055,-0.59496672,0.87284169,-0.42212216,-0.88687931,-0.33267728,-0.98759932,0.3590365,0.27803677,-0.98917076,-0.39894955,-0.98917076,-0.9998315,-0.26593729,-0.99109469,21,"standing"
-0.36480821,-0.31832136,0.32319792,-0.34786309,-0.79019098,0.18631391,-0.23810073,-0.23585517,-0.23969894,0.89116448,0.3091926,0.66719819,-0.44282949,0.45547511,0.79969093,-0.98872299,-0.59387113,0.87260647,-0.4682844,-0.88466123,-0.33517356,-0.98413442,0.36416087,0.29234751,-0.98678907,-0.4065188,-0.98678907,-0.99977881,-0.29302629,-0.98879903,21,"standing"
-0.36518779,-0.31965784,0.32465003,-0.34984682,-0.78765766,0.18916984,-0.23852541,-0.23983494,-0.24221633,0.89049637,0.32501675,0.66074286,-0.37715036,0.3802416,0.7992039,-0.99121555,-0.58964333,0.86999542,-0.38336527,-0.88084012,-0.31229978,-0.98736763,0.37516124,0.2824443,-0.98990907,-0.3456322,-0.98990907,-0.99984658,-0.29859973,-0.98763779,21,"standing"
-0.36607381,-0.31965784,0.32498789,-0.35042747,-0.78691577,0.19031915,-0.23960675,-0.24153043,-0.24796227,0.89049637,0.10949282,0.65982593,-0.49557207,0.51009515,0.79707917,-0.99037685,-0.58823535,0.86962481,-0.52469249,-0.87919452,-0.26270451,-0.98867348,0.38055587,0.22409951,-0.98936745,-0.40216605,-0.98936745,-0.99983555,-0.23443542,-0.98648692,21,"standing"
-0.36497537,-0.31950045,0.3234851,-0.34837202,-0.78954035,0.18951212,-0.23960675,-0.24043374,-0.24422892,0.8915294,0.19855589,0.66389018,-0.52003315,0.55589299,0.79752301,-0.99043086,-0.59075137,0.87126993,-0.59233369,-0.8802578,-0.32282012,-0.98754011,0.37520708,0.28308038,-0.98919097,-0.35700809,-0.98919097,-0.99983188,-0.28801667,-0.98805663,21,"standing"
-0.36497537,-0.31688953,0.32286341,-0.34733128,-0.79086898,0.18893133,-0.24047154,-0.23949117,-0.24422892,0.8919003,0.12042779,0.66395053,-0.22242946,0.26232168,0.79752301,-0.99395992,-0.59200702,0.87129437,-0.30302545,-0.88117369,-0.21268304,-0.9927866,0.36990923,0.1669767,-0.99252678,-0.23037229,-0.99252678,-0.99989614,-0.17304817,-0.99528249,21,"standing"
-0.36521402,-0.31790149,0.32378362,-0.34861789,-0.78923,0.19086496,-0.24187144,-0.24220664,-0.24432239,0.89005819,-0.035602804,0.65998136,-0.066802784,0.1532371,0.79708882,-0.99651661,-0.58920961,0.86968775,-0.24170003,-0.87852001,-0.19954774,-0.99558415,0.37756964,0.17009616,-0.99525563,-0.15923413,-0.99525563,-0.99994045,-0.1946233,-0.99449719,21,"standing"
-0.36701343,-0.31790149,0.32454218,-0.34957489,-0.78800965,0.19220272,-0.24187144,-0.24400622,-0.25032563,0.88953418,0.14154012,0.6559737,-0.21245625,0.26217229,0.79518824,-0.99730977,-0.58712373,0.86806421,-0.31294453,-0.87676206,-0.22760048,-0.99635547,0.38185516,0.20955457,-0.99702146,-0.35400817,-0.99702146,-0.9999652,-0.24390279,-0.99540191,21,"standing"
-0.36768625,-0.31802972,0.32464548,-0.34961462,-0.78795892,0.19208542,-0.24157697,-0.24376257,-0.25032563,0.88953418,0.094498262,0.65489547,-0.14243661,0.1832506,0.79384004,-0.99721487,-0.58710257,0.86762716,-0.22462838,-0.87700285,-0.11097004,-0.99586208,0.38047155,0.090529746,-0.99702345,-0.12024024,-0.99702345,-0.99996527,-0.12926763,-0.9946224,21,"standing"
-0.36622008,-0.31805708,0.32446136,-0.34950569,-0.78809788,0.19204944,-0.24138622,-0.24382411,-0.24946058,0.88974271,0.082233721,0.65674145,-0.43817164,0.4869152,0.79513986,-0.9934682,-0.58735556,0.86837548,-0.53645895,-0.876942,-0.10524318,-0.99303408,0.38177915,0.042148531,-0.99332605,-0.015564946,-0.99332605,-0.99990963,-0.037135651,-0.99299798,21,"standing"
-0.36330291,-0.31805708,0.32314152,-0.34770044,-0.79039372,0.19096776,-0.24138622,-0.24233805,-0.24723367,0.89056564,0.32797654,0.66076799,-0.38641928,0.39825063,0.79729454,-0.99026097,-0.58989172,0.87000623,-0.41004057,-0.87839946,-0.066421095,-0.99008048,0.37604175,-0.010962147,-0.99058199,-0.2628983,-0.99058199,-0.99985997,0.028341527,-0.99299883,21,"standing"
-0.079911209,-0.16233388,0.13613272,-0.076839942,-0.99116248,0.20674253,-0.33487862,-0.2638734,-0.24646218,0.88190265,0.89637759,0.82585069,-0.99300199,0.99448174,0.8846123,-0.89799486,-0.73313361,0.93508222,-0.99558148,-0.85543442,-0.93487561,-0.88743049,-0.17682987,0.94390322,-0.87481661,-0.98628047,-0.87481661,-0.99096307,-0.95805945,-0.98934472,21,"sitting"
-0.079918827,-0.036455044,0.12462076,-0.059730151,-0.99663257,0.20938005,-0.27091643,-0.2666121,-0.25156385,0.9431502,0.62445355,0.81256413,-0.94422983,0.94541728,0.88020146,-0.98101182,-0.73271183,0.93008567,-0.94625139,-0.85331634,-0.88003192,-0.97382598,-0.22558354,0.87538582,-0.97636933,-0.82283462,-0.97636933,-0.99948234,-0.8787892,-0.99003998,21,"sitting"
-0.076600751,-0.036010935,0.12156229,-0.055162261,-0.99731114,0.21027566,-0.27090782,-0.26731287,-0.27121783,0.9431502,0.5039459,0.80475773,-0.7298382,0.73145565,0.85557459,-0.98708422,-0.7321424,0.92708497,-0.73269894,-0.85265555,-0.3135181,-0.98438153,-0.24188584,0.2484496,-0.9867327,-0.35947328,-0.9867327,-0.99977756,-0.2270278,-0.99579076,21,"sitting"
-0.075771883,-0.026155051,0.11859545,-0.05084272,-0.99792873,0.20911935,-0.26540806,-0.26597647,-0.27121783,0.948674,0.012004144,0.81039047,-0.39322852,0.398002,0.85557459,-0.99206328,-0.73431668,0.92927406,-0.40251679,-0.85411121,-0.12151903,-0.98966965,-0.25297754,0.044055271,-0.99015486,-0.19270015,-0.99015486,-0.99985158,-0.022578373,-0.99611564,21,"sitting"
-0.073759066,-0.022958319,0.11760602,-0.049382505,-0.99810878,0.21000173,-0.26540806,-0.26713539,-0.27127094,0.948674,0.0089642243,0.80851986,-0.28457045,0.29590272,0.8550713,-0.98995348,-0.73327137,0.92854864,-0.3073982,-0.8528653,-0.064679699,-0.98827203,-0.25524113,0.019607657,-0.98806177,-0.33350897,-0.98806177,-0.99980755,-0.036902544,-0.99601841,21,"sitting"
-0.07358274,-0.022052586,0.11663817,-0.047966498,-0.99827704,0.20813092,-0.26540707,-0.26458464,-0.2673604,0.94867634,0.070867121,0.81176344,-0.48346839,0.4894139,0.85678147,-0.98961411,-0.73602802,0.92980581,-0.49531927,-0.8555915,-0.12022658,-0.98755269,-0.26348477,0.10513135,-0.98835078,-0.43739414,-0.98835078,-0.99981395,-0.15055669,-0.99655063,21,"sitting"
-0.073050654,-0.02003608,0.11616704,-0.04728,-0.99835607,0.20606289,-0.26150482,-0.26176251,-0.26733424,0.9507787,-0.12043119,0.81522763,-0.41106572,0.42093422,0.85678147,-0.99525742,-0.73897185,0.93114865,-0.4307783,-0.8586047,0.00085736811,-0.99368408,-0.27030777,-0.03756232,-0.99452341,-0.15819504,-0.99452341,-0.9999291,0.0077787714,-0.99708945,21,"sitting"
-0.07278297,-0.020018082,0.11593296,-0.046924103,-0.99839591,0.20640572,-0.26024487,-0.26212589,-0.26733424,0.9495227,-0.15482992,0.81328617,-0.12856506,0.13662289,0.85673195,-0.9974901,-0.7385352,0.93039642,-0.1447524,-0.85822067,-0.11742069,-0.99732089,-0.27174977,0.099184174,-0.99482239,0.068511745,-0.99482239,-0.99993342,-0.1403267,-0.9962138,21,"sitting"
-0.072278008,-0.019365748,0.11563192,-0.046471459,-0.99844587,0.20682163,-0.26024487,-0.26260187,-0.2686568,0.94951712,-0.086683254,0.81141553,-0.29841187,0.30109375,0.85614791,-0.99701405,-0.73800741,0.92967155,-0.30367599,-0.85771755,-0.051038853,-0.99605021,-0.273101,0.033913746,-0.9951604,0.048692599,-0.9951604,-0.99993898,-0.080144445,-0.9966884,21,"sitting"
-0.071050624,-0.019043988,0.11512115,-0.045733,-0.99852527,0.20619989,-0.25975301,-0.26184645,-0.26802888,0.94951712,-0.035498318,0.81376595,-0.45258201,0.45940815,0.85695609,-0.99525057,-0.73895029,0.93058216,-0.46612166,-0.8585174,-0.12964194,-0.99370059,-0.27537384,0.091818268,-0.99523059,0.13912789,-0.99523059,-0.99994,-0.1119411,-0.99634638,21,"sitting"
-0.067604337,-0.018533451,0.11415225,-0.044318465,-0.99866986,0.20543792,-0.25894804,-0.26086873,-0.26543477,0.95180432,-0.20274389,0.81599897,-0.47921008,0.49844792,0.85695609,-0.98974347,-0.74015513,0.93144734,-0.51751162,-0.85954951,-0.40143438,-0.98769518,-0.28016403,0.36488278,-0.98785965,-0.083930603,-0.98785965,-0.99980291,-0.36773894,-0.99663567,21,"sitting"
-0.064321161,-0.017298816,0.11211584,-0.041317425,-0.99894903,0.20325803,-0.25841928,-0.25772248,-0.26029041,0.95201828,-0.18693644,0.81749695,-0.50556437,0.52230659,0.85832518,-0.9907381,-0.74346843,0.93202701,-0.53908334,-0.8628297,-0.30400986,-0.98769218,-0.29560604,0.25764109,-0.98940049,-0.35625898,-0.98940049,-0.99983615,-0.25687528,-0.99785668,21,"sitting"
-0.063489601,-0.013749352,0.11009916,-0.038356251,-0.99920541,0.20126087,-0.25561273,-0.25493914,-0.26029041,0.95258969,-0.071006833,0.82020705,-0.45393103,0.46341894,0.8590353,-0.98852057,-0.74649625,0.93307548,-0.47267472,-0.86572841,-0.091244404,-0.98864146,-0.30906858,0.045724508,-0.98786354,-0.52614201,-0.98786354,-0.99980331,-0.060784378,-0.99715811,21,"sitting"
-0.061484175,-0.010474326,0.10897238,-0.03671004,-0.99933004,0.20286517,-0.25914284,-0.25728162,-0.26078474,0.9522244,-0.1845481,0.81981389,-0.31275347,0.31628087,0.8590353,-0.98655403,-0.74439344,0.93292331,-0.3195444,-0.86329021,-0.020447881,-0.98499146,-0.30757242,0.0060896003,-0.98566896,-0.59628554,-0.98566896,-0.99975195,-0.059345153,-0.99705624,21,"sitting"
-0.061371958,-0.0096297823,0.10816577,-0.035528317,-0.999413,0.20441598,-0.25914284,-0.25948212,-0.26271839,0.9522244,-0.050947416,0.81849474,-0.37688148,0.38216103,0.8591085,-0.98762829,-0.74232074,0.93241304,-0.38738187,-0.86100087,-0.19496557,-0.98316271,-0.30588284,0.18093594,-0.98639345,-0.54976718,-0.98639345,-0.99976903,-0.2221553,-0.99626434,21,"sitting"
-0.061371958,-0.010465165,0.10836057,-0.035811728,-0.99939304,0.20167826,-0.25893287,-0.25563526,-0.25722826,0.95222534,0.024499475,0.82146408,-0.46579983,0.48112321,0.86018144,-0.9874446,-0.74610808,0.93356105,-0.49656242,-0.86498072,-0.23199353,-0.98172775,-0.31318474,0.22081126,-0.98630814,-0.41512591,-0.98630814,-0.99976755,-0.26257406,-0.99699753,21,"sitting"
-0.062061053,-0.011041257,0.10933985,-0.037250745,-0.99929048,0.19895926,-0.25285868,-0.25186151,-0.25722826,0.95471192,-0.24372995,0.82498078,-0.40736967,0.43393554,0.86057395,-0.99046499,-0.74978242,0.93492036,-0.4605385,-0.86888069,-0.33865415,-0.98784323,-0.31674677,0.30495471,-0.98964752,-0.30033633,-0.98964752,-0.99984135,-0.31510805,-0.99677882,21,"sitting"
-0.061898761,-0.011041257,0.10914245,-0.036964168,-0.99931081,0.19957528,-0.25131927,-0.25276493,-0.25741134,0.95498696,-0.19502427,0.82486532,-0.32801371,0.34243408,0.86057395,-0.99444575,-0.74894824,0.93487576,-0.35660058,-0.86795976,-0.43285411,-0.99214036,-0.31519675,0.40360271,-0.99359517,0.18349504,-0.99359517,-0.99991438,-0.41181566,-0.99667267,21,"sitting"
-0.061687784,-0.0096558853,0.10827946,-0.035693988,-0.9994022,0.19923,-0.25131927,-0.2522493,-0.25420275,0.95498696,-0.19377501,0.82489586,-0.31089777,0.3173084,0.86164296,-0.99392125,-0.74952072,0.93488746,-0.32372818,-0.86848051,-0.059056691,-0.99265094,-0.32000135,0.021908804,-0.99231945,-0.20134809,-0.99231945,-0.99989245,-0.047828305,-0.99760464,21,"sitting"
-0.060250818,-0.0082586102,0.10774139,-0.034901126,-0.99945451,0.19654387,-0.25053775,-0.24847066,-0.25259899,0.95503234,-0.22514058,0.82780148,-0.25599672,0.26601358,0.86223612,-0.9933165,-0.75331077,0.93600903,-0.27608295,-0.87230144,-0.035268671,-0.99150502,-0.33009457,0.035496913,-0.99150272,-0.50918299,-0.99150272,-0.99987747,-0.10302188,-0.99882102,21,"sitting"
-0.05927251,-0.0078120671,0.10707184,-0.033916408,-0.99951662,0.19625331,-0.24858223,-0.24804432,-0.25259899,0.95568522,-0.12773415,0.8279144,-0.2595449,0.27331201,0.86223612,-0.99460739,-0.7537801,0.93605269,-0.28709681,-0.87273524,-0.37173359,-0.99314665,-0.33382393,0.36378772,-0.99384374,-0.25893032,-0.99384374,-0.99991841,-0.39908148,-0.99832313,21,"sitting"
-0.057249634,-0.0063863011,0.10599897,-0.032339869,-0.99960594,0.19790278,-0.24865866,-0.25032521,-0.25454522,0.95568522,-0.050366567,0.82568968,-0.49153158,0.50830969,0.86148312,-0.99458637,-0.75158129,0.93519413,-0.52509558,-0.87044232,-0.43818957,-0.99261049,-0.33366146,0.4055042,-0.99397898,-0.43771952,-0.99397898,-0.99992051,-0.40970122,-0.99672608,21,"sitting"
-0.057249634,-0.0053346703,0.1054177,-0.031485833,-0.9996535,0.19801616,-0.24865866,-0.25047503,-0.25694024,0.9557078,0.015500694,0.82547494,-0.46421253,0.5008049,0.86056693,-0.99288099,-0.75147113,0.93511124,-0.53687045,-0.87029219,-0.29483447,-0.99033407,-0.33573976,0.23923862,-0.99256326,-0.3343878,-0.99256326,-0.99989647,-0.22895127,-0.99706742,21,"sitting"
0.057983866,-0.10471925,0.14085746,-0.083397897,-0.98630475,0.04697273,-0.099736418,-0.036157108,-0.015900654,0.97233438,-0.73073328,0.92578884,-0.88598951,0.89676811,0.90263921,-0.87480276,-0.92663711,0.97331838,-0.90738126,-0.99485864,-0.97015341,-0.85994089,-0.6568884,0.97545705,-0.82984841,-0.94836662,-0.82984841,-0.98392469,-0.98319075,-0.94240645,21,"sitting"
-0.087650811,-0.1039399,0.14046062,-0.082870471,-0.99082889,0.045311439,-0.055056213,-0.033809389,-0.015900654,0.99329183,-0.46894712,0.92942161,-0.40191602,0.40911037,0.90238991,-0.87054447,-0.92834129,0.9746939,-0.41636459,-0.99614513,-0.94236727,-0.91003301,-0.69902959,0.93945554,-0.87735725,-0.93356362,-0.87735725,-0.99130551,-0.94037066,-0.9244176,21,"sitting"
-0.087650811,-0.043134956,0.12795794,-0.06456419,-0.9958256,0.058791296,-0.055056213,-0.053153996,-0.044812499,0.99329183,-0.24042859,0.93126126,-0.49630519,0.508836,0.90204077,-0.9937018,-0.92967629,0.9753845,-0.52137379,-0.9931234,-0.87303811,-0.99316981,-0.69572427,0.87299688,-0.99287105,-0.9133958,-0.99287105,-0.99990208,-0.88175349,-0.95398941,21,"sitting"
-0.084939072,-0.038399117,0.12672538,-0.062786145,-0.9961313,0.058140875,-0.054444448,-0.052260544,-0.056392476,0.99545843,-0.13114801,0.93434804,-0.30090547,0.32566295,0.90204077,-0.99129269,-0.93149908,0.9765435,-0.35069714,-0.99336432,-0.27359408,-0.98970739,-0.70071144,0.2069471,-0.99077992,-0.49034779,-0.99077992,-0.99986389,-0.18632649,-0.97920687,21,"sitting"
-0.084066996,-0.035504434,0.12452927,-0.059546772,-0.99668098,0.055129298,-0.049301205,-0.047920541,-0.0529764,0.99604028,0.20250328,0.9342711,-0.38114497,0.46608712,0.90192185,-0.98911581,-0.93677037,0.97651467,-0.55220345,-0.99431682,-0.3618379,-0.98601242,-0.72116057,0.32574509,-0.98803911,-0.26810578,-0.98803911,-0.9998072,-0.33178348,-0.99011103,21,"sitting"
-0.078375989,-0.03136698,0.12304026,-0.057346298,-0.99701926,0.053221901,-0.044998408,-0.045165338,-0.052956512,0.99551552,0.2699845,0.93360796,-0.37204651,0.46455111,0.90173895,-0.9883443,-0.94019647,0.97626585,-0.55840686,-0.99489859,-0.54619062,-0.98772284,-0.73497676,0.53466263,-0.98866394,-0.35341621,-0.98866394,-0.99982076,-0.55412828,-0.9928558,21,"sitting"
-0.075696505,-0.030466334,0.12021809,-0.053195418,-0.99760407,0.054514414,-0.052779018,-0.047003304,-0.052956512,0.99551552,0.080515318,0.93272367,-0.1371197,0.18325754,0.9014248,-0.97983675,-0.94115645,0.97593407,-0.22963611,-0.99450742,-0.60062828,-0.98041543,-0.74197578,0.56776287,-0.97982461,-0.61099314,-0.97982461,-0.99959276,-0.56048869,-0.99476708,21,"sitting"
-0.075696505,-0.026476536,0.11936532,-0.051950054,-0.9977828,0.060349884,-0.061081964,-0.055375071,-0.054816105,0.99490163,0.16175055,0.93183587,0.057381789,-0.028275403,0.90105446,-0.97156772,-0.93488682,0.97560082,-0.00086071016,-0.99255177,-0.39135818,-0.97767207,-0.72362857,0.3361193,-0.97363376,-0.63404706,-0.97363376,-0.99938693,-0.31925887,-0.99627431,21,"sitting"
-0.076227838,-0.026476536,0.11955416,-0.052236378,-0.99774639,0.064159882,-0.061081964,-0.060851282,-0.064302952,0.99490163,-0.003896386,0.9316145,-0.087674999,0.13277261,0.90140298,-0.9921161,-0.93008696,0.97551771,-0.17883335,-0.99125179,-0.048155726,-0.99134337,-0.70837803,-0.041948227,-0.99177989,-0.39707129,-0.99177989,-0.99988272,0.071975921,-0.99579043,21,"sitting"
-0.076227838,-0.02550707,0.11859852,-0.050837199,-0.99792998,0.062053597,-0.060533826,-0.057839733,-0.061071717,0.99498696,-0.12006413,0.9328787,-0.21179529,0.26572284,0.90147907,-0.99170888,-0.93333217,0.9759922,-0.32066311,-0.99202068,-0.1272834,-0.99126334,-0.71931232,0.049315137,-0.99175238,-0.66803175,-0.99175238,-0.99988211,-0.026710713,-0.99504666,21,"sitting"
-0.070646073,-0.023345839,0.11734044,-0.048979453,-0.99815066,0.059203867,-0.054601556,-0.053733918,-0.059856007,0.9953059,0.060889498,0.93260151,-0.26649776,0.30863909,0.90147907,-0.99221131,-0.93769839,0.97588818,-0.35097712,-0.99302392,-0.29264202,-0.99000671,-0.73552828,0.2302143,-0.99231367,-0.57551251,-0.99231367,-0.99989216,-0.21306487,-0.99638053,21,"sitting"
-0.067926866,-0.022746726,0.11459564,-0.044943858,-0.99859403,0.059792048,-0.057951701,-0.054559522,-0.059856007,0.9953059,0.081279162,0.9317429,-0.14571424,0.21179621,0.90066387,-0.99269997,-0.93871758,0.97556597,-0.27707882,-0.99281812,-0.28954299,-0.99133191,-0.74490093,0.22895671,-0.99110825,-0.33141749,-0.99110825,-0.99986982,-0.2140387,-0.99474653,21,"sitting"
-0.067926022,-0.016819405,0.1128302,-0.042360942,-0.99886277,0.062994931,-0.058581648,-0.059166464,-0.061797521,0.99539616,0.1703679,0.93212643,0.046475325,0.011944724,0.90127466,-0.99044408,-0.93558057,0.97570992,-0.071047676,-0.99168719,-0.2866596,-0.98730113,-0.73932826,0.24695388,-0.98828631,-0.41579234,-0.98828631,-0.99981258,-0.25439334,-0.99453021,21,"sitting"
-0.067926022,-0.016172363,0.11315842,-0.042848379,-0.99881645,0.064319314,-0.058581648,-0.061079032,-0.069193881,0.99485206,0.12900424,0.93253469,-0.063357538,0.099227913,0.90134274,-0.99114286,-0.93368541,0.97586311,-0.1357073,-0.99120232,-0.18489942,-0.98740973,-0.73259946,0.15513254,-0.98870884,-0.27429745,-0.98870884,-0.99982174,-0.18008711,-0.99656821,21,"sitting"
-0.069545048,-0.017433489,0.11389259,-0.043912995,-0.99871315,0.064206533,-0.058479271,-0.060883681,-0.068266459,0.99396234,0.32389538,0.93051267,-0.19617273,0.22026353,0.90134274,-0.99392906,-0.93344824,0.97510384,-0.24464553,-0.99125362,-0.13189559,-0.9913391,-0.73169041,0.077988559,-0.99211134,-0.29400533,-0.99211134,-0.99988866,-0.079776431,-0.99599006,21,"sitting"
-0.06862406,-0.017433489,0.11387048,-0.043872185,-0.99871656,0.063988532,-0.060088681,-0.060550049,-0.067977084,0.99396234,0.22142622,0.92933766,-0.0178253,0.039049204,0.90044489,-0.99315577,-0.93374265,0.97466275,-0.060504516,-0.99134023,-0.28259464,-0.99054713,-0.73354091,0.2413935,-0.99224641,-0.56839224,-0.99224641,-0.99989097,-0.24727922,-0.99686533,21,"sitting"
-0.065662767,-0.017251453,0.11271125,-0.042181086,-0.998876,0.065166899,-0.062062938,-0.062262794,-0.067977084,0.99433413,-0.061061641,0.93056586,-0.0073618716,0.045664414,0.90044548,-0.99581243,-0.93280173,0.97512404,-0.084170762,-0.99087929,-0.17873586,-0.99378107,-0.73266967,0.15502498,-0.99452879,-0.32344962,-0.99452879,-0.99992938,-0.18728249,-0.99693822,21,"sitting"
-0.064730234,-0.014828894,0.11106216,-0.039765921,-0.99909042,0.065787552,-0.062062938,-0.063166363,-0.069930821,0.99491866,0.073958609,0.93138655,-0.19181745,0.21295949,0.90084164,-0.98969487,-0.93275442,0.97543218,-0.23348802,-0.99064051,0.016523641,-0.9858464,-0.73622141,-0.10385781,-0.9884883,-0.36997483,-0.9884883,-0.99981678,0.12615194,-0.99794726,21,"sitting"
-0.064730234,-0.012909108,0.11074597,-0.039305782,-0.99913087,0.066548385,-0.064450934,-0.064268949,-0.069930821,0.99503828,0.031697317,0.93187143,-0.31248859,0.33504242,0.90084164,-0.98829555,-0.93188048,0.97561421,-0.35731358,-0.99033111,-0.21487708,-0.98469773,-0.73417474,0.15422474,-0.98679004,-0.37962255,-0.98679004,-0.99977874,-0.14380083,-0.99728035,21,"sitting"
-0.062264835,-0.012909108,0.11055111,-0.039018467,-0.9991519,0.06729226,-0.064450934,-0.065330176,-0.071850113,0.99441004,-0.13541336,0.93139683,0.15983428,-0.10601917,0.90071115,-0.99596979,-0.93097087,0.97543602,0.051000742,-0.99004131,-0.20363707,-0.99453075,-0.73246195,0.15599964,-0.9944827,-0.30545878,-0.9944827,-0.99992807,-0.1609115,-0.99759426,21,"sitting"
-0.060574735,-0.012476913,0.10871392,-0.036311157,-0.99935239,0.066620766,-0.063776501,-0.064328704,-0.071850113,0.99395802,-0.17131503,0.9296377,0.0700865,-0.048823681,0.90071115,-0.99473399,-0.93259663,0.9747754,0.027281704,-0.990323,-0.26457409,-0.99235335,-0.74376031,0.2014342,-0.9924798,-0.39320867,-0.9924798,-0.99989495,-0.18528557,-0.99734357,21,"sitting"
-0.060574735,-0.011128301,0.10854696,-0.036063388,-0.99937183,0.066373621,-0.062572789,-0.063964093,-0.071514282,0.99395802,0.10923997,0.92914084,-0.20271974,0.23743636,0.9001007,-0.9838993,-0.93299154,0.97458885,-0.2723082,-0.990424,-0.34329858,-0.98000125,-0.74576614,0.29045975,-0.98391355,-0.50640118,-0.98391355,-0.99970782,-0.27963783,-0.99535845,21,"sitting"
-0.061977123,-0.011128301,0.10930343,-0.037178623,-0.99929565,0.066903197,-0.063701781,-0.06474241,-0.071514282,0.9944121,0.054821427,0.9299947,0.039543729,0.080727748,0.900121,-0.98730644,-0.93199321,0.97490958,-0.20322041,-0.99020622,-0.29923887,-0.9827545,-0.74004113,0.25305794,-0.98596785,-0.53622394,-0.98596785,-0.99975937,-0.25266998,-0.99714825,21,"sitting"
-0.06052761,-0.010838074,0.10839193,-0.035840679,-0.99938995,0.066448322,-0.063701781,-0.064089517,-0.069488256,0.99437686,-0.35982515,0.93015404,-0.02910449,0.049987925,0.90056624,-0.99288012,-0.93294759,0.97496939,-0.070166506,-0.99038246,-0.20271885,-0.99039015,-0.74530404,0.23639719,-0.9908076,-0.27123526,-0.9908076,-0.99986442,-0.32827673,-0.99554201,21,"sitting"
0.6780847,0.6420891,-0.42471507,0.64839622,-0.14145213,-0.50493046,0.32992615,0.66369649,0.75534648,-0.054591834,0.66786207,-0.7937704,-0.91562047,0.91453349,0.18795674,-0.2996569,0.24882838,-0.012939799,-0.91306227,-0.10897775,-0.61709696,-0.33664899,0.68880874,0.58546189,-0.26181306,-0.94267623,-0.26181306,-0.7227585,-0.57846172,-0.88411444,21,"laying"
0.59386303,0.6420891,-0.39267068,0.63293205,-0.1823648,-0.56528271,0.72955271,0.74470509,0.75534648,-0.054591834,0.72471779,-0.86279431,-0.94005534,0.95114281,-0.14558718,-0.9275315,0.31483816,-0.08823401,-0.96203544,0.080808468,-0.82328274,-0.93122737,0.71848845,0.81915226,-0.92382594,-0.91303157,-0.92382594,-0.9963507,-0.82688974,-0.95473882,21,"laying"
0.59386303,0.64814346,-0.39735237,0.63381052,-0.18018493,-0.56124053,0.72955271,0.73590129,0.72920741,-0.059551412,0.37530726,-0.86647025,-0.93347312,0.93581535,-0.15084872,-0.96324575,0.31687118,-0.093505585,-0.9377968,0.054797399,-0.47012259,-0.96998012,0.68721275,0.42962032,-0.9653345,-0.91727022,-0.9653345,-0.99905166,-0.42295706,-0.97501166,21,"laying"
0.58836316,0.64340424,-0.39252266,0.62955978,-0.19085029,-0.56976178,0.73709521,0.745437,0.73924758,-0.073599139,0.72368546,-0.87520614,-0.92297899,0.92567261,-0.16628569,-0.97828377,0.32665833,-0.10612712,-0.92802041,0.082499407,-0.56311207,-0.98162547,0.67687898,0.52738357,-0.9792493,-0.79084737,-0.9792493,-0.99957524,-0.51962505,-0.99126175,21,"laying"
0.58623992,0.64336971,-0.38998708,0.6273752,-0.19630385,-0.57405574,0.74650283,0.75031609,0.7392679,-0.073763667,0.70802845,-0.87932556,-0.62238362,0.61966288,-0.17291425,-0.97591192,0.33142565,-0.11224362,-0.61657074,0.096790259,-0.27049228,-0.98052806,0.67222214,0.20213298,-0.97754249,-0.29726763,-0.97754249,-0.9995213,-0.17987862,-0.97129556,21,"laying"
0.58372059,0.64170435,-0.38921866,0.62628726,-0.19901152,-0.57563362,0.75021067,0.75156874,0.74140261,-0.07929041,0.76204994,-0.88143922,-0.59156855,0.58922317,-0.18008778,-0.9780504,0.33367428,-0.1154295,-0.58640918,0.10047973,-0.13566589,-0.98117522,0.66648865,0.055152289,-0.97949246,-0.15798496,-0.97949246,-0.99958265,-0.028923364,-0.98841772,21,"laying"
0.58423382,0.64170435,-0.38893873,0.62599754,-0.19973066,-0.5762917,0.74961085,0.7522279,0.74142394,-0.07929041,0.79535415,-0.88237672,-0.6752739,0.6724947,-0.17896414,-0.97496707,0.33473609,-0.1168603,-0.66933935,0.10242938,0.090677549,-0.97803114,0.66471184,-0.19683344,-0.97693885,-0.25802507,-0.97693885,-0.99950149,0.23438137,-0.98359921,21,"laying"
0.58433182,0.64174023,-0.38974125,0.62672687,-0.19791709,-0.57467203,0.74902069,0.75047836,0.74142394,-0.079289721,0.77475483,-0.88039247,-0.63646908,0.63305938,-0.1779418,-0.97923617,0.3324596,-0.1138581,-0.62930278,0.097271037,-0.289756,-0.98083747,0.66779058,0.22195195,-0.98112891,-0.16701277,-0.98112891,-0.99963124,-0.19907202,-0.99465392,21,"laying"
0.58433182,0.64065678,-0.38837628,0.62534802,-0.20133936,-0.57650449,0.74902069,0.75240316,0.7425976,-0.077894044,0.7990481,-0.88145469,-0.66847569,0.66642177,-0.1779418,-0.98189689,0.33369994,-0.1154674,-0.66396028,0.10296332,-0.30494408,-0.98615233,0.66609475,0.23828518,-0.98405401,-0.21273298,-0.98405401,-0.99971145,-0.21545199,-0.98678796,21,"laying"
0.583095,0.64065678,-0.38772115,0.62496638,-0.20228991,-0.57723429,0.75127155,0.7535084,0.7425976,-0.077894044,0.76879526,-0.88148174,-0.74716598,0.74636392,-0.17861245,-0.97307395,0.33387026,-0.11550587,-0.74514367,0.10621573,-0.15433439,-0.97775036,0.66793768,0.074380162,-0.97523937,-0.29902911,-0.97523937,-0.99944393,-0.047557845,-0.9875223,21,"laying"
0.583095,0.63837265,-0.38757573,0.62485213,-0.2025697,-0.5775731,0.75127155,0.75389002,0.74730401,-0.08712893,0.57326244,-0.88192669,-0.69726984,0.69408725,-0.17861245,-0.97029561,0.33441307,-0.11621715,-0.69059478,0.10736251,-0.22858633,-0.97645045,0.66727938,0.15537552,-0.97270747,-0.40992549,-0.97270747,-0.9993528,-0.13102448,-0.98686869,21,"laying"
0.58225425,0.63824012,-0.38556785,0.62271555,-0.20786346,-0.5816637,0.75266381,0.75793419,0.74740837,-0.088016233,0.80383194,-0.88711229,-0.77489617,0.7724813,-0.1810187,-0.96829433,0.34029628,-0.1241663,-0.76972115,0.11935317,-0.24813023,-0.97537318,0.65699783,0.17573751,-0.97050268,-0.45186906,-0.97050268,-0.99926849,-0.15093855,-0.9852057,21,"laying"
0.58213776,0.63824012,-0.38645316,0.62366005,-0.20552477,-0.57990871,0.75365708,0.75620254,0.74740837,-0.088016233,0.91208944,-0.8849424,-0.67520535,0.6725362,-0.18203817,-0.96957658,0.3378279,-0.12082957,-0.66947019,0.11420891,-0.15852293,-0.97802609,0.66135195,0.075410364,-0.97322575,-0.4366564,-0.97322575,-0.99937211,-0.045186442,-0.98773937,21,"laying"
0.58213776,0.63651962,-0.38489069,0.62241705,-0.20859089,-0.58177287,0.75365708,0.7585747,0.75044571,-0.087154455,0.86860283,-0.88544709,-0.85094234,0.85103391,-0.18203817,-0.97123858,0.33860085,-0.12160744,-0.85071902,0.12129198,-0.19123029,-0.97657275,0.66281922,0.11275303,-0.97435006,-0.62342341,-0.97435006,-0.99941276,-0.08508044,-0.98481482,21,"laying"
0.58183232,0.63651962,-0.38411658,0.62164597,-0.21050022,-0.58282583,0.75469185,0.75969267,0.75044571,-0.087154455,0.60766984,-0.88608833,-0.73918462,0.73707386,-0.18067575,-0.96602494,0.33936117,-0.1225919,-0.73460345,0.12460773,0.10125537,-0.97684876,0.66181952,-0.21022507,-0.96958262,-0.60242197,-0.96958262,-0.99923185,0.24983331,-0.99065006,21,"laying"
0.58191019,0.63783316,-0.38668787,0.62415828,-0.20429316,-0.57842764,0.75462469,0.75505496,0.74692739,-0.082363799,0.59307146,-0.88171011,-0.70430917,0.70200065,-0.18058712,-0.9789599,0.33426072,-0.11584644,-0.69942232,0.11078898,-0.29111086,-0.98434381,0.66922081,0.22524561,-0.98135518,-0.5643941,-0.98135518,-0.99963777,-0.20448457,-0.99183644,21,"laying"
0.58191019,0.63756892,-0.38537092,0.62263063,-0.20806916,-0.58102926,0.75462469,0.75748367,0.74681501,-0.084934307,0.8057953,-0.88492347,-0.7602681,0.75867131,-0.18058712,-0.97813764,0.33786886,-0.12078854,-0.7567016,0.11801115,-0.38642505,-0.98556417,0.66205863,0.32856419,-0.98132354,-0.45476235,-0.98132354,-0.99963687,-0.30946544,-0.98456923,21,"laying"
0.57930147,0.63756892,-0.38437111,0.62152098,-0.21081744,-0.58253357,0.75825954,0.75893094,0.74681501,-0.084934307,0.85792766,-0.88617889,-0.62924704,0.62705421,-0.1864436,-0.97242121,0.33926763,-0.12268964,-0.62439864,0.12230294,-0.17572403,-0.98338864,0.65925677,0.09670353,-0.9765474,-0.39575351,-0.9765474,-0.99948857,-0.069415451,-0.98308435,21,"laying"
0.57930147,0.63627802,-0.3837383,0.62092464,-0.21228531,-0.58317423,0.75825954,0.75967341,0.74815388,-0.084194071,0.82250761,-0.88612607,-0.66030777,0.65858044,-0.1864436,-0.97487929,0.33925052,-0.12260588,-0.65640473,0.12452229,-0.24951838,-0.97845271,0.6597823,0.17812022,-0.97806074,-0.50632243,-0.97806074,-0.999538,-0.15384236,-0.98776061,21,"laying"
0.58968002,0.52990964,-0.37431001,0.59913622,-0.26340949,-0.59067591,0.49921692,0.75323577,0.81987028,-0.22616331,-0.67554625,-0.85129837,-0.97031116,0.97165546,0.32830977,-0.29882766,0.3331891,-0.12078471,-0.97262069,0.12593998,-0.77922475,-0.3168867,0.58691351,0.75890164,-0.21328189,-0.78825959,-0.21328189,-0.68562807,-0.7526116,-0.87354961,21,"laying"
0.58549688,0.5828363,-0.34589221,0.58254053,-0.30328336,-0.64332098,0.81272375,0.82105612,0.81987028,-0.22616331,-0.87626481,-0.93869337,-0.93713116,0.94571803,-0.25380026,-0.87594315,0.41062461,-0.2185337,-0.95404959,0.31520854,-0.87468778,-0.89000159,0.53510134,0.86467495,-0.87481526,-0.90551881,-0.87481526,-0.99096462,-0.86274816,-0.92241453,21,"laying"
0.5376917,0.5828363,-0.34237705,0.57289404,-0.32618224,-0.64215938,0.81272375,0.8125092,0.80556959,-0.16179941,-0.70522316,-0.92899434,-0.87280166,0.87723735,-0.25380026,-0.9567967,0.39312596,-0.19678079,-0.88133754,0.28762692,-0.66134126,-0.94481339,0.52789675,0.63467115,-0.94955414,-0.44370749,-0.94955414,-0.99822602,-0.62962292,-0.9776122,21,"laying"
0.5376917,0.58952375,-0.34466077,0.57650388,-0.31798171,-0.64184724,0.81290033,0.81352703,0.80203699,-0.16913819,-0.0014669274,-0.93383553,-0.63316392,0.63282337,-0.26474846,-0.96820858,0.4003656,-0.20632257,-0.63219473,0.29087435,-0.5292172,-0.96343824,0.52207114,0.4933907,-0.96580919,-0.49815759,-0.96580919,-0.9990727,-0.48795098,-0.97935213,21,"laying"
0.53616431,0.58922894,-0.34199486,0.57293618,-0.32615083,-0.64570459,0.81508463,0.8162484,0.8026125,-0.17232281,0.43002044,-0.93677424,-0.73604388,0.7363312,-0.27484212,-0.97024394,0.40459482,-0.21236465,-0.73622189,0.29958317,-0.58897538,-0.97317827,0.50803579,0.58195935,-0.97052569,-0.6033919,-0.97052569,-0.99926937,-0.60322315,-0.9878438,21,"laying"
0.53068421,0.58922894,-0.34135045,0.57229249,-0.32762626,-0.64717502,0.81850777,0.81766735,0.80473121,-0.17548601,0.53964938,-0.93878775,-0.61572236,0.61519673,-0.28230997,-0.98546767,0.40765736,-0.21654532,-0.61410332,0.30413392,0.022638794,-0.98547826,0.50204013,-0.11505082,-0.98657078,-0.42333551,-0.98657078,-0.99977375,0.14311257,-0.99355957,21,"laying"
0.53068421,0.59085515,-0.34141129,0.5728991,-0.32624531,-0.6471677,0.81850777,0.81839749,0.80476546,-0.17551359,0.42303553,-0.93880731,-0.47728002,0.47363267,-0.2801814,-0.9833024,0.40786461,-0.21659775,-0.46949977,0.30648122,0.018018672,-0.98608006,0.50553762,-0.09934702,-0.98540467,-0.41399497,-0.98540467,-0.99974565,0.11636873,-0.98939996,21,"laying"
0.5305561,0.59040886,-0.34116967,0.57269573,-0.32670885,-0.64731726,0.819397,0.81863573,0.80476546,-0.17652155,0.47226207,-0.93854735,-0.44369452,0.43881816,-0.28007794,-0.98454105,0.40749864,-0.21605701,-0.43355926,0.30724602,-0.13007281,-0.98913241,0.50666175,0.063181932,-0.98668272,-0.46556473,-0.98668272,-0.99977639,-0.051777612,-0.99357712,21,"laying"
0.5311521,0.59040886,-0.34131914,0.57280617,-0.32645671,-0.64737571,0.819397,0.81859739,0.80459292,-0.17712812,0.5966318,-0.93908265,-0.65319654,0.65138277,-0.28007794,-0.97937693,0.40829801,-0.21719052,-0.64911537,0.30712258,-0.28097344,-0.98365737,0.50467952,0.22244896,-0.98214924,-0.23576357,-0.98214924,-0.99966018,-0.2097532,-0.99051882,21,"laying"
0.53115569,0.59032306,-0.34153867,0.57300006,-0.32601445,-0.64731571,0.81941593,0.81845904,0.80459292,-0.17712812,0.52158784,-0.93950776,-0.66089309,0.66100291,-0.28236417,-0.97861022,0.4089212,-0.21807965,-0.66054607,0.30667732,-0.18408193,-0.97940789,0.50312664,0.10944381,-0.98038104,-0.36019637,-0.98038104,-0.99960939,-0.086516231,-0.99066482,21,"laying"
0.53115569,0.59013784,-0.34136499,0.57248663,-0.32718464,-0.64703499,0.81900206,0.81779026,0.8034436,-0.1750218,0.49298697,-0.93843312,-0.47943432,0.4764368,-0.27943868,-0.98293856,0.40718342,-0.21581303,-0.47288528,0.30452738,-0.086587682,-0.98583207,0.50430391,0.0063019761,-0.98438941,-0.27769219,-0.98438941,-0.9997201,0.016148854,-0.99048279,21,"laying"
0.52956506,0.58945459,-0.34049945,0.57168986,-0.32899964,-0.64788439,0.81900206,0.81881974,0.80640307,-0.17561052,0.65322776,-0.93830588,-0.47297068,0.46882563,-0.27943868,-0.98506495,0.40706214,-0.21555062,-0.46422805,0.30784185,-0.3533296,-0.98774052,0.50539562,0.31074967,-0.98640404,-0.31544165,-0.98640404,-0.99976979,-0.30938154,-0.98903935,21,"laying"
0.53187354,0.58945459,-0.34064928,0.57226242,-0.32769386,-0.64780265,0.81769864,0.81929674,0.80640307,-0.17561052,0.50002035,-0.93839715,-0.64753381,0.64497583,-0.27758748,-0.98387623,0.40732983,-0.21574639,-0.64205977,0.30937803,-0.13644612,-0.98288911,0.5078486,0.060978152,-0.9835985,-0.29088311,-0.9835985,-0.9996995,-0.040553038,-0.99263616,21,"laying"
0.53193908,0.58975669,-0.34207386,0.57371873,-0.32437339,-0.64561279,0.81734515,0.81711561,0.80617549,-0.17533212,0.36132541,-0.9366022,-0.60283182,0.59968556,-0.27683438,-0.99186281,0.40455237,-0.21199966,-0.5962545,0.30236764,0.13066048,-0.98976609,0.51317997,-0.2315017,-0.99072537,-0.19273803,-0.99072537,-0.9998628,0.26026369,-0.99866381,21,"laying"
0.53193908,0.58965924,-0.34177285,0.57339396,-0.32511432,-0.64637998,0.81734515,0.81781625,0.80670707,-0.17907525,-0.024977445,-0.93772958,-0.63179809,0.63007695,-0.27683438,-0.99406081,0.40627951,-0.21437478,-0.62814501,0.30462055,0.16514698,-0.99249796,0.50960298,-0.25404544,-0.99365828,-0.16595462,-0.99365828,-0.99991532,0.26746278,-0.99577981,21,"laying"
0.5309666,0.58935509,-0.34037356,0.57189281,-0.32853672,-0.64912401,0.81956476,0.82037009,0.80688758,-0.1804418,0.58162256,-0.94099593,-0.79043501,0.78976697,-0.28318451,-0.97961334,0.41130312,-0.22126388,-0.78877073,0.31283235,0.11034832,-0.98609265,0.49910317,-0.20929083,-0.98191153,-0.32222206,-0.98191153,-0.99965356,0.23739001,-0.99036628,21,"laying"
0.5302909,0.58935509,-0.3405519,0.57198602,-0.32832477,-0.64843921,0.81918556,0.8196212,0.80688758,-0.1804418,0.60364798,-0.93975672,-0.70008512,0.69884146,-0.28108527,-0.97890702,0.40937211,-0.21864206,-0.69717394,0.31042198,0.016298233,-0.98287933,0.50239681,-0.10695222,-0.98139333,-0.4448828,-0.98139333,-0.99963887,0.13352815,-0.9883966,21,"laying"
0.53122366,0.59035674,-0.34100998,0.57269534,-0.32670947,-0.64747405,0.81918556,0.81902777,0.80537761,-0.17390828,0.5624314,-0.93850113,-0.68840011,0.68893728,-0.28108527,-0.98323749,0.40747645,-0.21594462,-0.68896118,0.30850826,-0.17357941,-0.98377017,0.50792436,0.10223178,-0.98343397,-0.11400557,-0.98343397,-0.99969512,-0.083106395,-0.99261324,21,"laying"
0.53128408,0.59035674,-0.34121593,0.57303518,-0.32593418,-0.64735383,0.8201314,0.81905987,0.80537761,-0.17390828,0.42272127,-0.93870609,-0.66955483,0.67004758,-0.28300081,-0.99423452,0.40781574,-0.2163708,-0.67010717,0.30861003,-0.27074441,-0.99283835,0.50811347,0.20852952,-0.99328778,-0.13733101,-0.99328778,-0.99990921,-0.19281613,-0.99706381,21,"laying"
0.53128408,0.5893458,-0.34071349,0.57222385,-0.32778156,-0.64838177,0.8201314,0.81963876,0.80683725,-0.1822022,0.14626885,-0.94001907,-0.59768025,0.59774607,-0.28300081,-0.99510187,0.40978202,-0.21918806,-0.59767125,0.31047534,-0.099988921,-0.99395571,0.50203965,0.0278818,-0.99436705,-0.28539244,-0.99436705,-0.99992646,-0.013628819,-0.99613235,21,"laying"
0.53029783,0.5893458,-0.34003874,0.57136295,-0.32974303,-0.65004203,0.81997865,0.82096868,0.80708717,-0.18319322,0.50487792,-0.94245697,-0.73540194,0.7338212,-0.28571288,-0.97577128,0.41354005,-0.22441875,-0.73192524,0.31476002,-0.15300318,-0.98373409,0.49319711,0.090664559,-0.97900538,-0.50293316,-0.97900538,-0.99956733,-0.083262229,-0.99181752,21,"laying"
0.53149478,0.58935795,-0.34133825,0.5726661,-0.32677385,-0.64765454,0.81777527,0.81861421,0.80708717,-0.18319322,0.78468874,-0.9398236,-0.71314079,0.71108624,-0.27940003,-0.97994068,0.40943525,-0.2188336,-0.70864353,0.30718898,-0.34515206,-0.98422444,0.50118456,0.28473577,-0.98242551,0.021346237,-0.98242551,-0.99966787,-0.26576616,-0.99236778,21,"laying"
0.53149478,0.58967449,-0.34145314,0.57269001,-0.32671968,-0.64726985,0.81777527,0.81813069,0.80567855,-0.17928401,0.66028078,-0.93920094,-0.65552122,0.65362971,-0.27940003,-0.98431781,0.40841459,-0.21747057,-0.65129468,0.30562916,-0.045652018,-0.98817958,0.50257851,-0.044326165,-0.98617157,-0.033111656,-0.98617157,-0.99976415,0.074258884,-0.99142454,21,"laying"
0.53057582,0.58967449,-0.34098209,0.5721994,-0.32783896,-0.64811214,0.81912131,0.81893949,0.80567855,-0.17928401,0.52198975,-0.94010246,-0.39146896,0.38669823,-0.2828735,-0.98060584,0.40979754,-0.21935617,-0.38145206,0.30822541,0.019260507,-0.98791287,0.49978148,-0.11230727,-0.98357066,-0.28226948,-0.98357066,-0.99969876,0.14103602,-0.99062156,21,"laying"
0.53057582,0.58985359,-0.34111212,0.57230906,-0.3275894,-0.64790767,0.81912131,0.81870493,0.80488809,-0.17831522,0.52120689,-0.93993535,-0.54971673,0.54666043,-0.2828735,-0.98292515,0.40952211,-0.21899374,-0.5431386,0.30746934,0.49376038,-0.98853356,0.50014944,-0.6339826,-0.98549338,-0.3307458,-0.98549338,-0.9997478,0.68028703,-0.98994256,21,"laying"
-0.3468944,-0.35269312,0.32847654,-0.35575947,-0.77923169,0.19275728,-0.25562997,-0.2452895,-0.2471028,0.8785511,-0.49412183,0.65525132,-0.46751268,0.54424878,0.80619571,-0.47175079,-0.58189642,0.86774788,-0.6209874,-0.87543146,-0.26251091,-0.35478336,0.4014708,0.24019737,-0.31023669,-0.50021724,-0.31023669,-0.75733696,-0.26705713,-0.59481044,21,"walking"
-0.36933336,-0.35968046,0.34488772,-0.38023238,-0.74674448,0.19063442,-0.2435873,-0.24338791,-0.24772925,0.8785511,-0.44033545,0.64286008,-0.33279549,0.41599433,0.79381559,-0.4798197,-0.56362044,0.86273263,-0.49761246,-0.87736798,-0.15406424,-0.37791881,0.45320459,0.14316571,-0.34239312,-0.28668363,-0.34239312,-0.77928941,-0.18952316,-0.57780554,21,"walking"
-0.38797922,-0.35968046,0.34686337,-0.38141285,-0.74524262,0.18931483,-0.2435873,-0.24045539,-0.24257502,0.86254937,-0.23956002,0.62677625,-0.32413214,0.40519569,0.79381559,-0.50679843,-0.56226482,0.85613999,-0.4849802,-0.88021512,0.017692716,-0.43873618,0.43589717,-0.033134516,-0.40551217,-0.32495164,-0.40551217,-0.81899813,-0.017727676,-0.64953174,21,"walking"
-0.38792467,-0.34986488,0.34384074,-0.3743917,-0.75505604,0.18762996,-0.23757105,-0.23616606,-0.23553384,0.86227721,-0.21305708,0.60874538,-0.38057964,0.45717619,0.78459875,-0.52043836,-0.56741958,0.84876606,-0.53279154,-0.88436673,-0.016805614,-0.45294095,0.39118939,0.028052815,-0.37427117,-0.25885233,-0.37427117,-0.79973125,-0.10422829,-0.67644972,21,"walking"
-0.38374027,-0.34390096,0.34014613,-0.37099216,-0.75971847,0.18431163,-0.23748849,-0.23267241,-0.23553384,0.86227721,-0.28064995,0.63509441,-0.39142657,0.47063428,0.80331899,-0.53250605,-0.57475182,0.85952784,-0.54888678,-0.88766988,0.0013316755,-0.47672143,0.39331652,0.0022619325,-0.37143923,-0.28449353,-0.37143923,-0.79801856,-0.071533411,-0.51311826,21,"walking"
-0.38269247,-0.3408743,0.33668724,-0.368211,-0.76349658,0.18054564,-0.23109758,-0.22872859,-0.23073106,0.88098147,-0.39003533,0.6648141,-0.38547548,0.47136226,0.80453637,-0.46904489,-0.58214228,0.87163436,-0.55598835,-0.89136948,0.11168726,-0.48765176,0.39850593,-0.12326071,-0.36198227,-0.38229922,-0.36198227,-0.79201633,0.063956188,-0.59882398,21,"walking"
-0.38269247,-0.34478151,0.33810538,-0.37041829,-0.76048419,0.18081629,-0.234222,-0.22926126,-0.23073106,0.88822409,-0.3358177,0.66405134,-0.22890927,0.32044247,0.80453637,-0.49550632,-0.58015512,0.87132955,-0.40715329,-0.89084922,0.1019678,-0.51479858,0.40533725,-0.11274034,-0.3931459,-0.44528335,-0.3931459,-0.8112224,0.052654714,-0.56469357,21,"walking"
-0.38125166,-0.3461986,0.33880282,-0.37169675,-0.7587284,0.18219475,-0.234222,-0.23141725,-0.2317668,0.88822409,-0.057648077,0.66400864,-0.22987642,0.31638091,0.8042236,-0.56676506,-0.5781606,0.87131192,-0.39903471,-0.8888474,-0.099350988,-0.51185645,0.41453612,0.086207299,-0.44187892,-0.41814347,-0.44187892,-0.84002221,-0.13210243,-0.63626104,21,"walking"
-0.38125166,-0.34956524,0.3376274,-0.37046532,-0.76038161,0.18171521,-0.23330666,-0.23101547,-0.23410066,0.89039817,-0.17048746,0.67062441,-0.12978602,0.22670198,0.8042236,-0.48245786,-0.58001598,0.87398731,-0.31959922,-0.88924459,-0.16597547,-0.41804762,0.41526307,0.17289133,-0.38525519,-0.36787078,-0.38525519,-0.80671805,-0.23653126,-0.63653508,21,"walking"
-0.38303906,-0.3572463,0.34402422,-0.37872926,-0.74892222,0.182165,-0.23572795,-0.23120105,-0.23410066,0.87300903,-0.39194423,0.65212403,-0.29217677,0.3811188,0.80255449,-0.46279946,-0.57166367,0.86647214,-0.46863378,-0.88907309,-0.14306092,-0.42996075,0.42374941,0.17735383,-0.35921026,-0.35755328,-0.35921026,-0.79026924,-0.27203691,-0.66250488,21,"walking"
-0.39746954,-0.36206447,0.35115521,-0.38768986,-0.7364304,0.18684074,-0.24244089,-0.23718495,-0.23721409,0.86816446,-0.43635907,0.62466125,-0.36504122,0.44821301,0.79566723,-0.38358575,-0.55893033,0.85528844,-0.53105226,-0.88334996,-0.12353965,-0.28964922,0.44256678,0.12955666,-0.23856308,-0.27444153,-0.23856308,-0.70532408,-0.19430234,-0.61062271,21,"walking"
-0.38283953,-0.36206447,0.3460988,-0.38082173,-0.74598311,0.18755412,-0.24244089,-0.23829105,-0.23455743,0.86816446,-0.42455496,0.63456188,-0.327448,0.41318546,0.79553247,-0.41701011,-0.5646715,0.85932624,-0.49775265,-0.88228914,-0.1358945,-0.33451797,0.43463561,0.12300833,-0.25713696,-0.36681672,-0.25713696,-0.71934008,-0.16713517,-0.49208012,21,"walking"
-0.38138678,-0.34801664,0.33864084,-0.36972871,-0.76139408,0.18393461,-0.23965254,-0.23270283,-0.23412281,0.88003056,-0.27136839,0.64587512,-0.26304983,0.35210607,0.79553247,-0.55159144,-0.57693261,0.86395877,-0.43735069,-0.88763819,-0.19966865,-0.45520518,0.39848718,0.1991958,-0.44604149,-0.47562979,-0.44604149,-0.84245922,-0.2517517,-0.6551557,21,"walking"
-0.37911652,-0.33800047,0.33667938,-0.36580388,-0.76673329,0.18181093,-0.23110882,-0.22890406,-0.22511821,0.88000498,-0.13651533,0.64062654,-0.20718729,0.28859598,0.79139046,-0.56797942,-0.58111608,0.86182569,-0.36584224,-0.89118866,0.0056988475,-0.47301774,0.37357651,-0.011489509,-0.45050204,-0.41800682,-0.45050204,-0.84496747,-0.04721698,-0.53613059,21,"walking"
-0.35449049,-0.35081334,0.33281541,-0.36046312,-0.77332843,0.19199794,-0.25311437,-0.24322717,-0.24281677,0.8582988,-0.28999965,0.63569221,-0.50416905,0.55688738,0.80518325,-0.49807467,-0.57729323,0.85972641,-0.60986389,-0.87746581,-0.15968375,-0.46878624,0.39330861,0.13162648,-0.42396735,-0.59000626,-0.42396735,-0.82991211,-0.15952786,-0.64802368,21,"walking"
-0.37747042,-0.35081334,0.34530703,-0.37649788,-0.75210042,0.19102403,-0.24180516,-0.24096699,-0.24397275,0.8582988,-0.42115249,0.60277343,-0.45217463,0.52103629,0.79127082,-0.46497524,-0.56277493,0.84629824,-0.58998021,-0.87973984,-0.10074017,-0.38741946,0.4049919,0.11128801,-0.33491653,-0.31089557,-0.33491653,-0.77432471,-0.18397008,-0.57203385,21,"walking"
-0.38929307,-0.35809513,0.34706272,-0.37953178,-0.74792969,0.19000074,-0.24244293,-0.23995533,-0.24263473,0.86231743,-0.47318795,0.60625503,-0.29228601,0.37848979,0.77727078,-0.37492529,-0.56144801,0.84774933,-0.46101861,-0.88071698,-0.061503148,-0.29919585,0.41331794,0.068674349,-0.23880292,-0.31804175,-0.23880292,-0.70544948,-0.13890119,-0.58049992,21,"walking"
-0.38940959,-0.36070058,0.34841998,-0.38376882,-0.74196687,0.19285687,-0.25399838,-0.24557611,-0.24263473,0.86945731,-0.32218193,0.62120818,-0.49485626,0.56405887,0.79404606,-0.43935939,-0.55738053,0.85387401,-0.63276773,-0.87510082,-0.15873583,-0.41472487,0.45162064,0.16347321,-0.32316396,-0.4058712,-0.32316396,-0.76632966,-0.22464107,-0.61585486,21,"walking"
-0.39840831,-0.3640797,0.34918575,-0.38711092,-0.7372233,0.19452333,-0.25399838,-0.24949711,-0.24821091,0.86945731,-0.25893207,0.63786352,-0.40390182,0.47290909,0.79616847,-0.46232748,-0.55503218,0.86067943,-0.54146692,-0.87124676,-0.061664868,-0.36287334,0.48426011,0.069259176,-0.34856957,-0.43086132,-0.34856957,-0.78332254,-0.13986795,-0.60103285,21,"walking"
-0.39085565,-0.3640797,0.35090055,-0.38786086,-0.73613554,0.19156894,-0.24759138,-0.24420415,-0.24763704,0.86426145,-0.31107528,0.62395416,-0.39249277,0.46923173,0.79616847,-0.48512335,-0.55536792,0.85498427,-0.5449861,-0.87654456,-0.0057491549,-0.45174632,0.46120203,0.020392105,-0.37140254,-0.31447671,-0.37140254,-0.79802876,-0.10400127,-0.61936536,21,"walking"
-0.38792388,-0.36366546,0.34746326,-0.38006977,-0.74705413,0.19156486,-0.24235768,-0.24213418,-0.24631728,0.86339081,-0.36584941,0.60349368,-0.38498069,0.46482328,0.78463076,-0.41932701,-0.5596482,0.84660649,-0.54402969,-0.87859865,-0.019747943,-0.36563526,0.41840338,0.04156756,-0.29747411,-0.23260527,-0.29747411,-0.74859567,-0.13093802,-0.64717119,21,"walking"
-0.38792388,-0.36070335,0.34470115,-0.37806423,-0.74992283,0.19100139,-0.24251722,-0.24259127,-0.24362446,0.86339081,-0.29738279,0.6255619,-0.34757832,0.42989972,0.79417008,-0.40512462,-0.56354448,0.85563604,-0.51123721,-0.87814628,0.020148,-0.2982361,0.43154176,-0.0031347103,-0.25661945,-0.37194101,-0.25661945,-0.71895174,-0.082035232,-0.50471446,21,"walking"
-0.39235031,-0.3613167,0.3487934,-0.38542342,-0.73963861,0.18730574,-0.24251722,-0.2385112,-0.23880203,0.86896179,-0.20483863,0.63747686,-0.30338446,0.38808635,0.79417008,-0.44573649,-0.56151057,0.86052904,-0.47095595,-0.88208464,0.021941661,-0.43131459,0.4500332,0.00041047054,-0.33122408,-0.42091998,-0.33122408,-0.77184742,-0.092871701,-0.58244139,21,"walking"
-0.38895991,-0.3613167,0.34786339,-0.38190717,-0.74455878,0.18915469,-0.2458868,-0.23962785,-0.23880203,0.86896179,-0.28424091,0.61711871,-0.29585042,0.38372707,0.78982018,-0.43453286,-0.56115174,0.85220638,-0.46907744,-0.88098363,0.038699962,-0.42576238,0.42746421,-0.015887882,-0.31265629,-0.42250721,-0.31265629,-0.7591499,-0.077945638,-0.51333082,21,"walking"
-0.38895991,-0.35550677,0.34766301,-0.3808347,-0.7460962,0.19199145,-0.2458971,-0.24306647,-0.24277318,0.86717452,-0.33571557,0.60691846,-0.21006875,0.30569204,0.77772404,-0.44540457,-0.55904394,0.84802442,-0.39608893,-0.87766195,0.11860631,-0.36809458,0.42569835,-0.11427992,-0.30220152,-0.38594992,-0.30220152,-0.75190978,0.035820368,-0.63713045,21,"walking"
-0.39793444,-0.35550677,0.35023319,-0.38432218,-0.74122981,0.18935262,-0.2458971,-0.23932957,-0.24231432,0.86610217,-0.22930951,0.60490475,-0.32779507,0.41300671,0.77750707,-0.45022156,-0.5580311,0.84719542,-0.49506312,-0.88131153,0.21446906,-0.44130977,0.42358964,-0.20489006,-0.35400214,-0.27241725,-0.35400214,-0.78690195,0.11576595,-0.60368705,21,"walking"
-0.39724236,-0.35438793,0.35029105,-0.38352746,-0.74235134,0.18768974,-0.23763174,-0.23641905,-0.23388131,0.86198022,-0.19297183,0.59915387,-0.32919525,0.40950223,0.77492209,-0.47811916,-0.559322,0.8448238,-0.48691412,-0.88411904,0.14260421,-0.512673,0.40909389,-0.13041843,-0.40697696,-0.32079205,-0.40697696,-0.81990858,0.04382797,-0.60505788,21,"walking"
-0.37642163,-0.37069874,0.34553514,-0.37220818,-0.75787328,0.18364932,-0.27937674,-0.2276208,-0.20967719,0.83220088,-0.82293385,0.57035975,-0.56660364,0.6570532,0.78888005,0.19766787,-0.56856838,0.83276484,-0.7477484,-0.89104616,-0.44660104,0.47650157,0.33165686,0.50913181,0.41662405,-0.14198523,0.41662405,0.0075770951,-0.61438289,-0.61638645,21,"walking_downstairs"
-0.36563778,-0.34685086,0.34024002,-0.36782391,-0.76380325,0.16577344,-0.21333589,-0.20454486,-0.20497962,0.85281524,-0.74383484,0.62501311,-0.59804497,0.67647862,0.7957903,0.15219852,-0.58928769,0.85540965,-0.75454627,-0.91262364,-0.43853657,0.47622454,0.30163496,0.47318318,0.39072079,-0.021140923,0.39072079,-0.028688184,-0.54856032,-0.57749889,21,"walking_downstairs"
-0.36563778,-0.34685086,0.33244995,-0.35997326,-0.77433078,0.1636885,-0.20515604,-0.20338649,-0.20497962,0.87785544,-0.72453728,0.6687935,-0.6081008,0.67358507,0.81832529,0.075497328,-0.60079075,0.87319545,-0.73784754,-0.91358906,-0.46236702,0.28867762,0.31142139,0.49246336,0.27016165,-0.0051949449,0.27016165,-0.18864768,-0.56111253,-0.32224375,21,"walking_downstairs"
-0.36780057,-0.33227298,0.3285024,-0.3567623,-0.77869182,0.16442456,-0.20862839,-0.20585788,-0.20509777,0.89343917,-0.72134343,0.69762762,-0.52286406,0.58873214,0.81832529,-0.018324326,-0.60522424,0.88484088,-0.652124,-0.91152655,-0.40695564,0.25762999,0.33169886,0.45289287,0.20633997,0.11188968,0.20633997,-0.26737899,-0.54079776,-0.5981306,21,"walking_downstairs"
-0.33729557,-0.33220761,0.31904104,-0.34182016,-0.79732936,0.16066733,-0.20862839,-0.19948152,-0.18775116,0.902682,-0.67908655,0.70072031,-0.41742412,0.48265016,0.82087198,0.059409209,-0.62005376,0.88607992,-0.54398437,-0.9165952,-0.4159796,0.40023767,0.27646625,0.42600282,0.32452104,0.024512954,0.32452104,-0.11788148,-0.47644053,-0.28638707,21,"walking_downstairs"
-0.33729557,-0.33487627,0.31894532,-0.33854994,-0.80140297,0.15242826,-0.20034165,-0.1859159,-0.18594608,0.87742848,-0.73153544,0.67630908,-0.57901041,0.63618872,0.82087198,0.054328421,-0.62644896,0.87622641,-0.692098,-0.92733034,-0.40519163,0.29071477,0.21238962,0.43189459,0.33413454,-0.10169832,0.33413454,-0.10546172,-0.5015246,-0.17542133,21,"walking_downstairs"
-0.3492152,-0.34994046,0.33577703,-0.36205568,-0.77126134,0.14955352,-0.18730882,-0.18197625,-0.18594608,0.87742848,-0.78653542,0.65242406,-0.5892029,0.65307412,0.80791599,0.17043242,-0.6068652,0.86661002,-0.7156596,-0.9303863,-0.45011521,0.27896269,0.2472034,0.49107945,0.34385551,-0.073844706,0.34385551,-0.09260093,-0.5725506,-0.69517871,21,"walking_downstairs"
-0.39394705,-0.43075144,0.36919582,-0.40462898,-0.71068479,0.17603848,-0.3146043,-0.21734198,-0.17008542,0.78007664,-0.77250659,0.53995195,-0.72961755,0.77488726,0.79194128,-0.1199003,-0.54433311,0.81964616,-0.82046585,-0.89480607,-0.55347504,0.17506238,0.36700715,0.56636608,0.050226847,-0.39044894,0.050226847,-0.44337123,-0.61114259,-0.72912872,21,"walking_downstairs"
-0.39060338,-0.37380012,0.3492615,-0.38108915,-0.74564447,0.14565902,-0.19228988,-0.17673377,-0.17008542,0.84976294,-0.80044615,0.63653483,-0.67947303,0.73648189,0.80150925,-0.0022892481,-0.59183444,0.8601055,-0.79332229,-0.93397028,-0.53825941,0.1391,0.2723749,0.56215905,0.13393553,-0.39350276,0.13393553,-0.35204801,-0.61906977,-0.70284232,21,"walking_downstairs"
-0.37832236,-0.34852589,0.34153505,-0.37223651,-0.75795257,0.15633554,-0.19979259,-0.19277967,-0.17781004,0.88431983,-0.73465406,0.6567254,-0.49004384,0.54887057,0.80150925,0.018496477,-0.59458178,0.86836396,-0.60439075,-0.92202447,-0.42256508,0.20753377,0.30709081,0.43115193,0.20893339,-0.14422872,0.20893339,-0.2642029,-0.47900212,-0.41586893,21,"walking_downstairs"
-0.37832236,-0.35767806,0.34251168,-0.37422815,-0.75515889,0.16071309,-0.2013994,-0.19933895,-0.20036243,0.88431983,-0.74238401,0.65648459,-0.47265074,0.53164812,0.79957583,0.037824042,-0.59014374,0.86826764,-0.58670255,-0.91689708,-0.40201561,0.084478805,0.329841,0.40834768,0.18358297,-0.15262357,0.18358297,-0.29470496,-0.4550391,-0.23160722,21,"walking_downstairs"
-0.38129067,-0.35767806,0.34635752,-0.38038678,-0.74671729,0.15729505,-0.2013994,-0.19495722,-0.18853189,0.88361411,-0.74503392,0.66059219,-0.54884991,0.60878384,0.80800851,0.11731504,-0.58763971,0.86992554,-0.66621228,-0.92035404,-0.44401404,0.096896958,0.33804522,0.46494467,0.30374428,0.010617567,0.30374428,-0.14556129,-0.52450683,-0.51615309,21,"walking_downstairs"
-0.35709585,-0.35597628,0.3345613,-0.36369252,-0.76898855,0.15613044,-0.22143431,-0.19313925,-0.18808259,0.88361411,-0.7611418,0.68035411,-0.66840613,0.72312431,0.82290715,0.1946064,-0.60373325,0.87787729,-0.77715309,-0.92165154,-0.51509917,0.24311376,0.30314302,0.54378321,0.34333293,-0.21475452,0.34333293,-0.093316911,-0.60758436,-0.26751113,21,"walking_downstairs"
-0.35709585,-0.34202613,0.33087805,-0.35709519,-0.77802989,0.16801114,-0.22932531,-0.20905804,-0.18808259,0.86956483,-0.84526245,0.66029173,-0.72320676,0.77576574,0.82290715,0.11707449,-0.59943852,0.86971467,-0.8281066,-0.90826059,-0.55248503,0.11616312,0.31206713,0.58148203,0.24409825,-0.4411733,0.24409825,-0.22129853,-0.64300938,-0.20398896,21,"walking_downstairs"
-0.37212967,-0.34202613,0.33915274,-0.36759767,-0.76429506,0.16757046,-0.22932531,-0.20783717,-0.19697103,0.86956483,-0.81466939,0.63684886,-0.67932103,0.74014208,0.79748021,0.052968835,-0.58930574,0.8602688,-0.80038496,-0.90939434,-0.43696071,0.12590856,0.31916173,0.4517605,0.18176362,-0.49604094,0.18176362,-0.29684861,-0.50512079,-0.68146842,21,"walking_downstairs"
-0.35595919,-0.41847418,0.35383528,-0.39194561,-0.72706588,0.22599454,-0.30901466,-0.29247906,-0.27402347,0.7897726,-0.24077357,0.57298431,-0.80455442,0.83739339,0.81199681,-0.53343867,-0.52149803,0.83338956,-0.87048563,-0.82382254,-0.57085055,-0.37316564,0.55976326,0.54885569,-0.39428524,-0.66624187,-0.39428524,-0.81226329,-0.55507997,-0.53126558,21,"walking_upstairs"
-0.40822232,-0.41847418,0.38696135,-0.43314457,-0.66730064,0.24006591,-0.31570598,-0.30878622,-0.29871557,0.78668375,-0.30011444,0.45449417,-0.80151551,0.84515739,0.76980018,-0.48107221,-0.46834179,0.78354393,-0.88926225,-0.80439812,-0.62861591,-0.37407633,0.61936752,0.63539703,-0.37816315,-0.57357112,-0.37816315,-0.80229159,-0.66832571,-0.6782378,21,"walking_upstairs"
-0.44259067,-0.44515175,0.3958915,-0.4426423,-0.65191012,0.24484056,-0.31570695,-0.31345904,-0.31360257,0.77524148,-0.21827696,0.4117019,-0.53959223,0.59015301,0.69973429,-0.28210189,-0.4529381,0.7650676,-0.6385164,-0.79861936,-0.60560603,-0.18636598,0.62211691,0.60527042,-0.17270019,-0.4722803,-0.17270019,-0.65287205,-0.63182192,-0.66019121,21,"walking_upstairs"
-0.45262783,-0.44532745,0.4058626,-0.45959726,-0.6234783,0.24689546,-0.32621446,-0.31900118,-0.31360257,0.77524148,-0.21653366,0.41148444,-0.63903451,0.69274889,0.70565504,-0.28689386,-0.43865873,0.76495978,-0.74580042,-0.79151803,-0.64069891,-0.1427978,0.68276171,0.64790198,-0.17156654,-0.53380419,-0.17156654,-0.65190363,-0.68007171,-0.33974132,21,"walking_upstairs"
-0.46044912,-0.44532745,0.40504861,-0.46161164,-0.62030568,0.24925206,-0.32678804,-0.32453536,-0.32510415,0.77526188,-0.32475987,0.42947913,-0.76467247,0.80109165,0.7176495,-0.47596074,-0.43751072,0.77280599,-0.83749675,-0.78440402,-0.3767325,-0.28696524,0.71810752,0.36277928,-0.33711242,-0.51812811,-0.33711242,-0.77572081,-0.38933448,-0.54261135,21,"walking_upstairs"
-0.45989394,-0.42921891,0.40021114,-0.45279293,-0.63537543,0.25287488,-0.33434203,-0.32775,-0.32696659,0.77698504,-0.30914734,0.41895928,-0.72888646,0.76289081,0.7176495,-0.50764594,-0.44014255,0.76819678,-0.79660145,-0.7801581,-0.2730871,-0.31283168,0.69388582,0.2416228,-0.3493297,-0.59730892,-0.3493297,-0.78385332,-0.25638989,-0.57344819,21,"walking_upstairs"
-0.45650952,-0.42921891,0.39998537,-0.45005342,-0.63993421,0.25342148,-0.33434203,-0.32662368,-0.32115602,0.77676793,-0.39093929,0.4025535,-0.65255743,0.69455804,0.69655891,-0.45262911,-0.43990885,0.76104814,-0.73536764,-0.78161769,-0.4234239,-0.37648011,0.66969033,0.40727781,-0.36064563,-0.63414753,-0.36064563,-0.7911919,-0.42857171,-0.49160258,21,"walking_upstairs"
-0.44097518,-0.42783857,0.39395884,-0.44017816,-0.6561206,0.25216426,-0.32702443,-0.32348534,-0.32115602,0.77676793,-0.44105302,0.40496679,-0.67718818,0.72017973,0.69655891,-0.43414385,-0.44849855,0.76211107,-0.76215529,-0.78575255,-0.51073819,-0.34358766,0.63653103,0.50446998,-0.34544984,-0.59608456,-0.34544984,-0.78130196,-0.53070428,-0.59293546,21,"walking_upstairs"
-0.44097518,-0.41509073,0.38904577,-0.43416273,-0.66593771,0.24925851,-0.32702443,-0.31996441,-0.31283272,0.77714911,-0.42707004,0.42334624,-0.69854889,0.73678118,0.71085162,-0.39578017,-0.45724288,0.77014293,-0.77448657,-0.79026863,-0.52246028,-0.32263086,0.62623202,0.51071287,-0.30612344,-0.5870629,-0.30612344,-0.75466742,-0.53017484,-0.62855694,21,"walking_upstairs"
-0.40778217,-0.3850686,0.36301147,-0.40272471,-0.71447109,0.20634961,-0.30641502,-0.26367789,-0.22122992,0.81479455,-0.35437373,0.56675026,-0.78932897,0.83084998,0.78963007,-0.45479688,-0.52784935,0.83109506,-0.87264783,-0.85431197,-0.40683426,-0.31742558,0.50766422,0.38283753,-0.35054533,-0.72123094,-0.35054533,-0.78464089,-0.39694644,-0.537695,21,"walking_upstairs"
-0.41068823,-0.40464285,0.37439314,-0.41560894,-0.69466553,0.23475626,-0.31128961,-0.30106594,-0.27617021,0.80577009,-0.31741287,0.48332365,-0.80242997,0.84418221,0.7602572,-0.47793865,-0.48860056,0.7960741,-0.88618208,-0.81366301,-0.48148141,-0.34751163,0.57521313,0.47210859,-0.38043443,-0.67657321,-0.38043443,-0.80369947,-0.49741581,-0.76385339,21,"walking_upstairs"
-0.4247173,-0.40623977,0.38316244,-0.42631365,-0.67831397,0.23896924,-0.31128961,-0.30597406,-0.30632934,0.79383634,-0.17029899,0.45128233,-0.73152986,0.77339452,0.71767729,-0.49894569,-0.47401293,0.78232679,-0.81468047,-0.80795136,-0.58494833,-0.33124499,0.59096258,0.58209664,-0.39858502,-0.50866421,-0.39858502,-0.81487382,-0.60728504,-0.70919425,21,"walking_upstairs"
-0.4247173,-0.41745175,0.38443062,-0.42746453,-0.67645249,0.23897957,-0.31155452,-0.3055691,-0.30632934,0.79383634,-0.060558275,0.44480699,-0.7036445,0.74545156,0.71170333,-0.38917108,-0.47244852,0.77952577,-0.7864196,-0.8084392,-0.61948452,-0.24460758,0.58761966,0.62282036,-0.28680325,-0.57565736,-0.28680325,-0.74101856,-0.65220636,-0.63548205,21,"walking_upstairs"
-0.43726164,-0.41811722,0.39076143,-0.43803706,-0.65963159,0.23841137,-0.31155452,-0.30635931,-0.3055387,0.78765162,-0.082968114,0.44732809,-0.72908476,0.77124155,0.71532378,-0.35581435,-0.46516723,0.7806155,-0.81310631,-0.80746623,-0.58111095,-0.17602534,0.62053758,0.58466481,-0.2533396,-0.5317098,-0.2533396,-0.71648141,-0.61662547,-0.74490221,21,"walking_upstairs"
-0.43855464,-0.41811722,0.39168197,-0.43784473,-0.65992475,0.23916011,-0.31341144,-0.30632537,-0.30546979,0.78210671,-0.21970622,0.43456421,-0.70207317,0.74042117,0.71532378,-0.4066027,-0.46334673,0.77504923,-0.77818334,-0.80749842,-0.47886341,-0.37514098,0.609221,0.46617482,-0.31955986,-0.50845346,-0.31955986,-0.76391504,-0.487457,-0.55167915,21,"walking_upstairs"
-0.43855464,-0.4150414,0.38769001,-0.43127308,-0.67054028,0.23901545,-0.31341144,-0.30520116,-0.30539023,0.78210671,-0.32789368,0.43436788,-0.68356672,0.73074897,0.71234891,-0.45784276,-0.46840817,0.77496782,-0.77703722,-0.8088795,-0.48245915,-0.35676728,0.5882144,0.47218314,-0.34754628,-0.5798191,-0.34754628,-0.78268571,-0.49597207,-0.59253323,21,"walking_upstairs"
-0.43954273,-0.41068947,0.38843783,-0.43401516,-0.6661825,0.24156643,-0.3194888,-0.3099964,-0.30539023,0.79373922,-0.25688252,0.44102369,-0.68595866,0.73365912,0.71234891,-0.4559454,-0.46514597,0.77788076,-0.78037091,-0.802844,-0.39385917,-0.32863446,0.61407546,0.37788534,-0.3427175,-0.53758685,-0.3427175,-0.77949229,-0.40081955,-0.69324109,21,"walking_upstairs"
-0.36560797,-0.38626554,0.34524312,-0.37351415,-0.75517234,0.18025637,-0.2712934,-0.22402897,-0.18537883,0.82120211,-0.74982024,0.59072205,-0.75176153,0.8071204,0.81931853,0.077958312,-0.57166922,0.84088257,-0.86297476,-0.89374816,-0.58351425,0.2694433,0.34121569,0.60329081,0.25179732,-0.36651509,0.25179732,-0.21178034,-0.65321774,-0.65858218,21,"walking_downstairs"
-0.36560797,-0.33825642,0.33022113,-0.35780583,-0.77727268,0.15513807,-0.21845031,-0.19182947,-0.18519639,0.85413221,-0.78836369,0.69083802,-0.74644341,0.79558414,0.82354975,0.089268667,-0.61003603,0.88201441,-0.84487672,-0.92267552,-0.51626314,0.3084661,0.29161265,0.54755918,0.23786563,-0.38631413,0.23786563,-0.22908053,-0.61363329,-0.70045407,21,"walking_downstairs"
-0.37007791,-0.33945087,0.32954038,-0.35974437,-0.77472954,0.15876304,-0.21419148,-0.19870637,-0.18519639,0.9025192,-0.76575086,0.71705893,-0.65515277,0.70075434,0.83153755,0.035819251,-0.6082182,0.89258974,-0.74544967,-0.91712895,-0.46930043,0.23185801,0.33558827,0.48597548,0.19527683,-0.25114228,0.19527683,-0.28077246,-0.53918892,-0.29432581,21,"walking_downstairs"
-0.37007791,-0.33945087,0.33158212,-0.3597476,-0.77473283,0.16366961,-0.21419148,-0.20396284,-0.18827883,0.87321474,-0.73630212,0.68013509,-0.70716344,0.75489515,0.83153755,-0.008353179,-0.60190667,0.87770501,-0.80244254,-0.91295229,-0.41622063,0.26426912,0.32102024,0.4261677,0.176325,-0.24002905,0.176325,-0.30310894,-0.47551921,0.15736486,21,"walking_downstairs"
-0.35729945,-0.33686965,0.331292,-0.35635497,-0.77907556,0.15292155,-0.20935333,-0.18700068,-0.17678998,0.87321474,-0.73473956,0.6619609,-0.72904967,0.78270871,0.81852759,-0.014299466,-0.61027353,0.87042326,-0.83649867,-0.92625411,-0.42094471,0.23810133,0.25248071,0.43565448,0.20370085,-0.23707654,0.20370085,-0.27071952,-0.49034697,-0.23333937,21,"walking_downstairs"
-0.35729945,-0.33686965,0.32697212,-0.35285856,-0.78360413,0.14430874,-0.18035422,-0.17620233,-0.17678998,0.87943431,-0.6798275,0.70260878,-0.70490155,0.75895425,0.82845715,-0.02909562,-0.62197171,0.88678184,-0.81294989,-0.93458882,-0.39958207,0.14026562,0.24558843,0.42051173,0.18057979,-0.20397086,0.18057979,-0.29805752,-0.48368712,-0.3004044,21,"walking_downstairs"
-0.36124051,-0.3365088,0.33040217,-0.35880847,-0.77592435,0.14825147,-0.18848295,-0.18244915,-0.17696314,0.89549509,-0.70869783,0.70451618,-0.66158298,0.71851265,0.82845715,-0.012388969,-0.61475876,0.88756649,-0.77466397,-0.92996991,-0.41117626,0.16029041,0.27994688,0.43202763,0.23918732,-0.20711238,0.23918732,-0.2274469,-0.49339997,-0.65065119,21,"walking_downstairs"
-0.37330865,-0.3365088,0.33243099,-0.3624593,-0.771195,0.15140893,-0.19075062,-0.18740575,-0.18634998,0.89549509,-0.78661186,0.70591625,-0.6293361,0.69118763,0.82841343,0.12873346,-0.6098906,0.888132,-0.75187971,-0.92628207,-0.35839783,0.35930527,0.30419295,0.37329305,0.31020584,-0.2109081,0.31020584,-0.13710899,-0.43109786,-0.7222433,21,"walking_downstairs"
-0.40020998,-0.39790355,0.36288909,-0.40419683,-0.71188801,0.19795995,-0.28792889,-0.25304303,-0.23400873,0.81487316,-0.42460963,0.59138205,-0.7563857,0.80333015,0.79376142,-0.40585486,-0.5350773,0.84134594,-0.85070669,-0.86698901,-0.43697797,-0.20886412,0.50295666,0.43072431,-0.2642243,-0.6905486,-0.2642243,-0.72457753,-0.46228109,-0.54538516,21,"walking_upstairs"
-0.41551823,-0.4071575,0.38079587,-0.42530767,-0.67974264,0.22250676,-0.31442875,-0.28496796,-0.25228779,0.79924822,-0.37003649,0.49659147,-0.81540578,0.85749846,0.78860049,-0.38162285,-0.49174683,0.80153666,-0.90000305,-0.83234213,-0.49990152,-0.37889465,0.56904039,0.49844315,-0.29769644,-0.70871712,-0.29769644,-0.74875996,-0.53085245,-0.556924,21,"walking_upstairs"
-0.44407489,-0.40920956,0.38914051,-0.43480132,-0.66495343,0.24168553,-0.32453274,-0.31004133,-0.29820128,0.7887197,-0.39056155,0.43835988,-0.73861708,0.78378733,0.71615246,-0.46450683,-0.4641718,0.7767102,-0.82871349,-0.80269994,-0.52217366,-0.34197709,0.61407949,0.52411317,-0.35878793,-0.62822176,-0.35878793,-0.78999255,-0.55795562,-0.32053343,21,"walking_upstairs"
-0.44407489,-0.40920956,0.39028488,-0.4359162,-0.66315702,0.24808184,-0.32453274,-0.31843954,-0.31786018,0.78559899,-0.312373,0.42326491,-0.73986837,0.78820099,0.70887707,-0.43686219,-0.45683108,0.77012992,-0.83637238,-0.79227566,-0.52187817,-0.29222717,0.62689422,0.52868277,-0.33078236,-0.54070873,-0.33078236,-0.7715453,-0.56744016,-0.49523638,21,"walking_upstairs"
-0.4445028,-0.41043911,0.3909354,-0.43773661,-0.66022629,0.24792629,-0.33124901,-0.31896341,-0.31786018,0.78559899,-0.25982307,0.42863952,-0.65758332,0.70975583,0.70589637,-0.42017156,-0.45617949,0.77247939,-0.76095681,-0.79154894,-0.37212892,-0.21952649,0.63775545,0.37935912,-0.27064065,-0.58914981,-0.27064065,-0.72931599,-0.42756386,-0.70417641,21,"walking_upstairs"
-0.45015883,-0.43008663,0.39676421,-0.44676426,-0.64531406,0.25333888,-0.33362645,-0.32729325,-0.31837176,0.77294882,-0.22822199,0.41618356,-0.70758623,0.75279487,0.70589637,-0.43371231,-0.44395083,0.76699951,-0.79764448,-0.78064788,-0.44330854,-0.2288833,0.67399149,0.43418647,-0.26348302,-0.52315289,-0.26348302,-0.724021,-0.46170928,-0.26544283,21,"walking_upstairs"
-0.44533871,-0.43008663,0.39631918,-0.44650559,-0.64569781,0.25864245,-0.34011395,-0.33478637,-0.33271877,0.77294882,-0.20192447,0.41069645,-0.75821037,0.80254609,0.70572851,-0.40317914,-0.43946663,0.76459836,-0.84684042,-0.77078303,-0.49604129,-0.24636155,0.68869392,0.49327514,-0.27444509,-0.48687975,-0.27444509,-0.73208617,-0.52446933,-0.37058667,21,"walking_upstairs"
-0.44533871,-0.41527222,0.39082098,-0.43872492,-0.65859641,0.25957335,-0.34011395,-0.33572781,-0.32905417,0.77498346,-0.15338767,0.4178959,-0.76316594,0.81261064,0.70572851,-0.37964803,-0.44526289,0.76777462,-0.86215084,-0.76949228,-0.40134046,-0.40415993,0.676188,0.40073685,-0.28849686,-0.58153208,-0.28849686,-0.74222864,-0.43978424,-0.61009866,21,"walking_upstairs"
-0.2874686,-0.35396631,0.29527912,-0.31492297,-0.82733695,0.15661178,-0.31981903,-0.19829614,-0.12547237,0.89157762,0.22792242,0.82486631,-0.92549266,0.93146636,0.91805569,-0.77023644,-0.65276024,0.93427145,-0.93714979,-0.90644116,-0.96124142,-0.77621753,0.29292584,0.96112406,-0.75199706,-0.83125054,-0.75199706,-0.96702654,-0.96369644,-0.77761979,21,"standing"
-0.30516317,-0.36111767,0.33459064,-0.36234584,-0.76910374,0.12655964,-0.19430362,-0.15037246,-0.12547237,0.88545201,0.50621105,0.69364068,-0.29717088,0.29343756,0.87230359,-0.82572461,-0.62344133,0.88303152,-0.28971388,-0.95061887,-0.69381313,-0.84819609,0.19512138,0.66361505,-0.81876917,-0.83012674,-0.81876917,-0.98189722,-0.6528193,-0.92513192,21,"standing"
-0.38598008,-0.36111767,0.34831721,-0.38246385,-0.74373275,0.14978178,-0.19909326,-0.183941,-0.14511266,0.88545201,-0.010628217,0.65854128,-0.60533856,0.61557372,0.80302801,-0.87756027,-0.59031361,0.86909701,-0.6255721,-0.92816978,-0.78147997,-0.87675903,0.31265641,0.77377614,-0.87071353,-0.66087324,-0.87071353,-0.99040914,-0.78068976,-0.81913705,21,"standing"
-0.370865,-0.35099184,0.33716237,-0.36758478,-0.76419739,0.15823886,-0.20159631,-0.19628699,-0.19638171,0.8903953,-0.39374852,0.67611067,-0.35247682,0.46808396,0.80542778,-0.87373917,-0.59884476,0.87619901,-0.58600509,-0.91933162,-0.31887593,-0.85147299,0.31889665,0.40308388,-0.85135775,-0.56138261,-0.85135775,-0.98754812,-0.54079862,-0.91160737,21,"standing"
-0.36988355,-0.33582996,0.32952779,-0.35648457,-0.77903636,0.16091029,-0.20605573,-0.19981153,-0.19638171,0.89967396,-0.47310511,0.68240662,-0.34579087,0.47001524,0.80542778,-0.87479375,-0.60661586,0.87873846,-0.59613817,-0.9164372,-0.23083769,-0.86759297,0.30305378,0.30757737,-0.85760576,-0.47649942,-0.85760576,-0.9885136,-0.4434059,-0.92063313,21,"standing"
-0.36988355,-0.32443785,0.32806875,-0.3543051,-0.78191285,0.15968241,-0.20605573,-0.19798594,-0.19486527,0.89973829,-0.197724,0.68478327,-0.33310189,0.43998819,0.80736975,-0.91519117,-0.60939993,0.87969334,-0.54860104,-0.91788139,-0.19400468,-0.91120657,0.29409324,0.2074301,-0.90825589,-0.51103181,-0.90825589,-0.99489829,-0.27653824,-0.9407252,21,"standing"
-0.37305156,-0.32592957,0.32953757,-0.35640375,-0.77918388,0.1580847,-0.21106416,-0.19574915,-0.19486527,0.89614394,0.045378315,0.68434315,-0.62541498,0.65498498,0.80736975,-0.95581684,-0.6087293,0.87951568,-0.6847369,-0.91968493,-0.32654597,-0.94646984,0.29347387,0.31977814,-0.94895363,-0.53857437,-0.94895363,-0.99818977,-0.35793539,-0.94533196,21,"standing"
-0.37453019,-0.32828733,0.33089959,-0.35843339,-0.77652541,0.16734567,-0.21628335,-0.20894494,-0.19709522,0.89346438,-0.094880347,0.67357151,-0.74534765,0.76548923,0.80646372,-0.95353007,-0.59993115,0.87517674,-0.78562286,-0.90876895,-0.38267187,-0.9386939,0.32590217,0.36122717,-0.9447398,-0.63646521,-0.9447398,-0.99792476,-0.38051592,-0.93263828,21,"standing"
-0.36933514,-0.32828733,0.33003328,-0.35719887,-0.77813138,0.16744424,-0.21628335,-0.20906872,-0.20083569,0.89346438,-0.29754878,0.6747303,-0.61919542,0.6352467,0.80826778,-0.94989299,-0.6009457,0.87564244,-0.65134108,-0.90869073,-0.37324619,-0.9363783,0.32377595,0.38567054,-0.94485812,-0.69601438,-0.94485812,-0.99793274,-0.44273031,-0.96412945,21,"standing"
-0.36826847,-0.32613479,0.32701269,-0.35288255,-0.78374588,0.15893286,-0.20889923,-0.19695601,-0.19852055,0.89699866,0.15713811,0.68790752,-0.34611351,0.35414716,0.8092332,-0.96261243,-0.61130876,0.8809466,-0.36232288,-0.91876963,-0.43422169,-0.9539051,0.28988807,0.41973573,-0.95740005,-0.66826845,-0.95740005,-0.9986672,-0.44380601,-0.96558578,21,"standing"
-0.36826847,-0.32633571,0.32760533,-0.35372019,-0.78265634,0.15869805,-0.20061073,-0.19662856,-0.19852055,0.8985216,0.18000782,0.68721929,-0.20326309,0.2018484,0.8092332,-0.98269156,-0.61073201,0.88067041,-0.20023257,-0.91906495,-0.19049837,-0.97828049,0.29075671,0.12326098,-0.97906439,-0.43818458,-0.97906439,-0.99956913,-0.10776726,-0.97469996,21,"standing"
-0.36963191,-0.32633571,0.32894415,-0.35567336,-0.7801297,0.16259541,-0.20137987,-0.20220186,-0.20381412,0.8985216,0.095720679,0.68171013,-0.10172379,0.10268636,0.80658584,-0.982147,-0.60607292,0.87845769,-0.10371562,-0.91457438,-0.18710345,-0.97573177,0.3066981,0.12129685,-0.97771359,-0.34436291,-0.97771359,-0.99952618,-0.10777684,-0.97792226,21,"standing"
-0.36843196,-0.32619719,0.32696678,-0.35300006,-0.78359489,0.16345587,-0.20137987,-0.2034776,-0.21033111,0.89861238,0.43891476,0.68513201,-0.42331254,0.43060994,0.80703281,-0.98315932,-0.60791191,0.87983353,-0.43789768,-0.91353079,-0.47265479,-0.97821333,0.30549294,0.43448323,-0.98194902,-0.51052674,-0.98194902,-0.99965461,-0.43048389,-0.9833938,21,"standing"
-0.36843196,-0.32220976,0.32641386,-0.35226291,-0.78455435,0.16528047,-0.21001646,-0.20608499,-0.21033111,0.89955319,0.14989347,0.68452033,-0.54587551,0.55752486,0.80703281,-0.97134802,-0.6071916,0.87958772,-0.5690033,-0.91133647,-0.42524036,-0.96646245,0.30998559,0.39312928,-0.96732269,-0.51645589,-0.96732269,-0.99913822,-0.3985738,-0.9755071,21,"standing"
-0.36421613,-0.32220976,0.32539786,-0.35080475,-0.78641871,0.16750244,-0.21013504,-0.20920745,-0.2091093,0.89955319,0.038337876,0.68351597,-0.54083328,0.55718036,0.80803635,-0.97381603,-0.6067206,0.87918415,-0.57356244,-0.90870728,-0.50615363,-0.96528775,0.31359318,0.50603028,-0.96917148,-0.56335477,-0.96917148,-0.99921518,-0.54034511,-0.97256766,21,"standing"
-0.36002023,-0.31927296,0.32181059,-0.34559209,-0.79305551,0.16134586,-0.21013504,-0.20037129,-0.19408143,0.9005454,0.20959245,0.69419799,-0.53152554,0.54104357,0.81427272,-0.9769802,-0.61604451,0.8834684,-0.55055707,-0.91588373,-0.59408024,-0.9697809,0.2840651,0.58881272,-0.97374877,-0.6907815,-0.97374877,-0.99939118,-0.611486,-0.97368976,21,"standing"
-0.36002023,-0.31657231,0.32085979,-0.34424716,-0.79476058,0.15659471,-0.2026016,-0.19362879,-0.19408143,0.9031306,0.04400166,0.70050484,-0.45558575,0.45884477,0.81427272,-0.97330606,-0.6208866,0.88599694,-0.46206951,-0.92142269,-0.49504949,-0.96694909,0.26725859,0.47211881,-0.97026685,-0.62161421,-0.97026685,-0.99925916,-0.48285148,-0.97738447,21,"standing"
-0.36076923,-0.31945961,0.32334687,-0.34790557,-0.79012475,0.16297576,-0.20811693,-0.20278139,-0.19520275,0.900928,0.2077765,0.6915564,-0.66670981,0.67000838,0.81409476,-0.9722705,-0.61284589,0.88240992,-0.67314924,-0.91398359,-0.23386457,-0.96930275,0.2947522,0.20687213,-0.97128101,-0.53197068,-0.97128101,-0.99929885,-0.23174706,-0.97056676,21,"standing"
-0.36672766,-0.31945961,0.32500992,-0.35035142,-0.78701394,0.16740995,-0.20811693,-0.20913469,-0.21297887,0.900928,-0.22453079,0.68518784,-0.63569522,0.65348884,0.80654856,-0.97597339,-0.60727944,0.87985679,-0.6711749,-0.90878645,-0.45477346,-0.97246862,0.31346113,0.45220898,-0.97533034,-0.70495785,-0.97533034,-0.99944717,-0.48756,-0.9803415,21,"standing"
-0.36342775,-0.31945859,0.32370241,-0.3483919,-0.78951015,0.16508882,-0.2066224,-0.20576659,-0.20676956,0.90175462,-0.31948416,0.68859534,-0.53896118,0.57191078,0.80919381,-0.97399334,-0.61074766,0.88122507,-0.60531244,-0.91160501,-0.49059964,-0.97015866,0.30177115,0.49666223,-0.97326204,-0.5762946,-0.97326204,-0.99937345,-0.53875416,-0.98151793,21,"standing"
-0.36342775,-0.31656395,0.32223643,-0.34620209,-0.79230013,0.16157724,-0.20438245,-0.20070732,-0.20558873,0.90256976,-0.19478973,0.69336588,-0.50561735,0.52029301,0.80961687,-0.99069217,-0.61532913,0.88313923,-0.53518268,-0.91579227,-0.4192872,-0.98838427,0.28598656,0.39179977,-0.9903676,-0.50404905,-0.9903676,-0.99985583,-0.40303497,-0.97651304,21,"standing"
-0.36342944,-0.31643796,0.32275007,-0.34701019,-0.79127511,0.16126475,-0.20333088,-0.20031988,-0.20558873,0.90374907,0.13844089,0.69373184,-0.50628497,0.53745276,0.80961687,-0.98907823,-0.61492383,0.88328614,-0.56897805,-0.9161118,-0.50972106,-0.98781239,0.28742828,0.48765887,-0.98875718,-0.38455567,-0.98875718,-0.99982272,-0.49804828,-0.98374647,21,"standing"
-0.36319766,-0.31643796,0.32262213,-0.3468591,-0.79146585,0.16481079,-0.20825424,-0.20536089,-0.20628929,0.90224276,0.34052972,0.69052443,-0.44741495,0.47353994,0.80896883,-0.98980354,-0.6123205,0.88199975,-0.49996066,-0.91193835,-0.50490944,-0.98658544,0.29801428,0.46895507,-0.98853268,-0.35201041,-0.98853268,-0.99981786,-0.46479469,-0.99224402,21,"standing"
-0.37924761,-0.48527489,0.37279625,-0.41506113,-0.68985546,0.19696058,-0.33241873,-0.24986918,-0.23184336,0.74439784,0.86812207,0.55307072,-0.80088316,0.80028546,0.79353393,-0.71844668,-0.52340134,0.82475965,-0.79939806,-0.86902498,-0.88285904,-0.77108442,0.49208473,0.87236431,-0.70948282,-0.86247271,-0.70948282,-0.95526539,-0.86932432,-0.92510447,21,"standing"
-0.37924761,-0.35557231,0.33883206,-0.36952715,-0.76166992,0.17241668,-0.22911987,-0.21614017,-0.19130744,0.87137255,0.32241692,0.65442221,-0.86873743,0.8762673,0.80265452,-0.92311728,-0.58595846,0.86742356,-0.88354002,-0.9022699,-0.89894684,-0.93892676,0.36034582,0.90043261,-0.92381684,-0.79537638,-0.92381684,-0.99635065,-0.90902628,-0.90127256,21,"standing"
-0.38584871,-0.34108509,0.33920245,-0.37015378,-0.76086686,0.15599113,-0.22147165,-0.19294038,-0.18710531,0.88841315,0.26733161,0.67214796,-0.44515285,0.44851815,0.80438851,-0.92202156,-0.59784786,0.87459764,-0.4516223,-0.92162928,-0.61010152,-0.91694957,0.31385138,0.59620743,-0.91759471,-0.77461969,-0.91759471,-0.99579739,-0.60794454,-0.91718237,21,"standing"
-0.38264728,-0.33773778,0.33730124,-0.36752618,-0.76442333,0.15190484,-0.19961492,-0.1871452,-0.18710531,0.89422388,0.32079613,0.67973289,-0.40811931,0.41911709,0.804585,-0.94499659,-0.60322909,0.87766154,-0.43008103,-0.92643448,-0.58502417,-0.93454577,0.29712236,0.57310518,-0.9404857,-0.74954317,-0.9404857,-0.99763982,-0.58882862,-0.88777742,21,"standing"
-0.38264728,-0.34811665,0.33915666,-0.36999319,-0.76104399,0.16318718,-0.21886558,-0.20309068,-0.19383128,0.88296604,0.51235878,0.66395544,-0.50212919,0.50870453,0.804585,-0.96218159,-0.59261917,0.87128187,-0.51529899,-0.91355475,-0.70995982,-0.9535601,0.33416155,0.69188226,-0.9585932,-0.62804654,-0.9585932,-0.99872909,-0.69281234,-0.92366778,21,"standing"
-0.38537743,-0.34852776,0.34315902,-0.37555503,-0.75344588,0.1714517,-0.21897059,-0.21478695,-0.21015018,0.88283436,0.72608014,0.64782415,-0.64957494,0.65092387,0.79740884,-0.96642311,-0.58122862,0.86475186,-0.65209365,-0.90385941,-0.48248447,-0.9565388,0.36796179,0.4336538,-0.96344067,-0.46978827,-0.96344067,-0.9989656,-0.41763039,-0.98295807,21,"standing"
-0.37836764,-0.34852776,0.33969693,-0.37070762,-0.76001832,0.16588803,-0.21897059,-0.20689349,-0.20312129,0.88283436,0.55637988,0.65978407,-0.54225164,0.54070361,0.80351488,-0.9556604,-0.58989399,0.86959297,-0.53896986,-0.91050042,-0.51165755,-0.96204842,0.34301538,0.46701214,-0.95664244,-0.541543,-0.95664244,-0.99862738,-0.45344107,-0.97341037,21,"standing"
-0.37829994,-0.34311762,0.33555745,-0.36487341,-0.76796002,0.16011628,-0.20511624,-0.19867324,-0.20287234,0.88917497,0.75921911,0.67246565,-0.6251616,0.62690017,0.80351488,-0.93790652,-0.5995185,0.87473059,-0.6284708,-0.91743746,-0.66312149,-0.94909362,0.31508616,0.63387573,-0.94008172,-0.7724465,-0.94008172,-0.99761199,-0.62617796,-0.97682967,21,"standing"
-0.37829994,-0.34658656,0.34019469,-0.37136256,-0.75913791,0.16464276,-0.20994334,-0.20510847,-0.20287234,0.88639698,0.70704456,0.65985249,-0.63260098,0.63336645,0.8035039,-0.94630347,-0.59019871,0.86962631,-0.63387197,-0.91208745,-0.6040954,-0.95231692,0.34008837,0.56671186,-0.94747014,-0.7212722,-0.94747014,-0.99809834,-0.55434313,-0.98178229,21,"standing"
-0.38211068,-0.34658656,0.3410918,-0.37270641,-0.75734497,0.16726093,-0.20994334,-0.20887312,-0.21311388,0.88639698,-0.0098766473,0.65634003,-0.66712426,0.67004436,0.79876858,-0.9836576,-0.58707242,0.86820881,-0.67267074,-0.90899846,-0.61457077,-0.97766582,0.35107136,0.58279409,-0.98171058,-0.68188285,-0.98171058,-0.99964724,-0.57564083,-0.98665361,21,"standing"
-0.38144793,-0.34103301,0.33638388,-0.36615061,-0.76626359,0.16692016,-0.20981527,-0.20838635,-0.21311388,0.88981474,0.1676753,0.66505776,-0.45172034,0.45610536,0.79876858,-0.9863171,-0.59332253,0.87174151,-0.46048583,-0.909414,-0.36694755,-0.98551855,0.33876085,0.32990046,-0.98560483,-0.34572739,-0.98560483,-0.9997505,-0.33467873,-0.98813293,21,"standing"
-0.38144793,-0.33494157,0.33563294,-0.36513716,-0.76763553,0.16934135,-0.21098196,-0.2118323,-0.21448269,0.89198774,0.12395696,0.66407935,-0.34446797,0.39815041,0.79874796,-0.99124498,-0.59240174,0.87134623,-0.45292896,-0.90647501,-0.36362282,-0.99045814,0.34445642,0.32074048,-0.99113586,-0.37016393,-0.99113586,-0.99987025,-0.31906412,-0.98376833,21,"standing"
-0.37617844,-0.33494157,0.33556857,-0.36495008,-0.76787769,0.16924523,-0.21098196,-0.21163534,-0.21238729,0.89196858,0.45694854,0.66336482,-0.32698816,0.32708679,0.80087838,-0.97575574,-0.59255789,0.87105686,-0.32717164,-0.90663935,-0.43865126,-0.98115466,0.34286565,0.38803445,-0.97773608,-0.46599499,-0.97773608,-0.99952704,-0.37325512,-0.98629934,21,"standing"
-0.37049421,-0.33492054,0.33129814,-0.35884242,-0.77593571,0.16516332,-0.21057734,-0.20576484,-0.20790002,0.89196858,0.41077143,0.67376839,-0.42594351,0.42598274,0.80562708,-0.98156658,-0.60111976,0.87525397,-0.42592331,-0.91158931,-0.35334882,-0.98049819,0.31866403,0.29258408,-0.98187609,-0.38645787,-0.98187609,-0.99965255,-0.27289976,-0.98642811,21,"standing"
-0.37049421,-0.32787718,0.32849611,-0.35503301,-0.78096144,0.16393654,-0.20765359,-0.20409256,-0.20790002,0.89634683,0.27895024,0.68093634,-0.59671448,0.59933609,0.80562708,-0.98783397,-0.60560915,0.87814603,-0.60184445,-0.91300314,-0.3842431,-0.98347081,0.30941191,0.32771545,-0.98669203,-0.32591275,-0.98669203,-0.99977648,-0.31038771,-0.98569941,21,"standing"
-0.3707426,-0.33146472,0.33142484,-0.35913476,-0.77558188,0.16793092,-0.21191044,-0.20975278,-0.20942176,0.89183042,0.22221671,0.67171472,-0.30820059,0.30765709,0.805419,-0.98969796,-0.59881235,0.87442678,-0.30719713,-0.90823388,-0.40560072,-0.98879308,0.32852333,0.35731331,-0.9896327,-0.17381901,-0.9896327,-0.999841,-0.34737579,-0.99140041,21,"standing"
-0.37793982,-0.33159928,0.3341936,-0.36287306,-0.77065845,0.17102529,-0.21244172,-0.21404924,-0.21782673,0.89177893,0.14615026,0.66228783,-0.37297097,0.38177013,0.79963751,-0.98286757,-0.59289891,0.87062133,-0.39068137,-0.9045632,-0.33127159,-0.9768551,0.3428379,0.30936401,-0.98108469,-0.25619878,-0.98108469,-0.99962997,-0.33254081,-0.99121341,21,"standing"
-0.38103707,-0.33306264,0.33510328,-0.3641081,-0.76901334,0.17263252,-0.21801135,-0.21629869,-0.22197757,0.88922219,0.21932676,0.65859839,-0.42256088,0.44230069,0.79569061,-0.97732825,-0.59048618,0.86912774,-0.46215291,-0.90259585,-0.0076594354,-0.97228671,0.34933036,-0.0234372,-0.97134468,-0.076932576,-0.97134468,-0.99930129,-0.011259615,-0.98636285,21,"standing"
-0.38123298,-0.33670227,0.33628229,-0.36577303,-0.76678239,0.17601407,-0.22501815,-0.22108622,-0.22229186,0.88641023,0.032710582,0.65294359,-0.45762177,0.48691102,0.79548222,-0.98008254,-0.5863139,0.86683416,-0.51670037,-0.89832216,-0.047261822,-0.97520016,0.36223387,0.015635014,-0.97631189,-0.090039308,-0.97631189,-0.99948063,-0.048325925,-0.98942015,21,"standing"
-0.38297665,-0.33710035,0.33735446,-0.36740055,-0.76459428,0.1793454,-0.22563197,-0.22587293,-0.22810921,0.88632779,0.21588395,0.6485022,-0.53615107,0.56363484,0.79245275,-0.98843624,-0.58228753,0.86503154,-0.59149487,-0.89400717,-0.48609354,-0.98513367,0.37597769,0.44645877,-0.98745929,-0.4100786,-0.98745929,-0.99979419,-0.43993503,-0.98791631,21,"standing"
-0.38134215,-0.33710035,0.3363859,-0.36597856,-0.76650098,0.17835904,-0.22563197,-0.22443338,-0.22763673,0.88632779,0.28569545,0.65066215,-0.50087047,0.53026976,0.79317883,-0.98582639,-0.58429566,0.8659086,-0.56006319,-0.89531318,-0.42243094,-0.98667749,0.36995609,0.37682258,-0.98617805,-0.33837584,-0.98617805,-0.99976446,-0.36826227,-0.98419318,21,"standing"
0.2787179,0.18342165,-0.11030563,0.28290638,-0.82282209,-0.17378199,0.17085051,0.2793575,0.31205938,0.87257779,-0.71659004,0.6691363,-0.96344485,0.96657914,0.83368369,-0.83898908,-0.59634242,0.8732069,-0.9693621,-0.84919653,-0.97708557,-0.82265082,0.37330492,0.9775585,-0.81214805,-0.98343586,-0.81214805,-0.9806119,-0.97966622,-0.9844126,21,"sitting"
0.27724977,0.29238663,-0.11292348,0.28207138,-0.82582087,-0.15896387,0.23692804,0.25485658,0.30279392,0.87257779,-0.41370662,0.63422275,-0.90256472,0.90448185,0.79454921,-0.90138971,-0.6074377,0.85919995,-0.90603599,-0.8759408,-0.749285,-0.91256278,0.27863471,0.72642045,-0.89780364,-0.9081166,-0.89780364,-0.99378523,-0.71953578,-0.98928085,21,"sitting"
0.24187071,0.29238663,-0.10667799,0.27289976,-0.83665469,-0.14746886,0.23692804,0.23856604,0.23066154,0.87917555,0.060727238,0.65193639,-0.35471491,0.34953523,0.79464537,-0.99266677,-0.62521498,0.86642274,-0.344243,-0.89267068,-0.80927303,-0.99025711,0.22408763,0.8033956,-0.98999505,-0.83673135,-0.98999505,-0.99984828,-0.81031352,-0.99273007,21,"sitting"
0.24400232,0.29538357,-0.10895807,0.2765094,-0.83258116,-0.14821336,0.23906507,0.23994244,0.23066154,0.88728913,-0.34157937,0.65254016,-0.24547334,0.24632393,0.79464537,-0.9886282,-0.6218716,0.86667072,-0.24693015,-0.8914086,-0.20204869,-0.984149,0.23804471,0.21502035,-0.98637705,-0.39118898,-0.98637705,-0.99976877,-0.28479755,-0.99044899,21,"sitting"
0.24400232,0.29951625,-0.11032505,0.27835651,-0.83048124,-0.14500218,0.23034951,0.2354422,0.2301811,0.88728913,-0.33876291,0.65350024,-0.18934102,0.1889128,0.79683082,-0.98734459,-0.62312561,0.86705953,-0.18851586,-0.89551025,-0.10339946,-0.98337709,0.23178345,0.12444002,-0.98499193,-0.40997302,-0.98499193,-0.99973529,-0.20951786,-0.9922317,21,"sitting"
0.24463641,0.30079393,-0.11035167,0.27855445,-0.83025517,-0.14074215,0.22968,0.22964748,0.22555104,0.88821022,-0.25185352,0.66001876,-0.13180073,0.12729113,0.7970971,-0.99162006,-0.62683457,0.86970237,-0.12276599,-0.90072727,0.21588558,-0.98924833,0.22191911,-0.28325824,-0.99034112,-0.32319269,-0.99034112,-0.99985531,0.27052858,-0.99759781,21,"sitting"
0.24690819,0.30079393,-0.11133209,0.27976287,-0.8288657,-0.13989335,0.22968,0.2283492,0.21912351,0.88865646,-0.26494734,0.65771148,-0.076267614,0.072783366,0.7970971,-0.99570194,-0.62639935,0.86876727,-0.069063616,-0.90188974,-0.14220592,-0.99458131,0.21993348,0.07600884,-0.99488762,-0.45723341,-0.99488762,-0.99993493,-0.064962651,-0.99616164,21,"sitting"
0.24690819,0.30232443,-0.11222656,0.28087661,-0.82758646,-0.14028073,0.22973533,0.22878953,0.21912351,0.88865646,-0.16263451,0.65446573,0.017561777,-0.019440224,0.79401608,-0.99197466,-0.6249928,0.86745267,0.021479788,-0.90150226,-0.19959533,-0.98964188,0.22160664,0.15316127,-0.99027205,-0.2398848,-0.99027205,-0.99985344,-0.15930605,-0.99632264,21,"sitting"
0.24675465,0.30273204,-0.11208215,0.28069258,-0.82779905,-0.13925458,0.22787351,0.22737623,0.21875913,0.88900269,-0.22557071,0.65599752,-0.12908828,0.13047044,0.79401608,-0.99370616,-0.62605175,0.86807399,-0.13161016,-0.90274506,0.021761198,-0.99166986,0.21852524,-0.076538126,-0.99152525,-0.3590794,-0.99152525,-0.99987793,0.064006207,-0.99615616,21,"sitting"
0.24628041,0.30272485,-0.11203748,0.2806537,-0.82784401,-0.13751214,0.22495557,0.22497106,0.21637682,0.89019799,-0.28747162,0.65821925,-0.34066511,0.34550285,0.7958796,-0.99581456,-0.6276013,0.8689742,-0.35011563,-0.9048399,0.10306099,-0.99496915,0.21372392,-0.18258013,-0.99486607,-0.19274968,-0.99486607,-0.99993459,0.19105041,-0.99569854,21,"sitting"
0.24706278,0.30268828,-0.11203151,0.28070611,-0.82778332,-0.13683532,0.22495557,0.22407416,0.21716641,0.89045819,-0.18114204,0.65963318,-0.13784974,0.14187281,0.7958796,-0.99336381,-0.62818664,0.86954706,-0.14588813,-0.90561739,0.0068699161,-0.99103443,0.21257124,-0.083743736,-0.99209847,-0.30132042,-0.99209847,-0.99988807,0.095646867,-0.99795253,21,"sitting"
0.24722179,0.30268828,-0.11237634,0.28124,-0.82716688,-0.13805534,0.22499384,0.22581084,0.21756862,0.89042555,-0.25494224,0.65838567,-0.010680393,0.010990986,0.795799,-0.99334641,-0.62672839,0.86904177,-0.011180963,-0.90410822,-0.25325221,-0.99061537,0.21768998,0.19119949,-0.99278897,-0.24448888,-0.99278897,-0.99990072,-0.17670597,-0.99566817,21,"sitting"
0.24722179,0.30360862,-0.1126277,0.2815231,-0.82684047,-0.13779555,0.22604121,0.22540052,0.21756862,0.88964177,-0.33710683,0.65754539,-0.41622617,0.4223369,0.79508182,-0.99241123,-0.6266481,0.86870131,-0.42819341,-0.90446619,-0.0082070918,-0.99133177,0.21670768,-0.069885595,-0.99151762,-0.52707371,-0.99151762,-0.99987775,0.085034967,-0.991201,21,"sitting"
0.24908201,0.30360862,-0.11309108,0.28204057,-0.8262407,-0.13828248,0.22604121,0.22598426,0.2205616,0.88759852,-0.28061785,0.65490628,-0.36482719,0.3753467,0.79508182,-0.98869351,-0.62567341,0.867631,-0.38587876,-0.90395076,-0.023440631,-0.98825071,0.21761456,-0.034181685,-0.9889628,-0.57832389,-0.9889628,-0.99982708,0.027538391,-0.99380362,21,"sitting"
0.25257368,0.30468049,-0.11478025,0.28439438,-0.82349917,-0.1410581,0.22722154,0.22984494,0.22101351,0.88541575,-0.032289505,0.64933858,-0.20973215,0.23527424,0.79290988,-0.99056695,-0.62125735,0.86537092,-0.26144605,-0.90055879,-0.071314479,-0.98702532,0.22997663,0.043158311,-0.98892376,-0.56350539,-0.98892376,-0.9998263,-0.078202468,-0.99439675,21,"sitting"
0.2537749,0.30683548,-0.11685237,0.28721209,-0.82019847,-0.14223822,0.23375725,0.23143908,0.22101351,0.88451387,0.026098218,0.64417725,-0.30032405,0.31730828,0.79079887,-0.99161472,-0.61774902,0.86327288,-0.33457407,-0.89915098,-0.0085511889,-0.98873195,0.23785368,-0.0055728474,-0.99073128,-0.29875455,-0.99073128,-0.99986293,-0.048859978,-0.99399274,21,"sitting"
0.25393591,0.31034335,-0.11792413,0.28868614,-0.81846152,-0.14243966,0.23374267,0.23170899,0.22370457,0.88395341,0.1363806,0.64214443,-0.1707976,0.17480707,0.78858296,-0.99323557,-0.61628539,0.86244583,-0.17861032,-0.89890835,-0.14683742,-0.99201332,0.24098748,0.17368728,-0.99287063,-0.17224959,-0.99287063,-0.9999021,-0.26169617,-0.99454888,21,"sitting"
0.25396862,0.31141852,-0.1181638,0.28903203,-0.8180522,-0.14430123,0.23374267,0.23430189,0.2263302,0.88242206,-0.21274791,0.63983196,-0.17438112,0.18102871,0.78835982,-0.99290741,-0.6143906,0.86150362,-0.18771782,-0.89656707,-0.057769595,-0.98995446,0.24704339,0.086350494,-0.99199315,-0.094165079,-0.99199315,-0.9998866,-0.180719,-0.99769444,21,"sitting"
-0.00084347321,-0.072110452,0.13461686,-0.073989839,-0.99167533,0.052598884,-0.14552674,-0.043975158,0.064251522,0.97932269,0.44384223,0.9079397,-0.62057394,0.64517253,0.90884588,-0.54691642,-0.92921657,0.96658256,-0.67006477,-0.98033266,-0.8788357,-0.68515854,-0.59789726,0.87092881,-0.5564766,-0.93859825,-0.5564766,-0.89812628,-0.87093998,-0.94420837,21,"sitting"
-0.092499465,-0.072110452,0.14224753,-0.0855119,-0.99095671,0.10598574,-0.14552674,-0.12062427,-0.064107029,0.97932269,0.31222112,0.90467929,-0.44096658,0.45374605,0.89701202,-0.9339222,-0.8630507,0.96536314,-0.46649715,-0.96743713,-0.47115463,-0.91934129,-0.47782352,0.42675413,-0.92743502,-0.89800537,-0.92743502,-0.99665389,-0.4162154,-0.93129418,21,"sitting"
-0.091650995,-0.058226048,0.13267083,-0.071537156,-0.99443285,0.095202349,-0.14148618,-0.1053736,-0.098630728,0.98549399,0.13696919,0.91870541,-0.27428606,0.30453141,0.89713877,-0.93049749,-0.88283566,0.97066274,-0.33537911,-0.9750752,-0.36268405,-0.9214662,-0.5463336,0.31301995,-0.92211437,-0.66198237,-0.92211437,-0.99620354,-0.30443162,-0.96042597,21,"sitting"
-0.083876058,-0.042967576,0.12922368,-0.066449758,-0.99546286,0.08824112,-0.095330484,-0.095365486,-0.098630728,0.99101038,0.37140562,0.9213038,-0.43256796,0.45904512,0.89732936,-0.96870884,-0.89376626,0.97164201,-0.48529424,-0.97981583,-0.19154824,-0.95856551,-0.58500832,0.11934173,-0.96008546,-0.77417732,-0.96008546,-0.99880435,-0.098320677,-0.97894475,21,"sitting"
-0.08266003,-0.042468057,0.12542306,-0.060879483,-0.99642666,0.089542399,-0.095831748,-0.097245365,-0.10023675,0.99104163,0.42282447,0.92229405,-0.33702317,0.41806295,0.89772827,-0.97411265,-0.8944026,0.97201468,-0.5001363,-0.97906914,-0.53594514,-0.96524714,-0.59439525,0.50285906,-0.96902953,-0.60772357,-0.96902953,-0.99920921,-0.49992034,-0.98484691,21,"sitting"
-0.08266003,-0.030142249,0.12300983,-0.057328414,-0.9970291,0.088803209,-0.1018532,-0.096168585,-0.098905265,0.99078956,0.26631204,0.92245973,-0.41478012,0.49351063,0.89773254,-0.95367444,-0.89668261,0.972077,-0.57340577,-0.97948216,-0.5270095,-0.94392602,-0.60679599,0.54234794,-0.95019222,-0.56238419,-0.95019222,-0.9982642,-0.59032212,-0.98228364,21,"sitting"
-0.079656508,-0.03001155,0.12278487,-0.056988751,-0.9970786,0.089398304,-0.10235988,-0.096994522,-0.096578327,0.99059899,0.00039712048,0.92127064,-0.45646056,0.50209121,0.89791443,-0.95765932,-0.89602765,0.97162941,-0.54839206,-0.97911736,-0.21661223,-0.94648529,-0.60637211,0.18724709,-0.95046416,-0.58511755,-0.95046416,-0.99827997,-0.2103585,-0.98499998,21,"sitting"
-0.074932484,-0.029942436,0.12029592,-0.053338065,-0.99757983,0.085965337,-0.10235988,-0.092095021,-0.093505638,0.99059899,-0.16730288,0.92382086,-0.37002124,0.41081325,0.8995016,-0.96676563,-0.90178369,0.97258857,-0.45215396,-0.98100586,-0.1666955,-0.96867047,-0.62753337,0.10840013,-0.96293738,-0.63440105,-0.96293738,-0.9989413,-0.10421415,-0.98893132,21,"sitting"
-0.074932484,-0.027491316,0.11896379,-0.051384435,-0.99785232,0.078861393,-0.085366173,-0.08193811,-0.078222296,0.99286168,-0.13349507,0.92765129,-0.27780891,0.34798733,0.89955397,-0.97238315,-0.91173682,0.9740292,-0.41909572,-0.98478561,-0.2394318,-0.97004646,-0.65720841,0.17183912,-0.97131945,-0.63524323,-0.97131945,-0.99930032,-0.15252817,-0.98583196,21,"sitting"
-0.068286726,-0.027491316,0.1188535,-0.05120524,-0.99786067,0.074403699,-0.082410752,-0.075514192,-0.076862154,0.99312513,-0.03394329,0.92757212,-0.33284735,0.38026651,0.89955397,-0.95911424,-0.91756643,0.97399946,-0.42794058,-0.98692358,-0.44501242,-0.95642515,-0.67491738,0.39515206,-0.95977215,-0.54580731,-0.95977215,-0.99878879,-0.38073463,-0.98344444,21,"sitting"
-0.0635522,-0.027373935,0.11400911,-0.044092819,-0.99861559,0.080145827,-0.095920755,-0.083721603,-0.076862154,0.99239787,-0.19986844,0.92550633,-0.35792658,0.38530116,0.89903598,-0.95571317,-0.91236481,0.97322291,-0.41259587,-0.98394349,-0.51801555,-0.96062036,-0.67379445,0.47163971,-0.95783736,-0.64902922,-0.95783736,-0.99869011,-0.45573068,-0.97957686,21,"sitting"
-0.0635522,-0.017814522,0.11196114,-0.041103796,-0.99896027,0.085899911,-0.095920755,-0.092019542,-0.091604048,0.99239787,0.26958656,0.9258716,-0.25794178,0.29418909,0.89941059,-0.97273294,-0.90538384,0.97336017,-0.33081319,-0.98109613,-0.48623667,-0.966713,-0.65947488,0.44291907,-0.97014962,-0.53876659,-0.97014962,-0.99925447,-0.43228539,-0.98645003,21,"sitting"
-0.066537533,-0.018246088,0.11433234,-0.044588913,-0.99864171,0.082135232,-0.094329189,-0.086641946,-0.091247258,0.99285284,0.34906374,0.92769904,-0.23361075,0.30203886,0.89941059,-0.97717273,-0.9095715,0.97404716,-0.37173267,-0.98313042,-0.37893503,-0.97031408,-0.66305891,0.33785641,-0.97363267,-0.57438402,-0.97363267,-0.99938667,-0.33728065,-0.9889929,21,"sitting"
-0.063366392,-0.018246088,0.11316132,-0.042859077,-0.99879918,0.081762995,-0.087953205,-0.086073321,-0.091247258,0.99248218,-0.25296671,0.92652396,-0.27216471,0.29612421,0.89935466,-0.98641031,-0.910535,0.97360544,-0.32021536,-0.98335858,-0.30278456,-0.98456493,-0.67012528,0.24026923,-0.98554924,-0.49533733,-0.98554924,-0.99974879,-0.22223047,-0.99229179,21,"sitting"
-0.063176714,-0.016832052,0.11046534,-0.038896705,-0.99915522,0.083818345,-0.088112503,-0.088997075,-0.093505146,0.99248218,-0.021125012,0.92523021,-0.27266792,0.29089288,0.89888709,-0.9875189,-0.90870165,0.97311915,-0.30900254,-0.98228993,-0.41306977,-0.98512618,-0.6740082,0.36181989,-0.98647456,-0.44530588,-0.98647456,-0.9997713,-0.34809092,-0.99360604,21,"sitting"
-0.063176714,-0.014255808,0.11034521,-0.038711876,-0.99917589,0.081468097,-0.088112503,-0.085598665,-0.087396958,0.99253216,-0.070701124,0.92477589,-0.3457027,0.40048652,0.89843934,-0.98754813,-0.91193516,0.97294833,-0.45584103,-0.98350542,-0.61193586,-0.98457505,-0.68391939,0.59274505,-0.98679143,-0.57009725,-0.98679143,-0.99977878,-0.59910921,-0.9965665,21,"sitting"
-0.065436032,-0.021493595,0.11335939,-0.043126664,-0.99876631,0.077670428,-0.083720797,-0.080137919,-0.086260058,0.99253216,0.046247727,0.92476596,-0.37175918,0.45769288,0.8986559,-0.98608979,-0.91594173,0.97294459,-0.54503212,-0.98544577,-0.65610768,-0.98281498,-0.68652921,0.63016922,-0.9849366,-0.45777846,-0.9849366,-0.99973404,-0.62646638,-0.99732179,21,"sitting"
-0.06815654,-0.021508947,0.11579624,-0.046714742,-0.99841092,0.076066892,-0.076343739,-0.077883961,-0.084867414,0.99269555,0.21521342,0.92690538,-0.44171567,0.47686748,0.90022303,-0.9857505,-0.91698256,0.97374876,-0.51260766,-0.98620866,-0.5186247,-0.98341706,-0.68126174,0.47570435,-0.98560476,-0.27025558,-0.98560476,-0.99975032,-0.46353534,-0.99333784,21,"sitting"
-0.059954252,-0.021508947,0.11296052,-0.042566926,-0.99879159,0.076774161,-0.08017269,-0.078944038,-0.084867414,0.99350186,0.18728389,0.929206,-0.32643017,0.33760767,0.90039115,-0.98883812,-0.91730421,0.97461324,-0.34889091,-0.98584833,-0.24951389,-0.98489506,-0.68803065,0.18192084,-0.98667378,-0.32392899,-0.98667378,-0.9997761,-0.16232603,-0.99355834,21,"sitting"
-0.059068224,-0.015971412,0.1080497,-0.035345737,-0.99940359,0.078205691,-0.080185283,-0.080948199,-0.085993133,0.99242386,0.031589959,0.92713803,-0.33104782,0.34051248,0.90039115,-0.98974808,-0.91708554,0.97383594,-0.34990853,-0.9851744,-0.41781156,-0.98653295,-0.70378008,0.3668253,-0.98698881,-0.24049379,-0.98698881,-0.99978327,-0.35309099,-0.99296472,21,"sitting"
0.63794582,0.6253643,-0.3868318,0.6211301,-0.21134257,-0.59520954,0.5246699,0.767219,0.81053228,-0.2038571,0.17475778,-0.92339839,-0.96171402,0.96421707,-0.11878138,-0.77430316,0.38765973,-0.19033229,-0.96636426,0.15755054,-0.78906582,-0.75003434,0.55026878,0.77576919,-0.74453211,-0.96931721,-0.74453211,-0.96509579,-0.77620282,-0.8099114,21,"laying"
0.57589613,0.62044066,-0.37460903,0.61447816,-0.22804602,-0.59812665,0.75829524,0.77845705,0.81027375,-0.19085178,0.43700542,-0.89751038,-0.81558606,0.8144368,-0.17185151,-0.79546771,0.35610419,-0.14361112,-0.81297826,0.18230204,-0.66467783,-0.78573665,0.65207553,0.67510947,-0.79241681,-0.73248468,-0.79241681,-0.97655865,-0.7096237,-0.89338926,21,"laying"
0.57569287,0.61596083,-0.37007411,0.6049417,-0.25110977,-0.59805982,0.75829524,0.77300389,0.7758062,-0.11915643,0.46223915,-0.88834539,-0.94933076,0.95030932,-0.17185151,-0.92769886,0.34204571,-0.12675247,-0.95090828,0.16496672,-0.78236141,-0.91246227,0.64402511,0.77742653,-0.91142253,-0.90681451,-0.91142253,-0.99521062,-0.78732053,-0.93100314,21,"laying"
0.56712074,0.61596083,-0.36650509,0.60276005,-0.25640169,-0.60701938,0.77471529,0.78365891,0.7758062,-0.11915643,0.57323077,-0.90159384,-0.88031558,0.87912205,-0.18681222,-0.95068027,0.35807222,-0.14762406,-0.87755203,0.19724553,-0.52189127,-0.95065024,0.62643677,0.48116661,-0.94891443,-0.64061848,-0.94891443,-0.99818694,-0.4710383,-0.95989122,21,"laying"
0.56753874,0.61822266,-0.37086515,0.60826382,-0.2431771,-0.60095623,0.77648558,0.7786986,0.77481447,-0.11889398,0.68076321,-0.89730779,-0.85789501,0.85708359,-0.19934357,-0.97117157,0.35308355,-0.14050194,-0.85591092,0.18201516,-0.48566214,-0.96889157,0.64182399,0.44052188,-0.97116401,-0.65004489,-0.97116401,-0.99929433,-0.42830794,-0.98568949,21,"laying"
0.56753874,0.62136787,-0.3706592,0.60776973,-0.24437567,-0.60071314,0.77648558,0.77815059,0.76827188,-0.10743393,-0.0022558332,-0.89629504,-0.69659699,0.69512888,-0.19934357,-0.98837809,0.35170885,-0.1387584,-0.69335174,0.18031422,-0.15887158,-0.98729495,0.64237063,0.079531682,-0.98832298,-0.51376717,-0.98832298,-0.99981335,-0.05355312,-0.99642873,21,"laying"
0.56410869,0.61939187,-0.36744778,0.60368099,-0.25422351,-0.60680646,0.78013503,0.78326965,0.77176348,-0.1136039,0.61630648,-0.90366472,-0.75955535,0.76413427,-0.20714189,-0.96054599,0.36039503,-0.15088843,-0.76854963,0.19600071,-0.11162329,-0.95743349,0.62162038,0.078944098,-0.95688822,-0.55221845,-0.95688822,-0.99864017,-0.10627882,-0.98815347,21,"laying"
0.56339063,0.61939187,-0.36699144,0.60300348,-0.25584991,-0.60753986,0.77939583,0.78374968,0.77176348,-0.1136039,0.34777281,-0.904398,-0.69427443,0.69579726,-0.20747456,-0.95138467,0.36123657,-0.15212399,-0.69709799,0.19748081,-0.32208927,-0.94240344,0.61868727,0.32317875,-0.94888834,-0.43408048,-0.94888834,-0.9981857,-0.37172544,-0.97728214,21,"laying"
0.56420628,0.61948702,-0.36938832,0.60578754,-0.24915927,-0.60269884,0.778196,0.77933511,0.7716224,-0.11320454,0.18694591,-0.89823941,-0.66178207,0.66314202,-0.20473011,-0.97472955,0.35381171,-0.14192472,-0.66429458,0.18394002,-0.26076472,-0.96508766,0.63406425,0.28886788,-0.96533841,-0.41306689,-0.96533841,-0.99904983,-0.37054362,-0.98388513,21,"laying"
0.56420628,0.62397301,-0.37034773,0.60716812,-0.24584135,-0.60041375,0.778196,0.77756518,0.76484817,-0.096263879,0.12871081,-0.89485414,-0.71537645,0.72528759,-0.20473011,-0.97927624,0.34984867,-0.13634632,-0.73495996,0.17850761,-0.2695548,-0.96962752,0.64381093,0.34267111,-0.97321189,-0.48869386,-0.97321189,-0.99937122,-0.47128895,-0.98244649,21,"laying"
0.56367106,0.62146375,-0.36881962,0.6057161,-0.24933792,-0.6032538,0.78000653,0.78056551,0.76955838,-0.10544957,0.34183624,-0.89802191,-0.61249239,0.61838985,-0.20530119,-0.98447913,0.35373884,-0.14151779,-0.6242587,0.18769478,0.095901818,-0.98201695,0.63794048,-0.030273076,-0.98292498,-0.41049493,-0.98292498,-0.99968147,-0.11667806,-0.98682049,21,"laying"
0.5623816,0.62003749,-0.3668126,0.60360978,-0.25439838,-0.6070711,0.78240306,0.7843317,0.77155229,-0.10841848,0.4351298,-0.9025101,-0.5235377,0.52703972,-0.21044661,-0.99300027,0.35920404,-0.14891392,-0.53056438,0.19926443,-0.040724418,-0.99034914,0.62806173,0.035301135,-0.99183523,-0.27249009,-0.99183523,-0.99988359,-0.096718107,-0.99215822,21,"laying"
0.56050613,0.62003749,-0.36577418,0.60269125,-0.25660242,-0.60895171,0.78711771,0.78640425,0.77160283,-0.10868701,0.41195121,-0.90454173,-0.47848434,0.49290633,-0.21968823,-0.98863309,0.36177871,-0.15230845,-0.50743284,0.20564896,-0.15138327,-0.9834587,0.62457788,0.19098015,-0.98732294,-0.31632939,-0.98732294,-0.99979079,-0.29264348,-0.98324606,21,"laying"
0.56128987,0.6200692,-0.36653086,0.60375214,-0.25405804,-0.60776252,0.78506086,0.7855526,0.77160283,-0.10868701,0.48359161,-0.90340407,-0.68392269,0.70183071,-0.21492473,-0.97764969,0.36046584,-0.15040333,-0.71984172,0.20302374,-0.12089367,-0.96938829,0.62884662,0.13854034,-0.97338372,-0.38919258,-0.97338372,-0.99937778,-0.21848081,-0.98018852,21,"laying"
0.56386583,0.62208492,-0.36841904,0.6054806,-0.24990502,-0.60412546,0.77822692,0.78165015,0.77113521,-0.10665683,0.51687934,-0.89913228,-0.70551726,0.70916884,-0.20346603,-0.97295084,0.35515719,-0.14334372,-0.71263701,0.1910315,-0.18201461,-0.96506722,0.63668802,0.1654544,-0.96812122,-0.30749247,-0.96812122,-0.99917187,-0.20443095,-0.97701384,21,"laying"
0.56386583,0.62091407,-0.36928929,0.60591753,-0.2488525,-0.60213023,0.77822692,0.77910679,0.76899122,-0.10438577,0.51751727,-0.89648771,-0.66328762,0.66198668,-0.20343457,-0.97121958,0.35177741,-0.13901084,-0.66042553,0.1832288,-0.26700504,-0.96151533,0.63941041,0.24509043,-0.96744534,-0.29385404,-0.96744534,-0.99914344,-0.27285813,-0.97935947,21,"laying"
0.56384078,0.62044227,-0.36812739,0.60471608,-0.25174016,-0.60420729,0.77822826,0.78118801,0.77022189,-0.10662395,0.63882965,-0.89871687,-0.71655323,0.71459838,-0.20343457,-0.96168747,0.35449911,-0.14267213,-0.71227633,0.18961259,-0.33184883,-0.95944534,0.63466842,0.28596022,-0.96166522,-0.36606978,-0.96166522,-0.99888167,-0.28349231,-0.97770489,21,"laying"
0.56400027,0.62015638,-0.36831814,0.60492957,-0.25122543,-0.60384208,0.77847305,0.78084423,0.77022189,-0.10809262,0.75977999,-0.8982676,-0.63076881,0.62782189,-0.20131393,-0.94918083,0.35397658,-0.14195853,-0.62448142,0.18856019,-0.46415104,-0.95156334,0.63570178,0.42134068,-0.95086329,-0.24675564,-0.95086329,-0.99830389,-0.41286257,-0.97408737,21,"laying"
0.56400027,0.61833126,-0.36765501,0.60377597,-0.25398927,-0.60561718,0.77847305,0.78199346,0.77244443,-0.11583703,0.70094997,-0.90114885,-0.75519771,0.75421142,-0.20131393,-0.94646393,0.35735466,-0.1467963,-0.75280763,0.19209855,-0.30894638,-0.94674147,0.62633717,0.25195373,-0.94708141,-0.4449704,-0.94708141,-0.99807421,-0.23901888,-0.97351536,21,"laying"
0.56212988,0.61833126,-0.36716595,0.60312424,-0.25555874,-0.60696493,0.78108534,0.78312117,0.77244443,-0.11583703,0.60293629,-0.903407,-0.76533081,0.76608539,-0.21137166,-0.95133056,0.35999384,-0.15046146,-0.76636164,0.19554866,-0.24137407,-0.94682315,0.62053273,0.17958237,-0.95082744,-0.33686679,-0.95082744,-0.9983017,-0.16597737,-0.97519027,21,"laying"
0.56212988,0.62011288,-0.36769162,0.60369758,-0.25418789,-0.60530557,0.78108534,0.78155511,0.76918537,-0.1068175,0.53817979,-0.90057729,-0.68167504,0.68278891,-0.20994016,-0.96199685,0.35650836,-0.14570086,-0.6833452,0.19072603,-0.27323167,-0.95575666,0.62705944,0.22641042,-0.96048995,-0.49502844,-0.96048995,-0.99882441,-0.22635116,-0.97659573,21,"laying"
0.56011509,0.61845035,-0.36641185,0.60237282,-0.25736356,-0.60687487,0.78242838,0.78317338,0.77226416,-0.10940133,0.60486292,-0.90120798,-0.60264801,0.60159688,-0.20993434,-0.96282304,0.35733196,-0.14675808,-0.60001865,0.19570176,-0.23409969,-0.95650622,0.62575309,0.18874784,-0.96152194,-0.46592714,-0.96152194,-0.99887479,-0.19276781,-0.98008093,21,"laying"
0.56219661,0.61845035,-0.36640875,0.60273119,-0.2565019,-0.60665513,0.78040279,0.78342377,0.77226416,-0.10940133,0.58290616,-0.90051084,-0.72057473,0.71914982,-0.20449521,-0.96705637,0.35664458,-0.14562485,-0.71732452,0.19647828,-0.22555165,-0.96199023,0.62957445,0.16705318,-0.96394992,-0.28627987,-0.96394992,-0.99898907,-0.15828108,-0.98307947,21,"laying"
0.56220413,0.61858591,-0.36748197,0.60383563,-0.2538548,-0.60470689,0.78003325,0.78147056,0.77218628,-0.10915551,-0.25645899,-0.89836277,-0.39391916,0.39871168,-0.20411551,-0.82881084,0.35401938,-0.14209275,-0.40339624,0.19047744,0.15178664,-0.80221767,0.63414656,-0.17045346,-0.78870066,0.23372848,-0.78870066,-0.97569151,0.11253867,-0.93069726,21,"laying"
0.61084229,0.6066596,-0.38732621,0.62080724,-0.21129991,-0.5867404,0.67132985,0.75822843,0.78957747,-0.17860981,0.3587411,-0.89795173,-0.94236831,0.94234219,0.036292039,-0.63168403,0.36113902,-0.15454841,-0.94192772,0.12459117,-0.85833733,-0.59341098,0.59417885,0.86551564,-0.57273126,-0.93923368,-0.57273126,-0.90527096,-0.88297605,-0.81013861,21,"laying"
0.57719562,0.6066596,-0.36213937,0.59743103,-0.26904086,-0.62388469,0.77831131,0.798599,0.78957747,-0.17860981,0.13342504,-0.93323255,-0.93136265,0.9382787,-0.26064831,-0.96641277,0.39987799,-0.20532653,-0.94490665,0.2436749,-0.71344065,-0.9556071,0.54092781,0.68752112,-0.95641237,-0.91390669,-0.95641237,-0.99861387,-0.67980835,-0.93556319,21,"laying"
0.55887669,0.60843491,-0.36308637,0.59951326,-0.26417455,-0.6239329,0.7995808,0.79992571,0.7876122,-0.18116168,0.29913211,-0.93553473,-0.88932171,0.88930002,-0.26064831,-0.95568588,0.40367103,-0.21014225,-0.88888318,0.24777378,-0.77395732,-0.96451043,0.54086706,0.75490316,-0.95915261,-0.12844343,-0.95915261,-0.99875762,-0.75033504,-0.9544011,21,"laying"
0.55890111,0.61860036,-0.36499171,0.60155573,-0.2593194,-0.6236355,0.79956514,0.79947948,0.78640613,-0.18116168,0.56767355,-0.93990957,-0.89699084,0.89763077,-0.2817064,-0.97611304,0.40999899,-0.21896931,-0.897883,0.24637219,-0.49557874,-0.98094249,0.52824737,0.45556204,-0.97819192,-0.13807474,-0.97819192,-0.99954217,-0.44760619,-0.98978285,21,"laying"
0.55890111,0.61780047,-0.36520393,0.60155551,-0.25931971,-0.62272124,0.79956514,0.79834509,0.78635205,-0.17622685,0.42321064,-0.93821202,-0.80934811,0.80965104,-0.2817064,-0.97319228,0.40730471,-0.21533674,-0.80964122,0.24280991,0.02224823,-0.97956737,0.53220081,-0.10168618,-0.97537266,-0.39320452,-0.97537266,-0.99944863,0.11501576,-0.99387657,21,"laying"
0.55875869,0.61514943,-0.36319102,0.59958758,-0.26401209,-0.62660248,0.79970318,0.80226399,0.79269016,-0.19422663,0.75129142,-0.94266926,-0.83807261,0.8378778,-0.28217794,-0.96582958,0.41441561,-0.22505689,-0.83731976,0.25515731,-0.17288135,-0.96789373,0.51863698,0.10469326,-0.96568607,-0.43991848,-0.96568607,-0.99906706,-0.089625082,-0.98616289,21,"laying"
0.55882473,0.61514943,-0.36233886,0.59884995,-0.26577004,-0.62804488,0.79706219,0.80386451,0.79269016,-0.19422663,0.79522266,-0.94404678,-0.79881587,0.79669109,-0.27269477,-0.93903142,0.41669365,-0.22812285,-0.79420695,0.26020434,-0.090830815,-0.95860464,0.5150149,0.0027100192,-0.94420567,-0.61165811,-0.94420567,-0.99789025,0.027956574,-0.97783326,21,"laying"
0.55914876,0.61525261,-0.36456801,0.60077496,-0.2611799,-0.62312909,0.79585051,0.79864399,0.79252797,-0.19335488,0.88356252,-0.93747433,-0.82288404,0.8208398,-0.27013486,-0.95172877,0.40637327,-0.21406923,-0.81842814,0.24378683,-0.14308831,-0.96028197,0.53331717,0.058433724,-0.95455596,-0.56352515,-0.95455596,-0.99851433,-0.02781458,-0.99660823,21,"laying"
0.55914876,0.6138962,-0.36365564,0.59954181,-0.26411418,-0.62504115,0.79585051,0.8001197,0.79184592,-0.19261285,0.84793626,-0.9399286,-0.90947992,0.90938342,-0.27013486,-0.96262507,0.41014454,-0.21937151,-0.90889736,0.24842987,-0.44891692,-0.96750917,0.52371565,0.39742488,-0.96420465,-0.46180524,-0.96420465,-0.99900043,-0.38080022,-0.98550977,21,"laying"
0.56004893,0.6138962,-0.36240629,0.59840431,-0.26682487,-0.62743281,0.79550476,0.80264081,0.79184592,-0.19261285,0.86613437,-0.94274003,-0.76963233,0.76701396,-0.26789823,-0.93842224,0.4145209,-0.22531769,-0.76404102,0.25634701,-0.3089404,-0.95533629,0.51592908,0.24125467,-0.9440125,-0.491374,-0.9440125,-0.99787757,-0.21720901,-0.97827915,21,"laying"
0.56044433,0.61413458,-0.36488086,0.60106645,-0.26047746,-0.62243601,0.7944933,0.79793474,0.79153558,-0.19076639,0.9218519,-0.93654076,-0.85173197,0.8498419,-0.26636712,-0.94826028,0.40495358,-0.21213165,-0.84757768,0.24156343,-0.33269671,-0.95414821,0.53593942,0.26673138,-0.94941655,-0.30830403,-0.94941655,-0.9982176,-0.24284874,-0.98633802,21,"laying"
0.56044433,0.61476899,-0.36373728,0.59999671,-0.2630277,-0.62514311,0.7944933,0.80067616,0.7922726,-0.19201079,0.91018375,-0.9403052,-0.88618484,0.88556887,-0.26636712,-0.95154752,0.41086818,-0.2202252,-0.88455253,0.25019506,-0.28151751,-0.9636112,0.52479629,0.21175315,-0.95573114,-0.3906956,-0.95573114,-0.99857857,-0.18715785,-0.98161993,21,"laying"
0.55809666,0.61476899,-0.36254651,0.59910311,-0.26516581,-0.62709285,0.80093159,0.80303189,0.7922726,-0.19201079,0.89882456,-0.94217764,-0.88189365,0.88214419,-0.2786043,-0.9531258,0.41374129,-0.22401789,-0.88198752,0.25756752,-0.26216624,-0.97147617,0.52137116,0.19154079,-0.95845968,-0.19418081,-0.95845968,-0.99872229,-0.16722366,-0.97988096,21,"laying"
0.55809666,0.61486544,-0.36268424,0.59925333,-0.26480849,-0.62666704,0.80093159,0.80264036,0.79142621,-0.18999284,0.90120748,-0.94147651,-0.62409852,0.62133195,-0.2786043,-0.95580769,0.41261615,-0.22245952,-0.61812756,0.25632899,-0.10230102,-0.97017196,0.52372955,0.014945513,-0.96044123,-0.10827988,-0.96044123,-0.99882203,0.01612609,-0.98159075,21,"laying"
0.55870361,0.61486544,-0.36274614,0.59924319,-0.26483139,-0.62689956,0.80069259,0.80274391,0.79142621,-0.18999284,0.88779573,-0.94225207,-0.53187332,0.52776962,-0.27978656,-0.95997666,0.41378562,-0.22411553,-0.52325545,0.25665659,-0.04522616,-0.97200892,0.5207943,-0.048314727,-0.9638687,-0.01987834,-0.9638687,-0.99898537,0.081918117,-0.98215118,21,"laying"
0.55870361,0.61362303,-0.3630427,0.5995727,-0.26404468,-0.62614194,0.80069259,0.80205127,0.79158067,-0.18954334,0.86844792,-0.94111433,-0.79633419,0.79453127,-0.27978656,-0.96925633,0.41199452,-0.2216345,-0.79234292,0.25447185,-0.16247417,-0.97863513,0.52460922,0.079768355,-0.97274349,-0.13063482,-0.97274349,-0.99935431,-0.049778306,-0.98381998,21,"laying"
0.55835787,0.61361153,-0.36154959,0.59783558,-0.26818088,-0.62861038,0.80163539,0.80422955,0.79158067,-0.18954334,0.80914849,-0.94352316,-0.81585646,0.81468983,-0.28153937,-0.97128659,0.41571809,-0.22681175,-0.81312857,0.26133553,-0.42259542,-0.9759361,0.51575684,0.36729036,-0.97374619,-0.26750137,-0.97374619,-0.99939108,-0.34840976,-0.98617409,21,"laying"
0.55556495,0.61361153,-0.36136502,0.59757504,-0.26880418,-0.62911091,0.80526126,0.80461334,0.79155279,-0.18942594,0.79854732,-0.94434127,-0.71317243,0.71232042,-0.29115991,-0.96761108,0.41696859,-0.22856732,-0.71099621,0.26254195,-0.39627598,-0.97999472,0.51269899,0.34258023,-0.97167401,-0.27820776,-0.97167401,-0.99931398,-0.32687908,-0.9862397,21,"laying"
0.55794992,0.61517206,-0.36251887,0.5987554,-0.26599607,-0.62739205,0.80080887,0.80289132,0.79005635,-0.18792844,0.81374651,-0.94298755,-0.75007509,0.74836683,-0.28246564,-0.96370257,0.41481779,-0.22563983,-0.74625844,0.2571136,-0.35104216,-0.97593323,0.51693242,0.29042557,-0.96771486,-0.36620698,-0.96771486,-0.99915481,-0.2707009,-0.98574996,21,"laying"
0.55794992,0.61428515,-0.363074,0.59946528,-0.26430482,-0.62624219,0.80080887,0.80195636,0.79275121,-0.19119947,0.82648481,-0.94149535,-0.87122638,0.86976971,-0.28246564,-0.96452002,0.41251497,-0.22241514,-0.86793823,0.25417144,-0.34444876,-0.97055107,0.52256277,0.28079386,-0.9667597,-0.53503728,-0.9667597,-0.99911392,-0.25859505,-0.99165775,21,"laying"
0.55794288,0.61238477,-0.36083685,0.59711135,-0.26989489,-0.63019319,0.80082812,0.80576422,0.79476654,-0.19729748,0.92721611,-0.94560163,-0.7447721,0.74222199,-0.28246996,-0.95503623,0.41916079,-0.23155502,-0.73929753,0.26620933,-0.0012169859,-0.96991863,0.50876983,-0.098478171,-0.95994083,-0.55985695,-0.95994083,-0.99879706,0.13533009,-0.98672386,21,"laying"
0.55626815,0.61238477,-0.36094339,0.59676549,-0.27071979,-0.62949436,0.80073158,0.80453283,0.79476654,-0.19729748,0.81525137,-0.94415315,-0.75469627,0.75313636,-0.28125078,-0.95318287,0.41677346,-0.22842666,-0.75117427,0.26232674,-0.21199624,-0.96612843,0.51055592,0.13551316,-0.95723908,-0.58738657,-0.95723908,-0.99865891,-0.10857449,-0.98571125,21,"laying"
-0.3471703,-0.36937343,0.33091361,-0.35637547,-0.77792288,0.17851947,-0.24951597,-0.22332251,-0.21652678,0.85858587,-0.16842511,0.64105647,-0.4661329,0.52576958,0.80363351,-0.47464808,-0.59097185,0.86192659,-0.58552611,-0.89602604,-0.35766295,-0.34083909,0.33325227,0.32684321,-0.30251661,-0.48253089,-0.30251661,-0.75208974,-0.33823227,-0.62172566,21,"walking"
-0.3471703,-0.35328192,0.33303081,-0.35788375,-0.77643922,0.17242225,-0.21668748,-0.21384656,-0.21397439,0.86366399,-0.12230407,0.63047174,-0.48233686,0.55533699,0.80363351,-0.42602006,-0.59325508,0.85761436,-0.62770337,-0.90472624,-0.31307896,-0.3217581,0.30373563,0.32847926,-0.27264392,-0.34423608,-0.27264392,-0.73060851,-0.39189293,-0.58834639,21,"walking"
-0.37707015,-0.35328192,0.34363281,-0.37334349,-0.75641367,0.16796737,-0.21492773,-0.20813349,-0.20490952,0.86366399,-0.22508835,0.62459226,-0.38962687,0.47316216,0.80926385,-0.32513214,-0.58329287,0.85520956,-0.55690028,-0.90954413,-0.37112353,-0.061868157,0.32582832,0.39369622,-0.12564335,-0.27672356,-0.12564335,-0.61275058,-0.4607787,-0.51650438,21,"walking"
-0.36072565,-0.35077271,0.33202726,-0.359378,-0.7750309,0.16152459,-0.2034924,-0.20032239,-0.2041882,0.86463156,-0.33974271,0.67171706,-0.39508209,0.48273079,0.81132328,-0.32165887,-0.60297125,0.87437598,-0.57049859,-0.91610588,-0.31039517,-0.075529157,0.30388753,0.32867766,-0.072800413,-0.19173066,-0.072800413,-0.56496481,-0.39510878,-0.46496896,21,"walking"
-0.36072565,-0.32639455,0.32611485,-0.3498583,-0.78762003,0.16018734,-0.19777479,-0.19765063,-0.20185432,0.87768472,-0.31800751,0.67040869,-0.36749021,0.46306943,0.81132328,-0.36888337,-0.61149715,0.87386038,-0.55791658,-0.91827869,-0.21848143,-0.22024026,0.26990507,0.22505538,-0.21338224,-0.044750183,-0.21338224,-0.68576443,-0.28389351,-0.55191834,21,"walking"
-0.36078763,-0.33573446,0.33231285,-0.35614394,-0.77944498,0.15995243,-0.19539359,-0.19593273,-0.19730496,0.87368659,-0.20849605,0.63737509,-0.37270792,0.45707565,0.80473448,-0.43975704,-0.60378971,0.86048355,-0.54052035,-0.91965107,-0.270697,-0.33159541,0.25666126,0.28980532,-0.27157439,-0.20817241,-0.27157439,-0.7297533,-0.35825659,-0.50883734,21,"walking"
-0.37609765,-0.33573446,0.33711773,-0.36296864,-0.77051579,0.15807829,-0.1949466,-0.19343066,-0.19715111,0.87368659,-0.21333237,0.63294559,-0.21094351,0.29339658,0.78992027,-0.45005178,-0.59901987,0.8586908,-0.37055309,-0.92162837,-0.23560877,-0.32730038,0.26506146,0.26442407,-0.28939017,-0.24442564,-0.28939017,-0.7428674,-0.34493695,-0.52070624,21,"walking"
-0.36526411,-0.33534532,0.33358851,-0.35908693,-0.77560123,0.15673763,-0.19191054,-0.19211733,-0.19715111,0.87915984,-0.35281763,0.64981816,-0.37059839,0.45759928,0.80370806,-0.42374271,-0.60453955,0.86555277,-0.54241309,-0.92266889,-0.15291129,-0.29427244,0.26420605,0.16447917,-0.27437487,-0.027136436,-0.27437487,-0.73202073,-0.23223724,-0.54715231,21,"walking"
-0.36526411,-0.33809971,0.33050344,-0.35653587,-0.77895657,0.15561483,-0.19191054,-0.19153721,-0.19622785,0.88459409,-0.34792531,0.67313112,-0.35376591,0.44442214,0.80798168,-0.40643444,-0.60932372,0.87498853,-0.53290677,-0.9231202,-0.18906195,-0.38843069,0.27387265,0.19690211,-0.30397698,-0.10219889,-0.30397698,-0.75313244,-0.25948868,-0.56054225,21,"walking"
-0.36556868,-0.34122475,0.33586649,-0.36479781,-0.7679972,0.15613284,-0.19634712,-0.1927343,-0.19622785,0.88889008,-0.25561013,0.67109824,-0.25514393,0.34437891,0.80798168,-0.41062052,-0.60205092,0.8741695,-0.42927942,-0.92216641,-0.24215279,-0.39537601,0.29793266,0.26084775,-0.32399095,-0.2755251,-0.32399095,-0.76695195,-0.33131162,-0.5878858,21,"walking"
-0.38179068,-0.34122475,0.33970136,-0.37029706,-0.76066856,0.1593822,-0.20049405,-0.19743575,-0.19722801,0.88889008,-0.26837911,0.6626063,-0.16881381,0.25771359,0.80132582,-0.42059139,-0.59473924,0.87074779,-0.3408512,-0.91842926,-0.12269069,-0.3340685,0.31884936,0.14149153,-0.24584033,-0.20571586,-0.24584033,-0.71085535,-0.21861536,-0.59605137,21,"walking"
-0.37338668,-0.34067339,0.33630667,-0.36545757,-0.76715461,0.16013125,-0.20049405,-0.1984248,-0.20206085,0.89102555,-0.38220902,0.66670901,-0.17990856,0.2682163,0.80132582,-0.39780061,-0.59854746,0.87240854,-0.35039896,-0.91764946,-0.07584453,-0.27523578,0.31154352,0.067859451,-0.23299234,-0.081090466,-0.23299234,-0.7010498,-0.1197263,-0.55178157,21,"walking"
-0.36156602,-0.36514971,0.3329817,-0.36069734,-0.77306649,0.17551991,-0.23152443,-0.22007403,-0.2118453,0.86418024,-0.21444084,0.65483154,-0.46784624,0.53294361,0.8044187,-0.35357043,-0.59083803,0.86754559,-0.59738836,-0.89913017,-0.47418654,-0.13887435,0.34711363,0.46414549,-0.15245198,-0.40718311,-0.15245198,-0.63587915,-0.48962537,-0.66199637,21,"walking"
-0.36494536,-0.34113325,0.33219269,-0.36238924,-0.77116249,0.16529808,-0.21752688,-0.20737773,-0.20542812,0.89333957,-0.4151131,0.69468052,-0.41981021,0.49446524,0.82245188,-0.34681041,-0.59988352,0.88363625,-0.56725456,-0.9101917,-0.35590027,-0.14526585,0.34872417,0.38889919,-0.18438552,-0.33116899,-0.18438552,-0.66245248,-0.46758329,-0.57740982,21,"walking"
-0.38181461,-0.34498476,0.33670398,-0.37076662,-0.76001098,0.1601779,-0.20371485,-0.20128134,-0.20536249,0.89855312,-0.42668524,0.71183829,-0.40494792,0.48790946,0.82245188,-0.36573798,-0.59800355,0.89051762,-0.57022089,-0.91532025,-0.22579734,-0.25039771,0.36841639,0.23259752,-0.23255949,-0.30206695,-0.23255949,-0.70068217,-0.29026982,-0.53904697,21,"walking"
-0.37981338,-0.34498476,0.33759301,-0.36951504,-0.76170532,0.16289342,-0.20520666,-0.20368521,-0.20536249,0.88526114,-0.38337491,0.68335786,-0.33741202,0.43065547,0.82040343,-0.3625097,-0.59483946,0.87907384,-0.52292904,-0.91333108,-0.21128669,-0.22962922,0.3494352,0.20851064,-0.20557576,-0.21610344,-0.20557576,-0.67957867,-0.2571296,-0.5520504,21,"walking"
-0.37981338,-0.35425534,0.34146342,-0.37228657,-0.75786712,0.16666103,-0.20747336,-0.20746094,-0.21307097,0.87163902,-0.2998293,0.64762942,-0.27190607,0.34834186,0.80730969,-0.37186657,-0.5870537,0.8646585,-0.42311891,-0.91020167,-0.22693477,-0.25547644,0.33933079,0.24125287,-0.18954112,-0.056617593,-0.18954112,-0.66668896,-0.30790278,-0.61009639,21,"walking"
-0.38623651,-0.35425534,0.34675326,-0.37864743,-0.74914815,0.1690228,-0.21080666,-0.21022097,-0.21318035,0.8712121,-0.33832936,0.62683704,-0.29401061,0.37900814,0.79244598,-0.38579597,-0.57850369,0.85618469,-0.46159298,-0.90785233,-0.25940473,-0.20377016,0.34768482,0.28963695,-0.20538274,-0.17825303,-0.20538274,-0.67942717,-0.37183999,-0.57515004,21,"walking"
-0.3747516,-0.35403219,0.34195497,-0.37105708,-0.75948473,0.16923633,-0.21080666,-0.20992864,-0.21074106,0.8712121,-0.4379067,0.6262993,-0.21542969,0.31034134,0.78888516,-0.37580905,-0.5844644,0.85597053,-0.39996622,-0.90809341,-0.14608657,-0.18371258,0.32587939,0.14926395,-0.21646769,-0.24684055,-0.21646769,-0.68817815,-0.20936497,-0.60250857,21,"walking"
-0.3747516,-0.33665809,0.3355105,-0.36209376,-0.77167644,0.16576587,-0.21072538,-0.20501333,-0.20826146,0.87959812,-0.38164239,0.6406425,-0.1385654,0.23197353,0.79158768,-0.33847764,-0.59531637,0.86183192,-0.31978739,-0.91223411,-0.045555696,-0.20712159,0.2996755,0.044767447,-0.1926099,-0.22232644,-0.1926099,-0.66912213,-0.10619795,-0.63388067,21,"walking"
-0.3757252,-0.34176155,0.33861832,-0.36593571,-0.76651656,0.16266027,-0.20124154,-0.20038462,-0.20097363,0.87526036,-0.30074431,0.6342183,-0.19764334,0.29336599,0.79158768,-0.36774655,-0.59370249,0.85920689,-0.3850489,-0.9160534,-0.15972113,-0.27745844,0.29269276,0.18506952,-0.23685112,-0.24558072,-0.23685112,-0.70400473,-0.26698689,-0.59078657,21,"walking"
-0.37951767,-0.34176155,0.34025686,-0.36890062,-0.76255804,0.16031593,-0.19906561,-0.19750308,-0.20097363,0.87526036,-0.27780817,0.64036601,-0.32555755,0.41382658,0.80102027,-0.4646195,-0.5933386,0.86170084,-0.49974572,-0.91839041,-0.20688755,-0.31463282,0.29784034,0.23573713,-0.28150439,-0.23540664,-0.28150439,-0.73714456,-0.31836958,-0.49479699,21,"walking"
-0.37642647,-0.33885383,0.33599617,-0.36410302,-0.76899463,0.15651767,-0.19594676,-0.19277778,-0.19277631,0.88236222,-0.30495287,0.66204701,-0.37391593,0.46080845,0.80102027,-0.51054864,-0.60160374,0.87051988,-0.54562751,-0.92211602,-0.1186294,-0.40053421,0.28914407,0.11303585,-0.36537399,-0.21301387,-0.36537399,-0.7941964,-0.16417872,-0.61745552,21,"walking"
-0.37642647,-0.34329395,0.33641823,-0.36468948,-0.76819761,0.1569339,-0.20216998,-0.19336667,-0.19277631,0.88556989,-0.27665393,0.66089931,-0.17826284,0.27443476,0.80064907,-0.45995452,-0.60075679,0.87005623,-0.36556772,-0.92162927,-0.1239562,-0.4091146,0.29141864,0.11358259,-0.35086403,-0.32657997,-0.35086403,-0.78485572,-0.15987556,-0.60335249,21,"walking"
-0.37794309,-0.34706011,0.34206563,-0.37225216,-0.75796819,0.16425274,-0.21066386,-0.203547,-0.19852851,0.87279076,-0.16434978,0.64102818,-0.27362034,0.35986726,0.79755411,-0.50369584,-0.58809604,0.86197642,-0.44294725,-0.91338529,-0.2368383,-0.4996544,0.32362155,0.24529581,-0.40266691,-0.39649257,-0.40266691,-0.81732285,-0.30499976,-0.60395649,21,"walking"
-0.38122444,-0.3969145,0.35436829,-0.3857438,-0.73847888,0.16933096,-0.29204487,-0.20868764,-0.16653171,0.81637695,-0.81067725,0.58435308,-0.70835086,0.77757051,0.82144953,0.14637482,-0.56849396,0.83824593,-0.84759617,-0.90478058,-0.60084095,0.32818217,0.32836348,0.63855586,0.26506422,-0.43763241,0.26506422,-0.19512194,-0.70642334,-0.70082673,21,"walking_downstairs"
-0.37232999,-0.34451389,0.33620218,-0.36636075,-0.76595492,0.13789094,-0.18851646,-0.16737189,-0.16653171,0.86167163,-0.77973962,0.69857212,-0.68020238,0.74876278,0.8339666,0.18057714,-0.61419202,0.88506953,-0.81777249,-0.94068274,-0.46197179,0.34586489,0.25536695,0.49700723,0.34368909,-0.27347701,0.34368909,-0.092756857,-0.57035727,-0.61336989,21,"walking_downstairs"
-0.35634817,-0.33521186,0.32720623,-0.35436346,-0.78167089,0.14146065,-0.17937414,-0.17277252,-0.16948693,0.89898033,-0.70948659,0.71674017,-0.57726926,0.62975263,0.8339666,0.041017892,-0.62362917,0.89244196,-0.68051829,-0.93695005,-0.25119226,0.25800933,0.25139453,0.26850936,0.26576397,-0.048458766,0.26576397,-0.19416703,-0.33644567,-0.51149335,21,"walking_downstairs"
-0.3465156,-0.3219097,0.31972056,-0.34232545,-0.79710456,0.14166008,-0.17937414,-0.17222668,-0.16506711,0.89898033,-0.71265347,0.71324979,-0.57641094,0.62691099,0.82740032,0.0071225759,-0.63322582,0.89106234,-0.67548784,-0.93731144,-0.35631917,0.020832985,0.21459251,0.37683651,0.13731263,-0.027047663,0.13731263,-0.34829063,-0.44171531,-0.44770479,21,"walking_downstairs"
-0.32736044,-0.31209213,0.31013777,-0.32867227,-0.81363321,0.12965253,-0.17293995,-0.15502578,-0.14766208,0.91503328,-0.63668852,0.73700892,-0.4876831,0.54589872,0.84495181,0.018097541,-0.65387673,0.90051483,-0.60119994,-0.94870321,-0.41815399,0.24691358,0.14973027,0.43922252,0.23753808,-0.024079604,0.23753808,-0.2290438,-0.50078151,-0.32475759,21,"walking_downstairs"
-0.32736044,-0.31399193,0.30641428,-0.32357992,-0.81974455,0.12721492,-0.16887914,-0.15162839,-0.14766208,0.91503328,-0.68697747,0.74663988,-0.57597186,0.63678267,0.84569423,0.21699102,-0.66036054,0.90431125,-0.69615492,-0.95093448,-0.43792068,0.23834628,0.13412366,0.45884296,0.35194276,-0.14983277,0.35194276,-0.081673015,-0.51938672,-0.15745179,21,"walking_downstairs"
-0.32921397,-0.32551134,0.3183735,-0.3406983,-0.79880128,0.13646849,-0.17015637,-0.16497636,-0.15711731,0.90076124,-0.78298366,0.72292702,-0.59956054,0.66254428,0.84569423,0.018702506,-0.63854888,0.89488153,-0.72407366,-0.94230544,-0.5265022,0.1316896,0.1981445,0.56285024,0.25320615,-0.24252949,0.25320615,-0.20961431,-0.63412019,-0.70556134,21,"walking_downstairs"
-0.36467631,-0.32669526,0.3292801,-0.35438071,-0.78180376,0.13902511,-0.17015637,-0.16779996,-0.16907138,0.89385978,-0.8071348,0.68613585,-0.49532154,0.54912851,0.82053304,0.16922617,-0.62256025,0.88022808,-0.59991452,-0.94048849,-0.38801453,0.22854383,0.21466778,0.43237103,0.32378923,0.018147253,0.32378923,-0.11904007,-0.52017903,-0.69422852,21,"walking_downstairs"
-0.35331904,-0.3959608,0.3516301,-0.37683333,-0.7500795,0.17033024,-0.29722362,-0.20700771,-0.16411005,0.81173798,-0.79325871,0.54317806,-0.67761968,0.75451743,0.81222206,0.18465559,-0.57126617,0.82114772,-0.83241764,-0.90669491,-0.58391131,0.31398381,0.26679837,0.63783843,0.28727337,-0.32842119,0.28727337,-0.16686335,-0.72442251,-0.65772446,21,"walking_downstairs"
-0.34929197,-0.33845772,0.32428318,-0.34351024,-0.79546409,0.13589529,-0.18899219,-0.16135162,-0.15694301,0.8313293,-0.72753728,0.65781584,-0.69860652,0.76606075,0.81906996,-0.073907028,-0.63120174,0.86854307,-0.83430317,-0.94457616,-0.53240708,0.07188856,0.14544778,0.5778486,0.11676669,-0.16040877,0.11676669,-0.37138827,-0.65843174,-0.39603191,21,"walking_downstairs"
-0.34929197,-0.32527472,0.31922628,-0.34031713,-0.79958221,0.13045504,-0.16054086,-0.15561066,-0.15694301,0.89564607,-0.68740261,0.70965406,-0.55807987,0.62368733,0.82166992,0.13136259,-0.64142087,0.88964697,-0.68712085,-0.9485545,-0.40453406,0.17629405,0.16201782,0.43833498,0.27846143,0.094972904,0.27846143,-0.17813732,-0.51427111,-0.42429011,21,"walking_downstairs"
-0.34935265,-0.32901362,0.32657987,-0.34995629,-0.78740524,0.13924247,-0.17963172,-0.16775863,-0.16331193,0.8844003,-0.69399772,0.68385155,-0.57260903,0.64080879,0.82166992,0.0080532421,-0.62595267,0.87927026,-0.70726897,-0.94035359,-0.42379311,0.23845066,0.20070051,0.46874971,0.22856054,0.022933497,0.22856054,-0.24050197,-0.55498991,-0.45992274,21,"walking_downstairs"
-0.36225143,-0.34033151,0.33078289,-0.35490588,-0.78103374,0.14898181,-0.20507882,-0.18103276,-0.17132154,0.8704221,-0.75336134,0.6591184,-0.61583411,0.68119338,0.80870282,0.16817975,-0.61374942,0.86932141,-0.74617747,-0.93092544,-0.46619083,0.42357573,0.23048004,0.50797928,0.36057711,-0.30619917,0.36057711,-0.069973785,-0.58852431,-0.28840241,21,"walking_downstairs"
-0.36225143,-0.34943321,0.33791783,-0.36507801,-0.76737381,0.16115187,-0.21452631,-0.19833026,-0.18287744,0.85762642,-0.70923955,0.63819218,-0.70459513,0.76483142,0.81235294,0.15634801,-0.59572428,0.8607503,-0.82551296,-0.91728578,-0.50814736,0.35548168,0.28784207,0.5456543,0.37926009,-0.35853858,0.37926009,-0.044354264,-0.61948369,-0.19691749,21,"walking_downstairs"
-0.36005776,-0.34943321,0.33404309,-0.36237075,-0.77092116,0.15765242,-0.21452631,-0.19495074,-0.17925066,0.85762642,-0.70892466,0.6744383,-0.69720916,0.76378657,0.83214604,0.16081385,-0.60328335,0.87527938,-0.8308891,-0.9198345,-0.53030724,0.28849574,0.29939839,0.56022718,0.34813884,-0.32965109,0.34813884,-0.086654448,-0.6243188,-0.66821665,21,"walking_downstairs"
-0.36793203,-0.37502559,0.34179404,-0.37613206,-0.75196027,0.21276689,-0.29812987,-0.27473243,-0.26315974,0.8308863,-0.28728739,0.62183147,-0.80575174,0.84170579,0.80951485,-0.39533985,-0.54804859,0.85392324,-0.87793179,-0.84429659,-0.47642612,-0.27312778,0.50888454,0.47772807,-0.27779356,-0.63554432,-0.27779356,-0.73452692,-0.51501808,-0.41105237,21,"walking_upstairs"
-0.39506792,-0.38786954,0.3640351,-0.40342707,-0.71319053,0.22947126,-0.32356315,-0.29527792,-0.26315974,0.80251858,-0.37630752,0.52673768,-0.78010283,0.83611975,0.79223604,-0.38845765,-0.50602725,0.81427595,-0.89284733,-0.82001815,-0.47880213,-0.25581171,0.56166692,0.50646408,-0.2850779,-0.63911093,-0.2850779,-0.73977406,-0.57153642,-0.42948224,21,"walking_upstairs"
-0.42307823,-0.4260547,0.38343956,-0.42636558,-0.67780117,0.25027221,-0.33060133,-0.32111421,-0.30159552,0.76348726,-0.20989122,0.43142235,-0.74651914,0.79299529,0.73308867,-0.29985796,-0.46310337,0.7735312,-0.83973904,-0.78872767,-0.59159788,-0.18262468,0.61464575,0.60736095,-0.19702694,-0.46421109,-0.19702694,-0.67274519,-0.65203484,-0.57244636,21,"walking_upstairs"
-0.43271497,-0.43055972,0.40064977,-0.44784472,-0.64321839,0.25105404,-0.33060133,-0.32104883,-0.31081608,0.76104261,-0.15762318,0.3851042,-0.7166554,0.76446617,0.71040671,-0.27888624,-0.44130067,0.75325595,-0.81255835,-0.78875686,-0.59325484,-0.17037268,0.63381206,0.61086075,-0.16457559,-0.42638031,-0.16457559,-0.64609895,-0.65747183,-0.18245898,21,"walking_upstairs"
-0.44801709,-0.43055972,0.40344362,-0.45028427,-0.63947486,0.24343106,-0.33060105,-0.30980794,-0.30590413,0.76104261,-0.2724245,0.38290977,-0.69332665,0.73906494,0.69205507,-0.40056205,-0.44483709,0.75233569,-0.78454212,-0.80305743,-0.50592553,-0.23595926,0.60863089,0.51344976,-0.25415469,-0.5785533,-0.25415469,-0.71711279,-0.55446001,-0.60729231,21,"walking_upstairs"
-0.44801709,-0.4194582,0.39723852,-0.4415116,-0.65405484,0.24820271,-0.33273942,-0.31581002,-0.30590413,0.76977541,-0.31610557,0.38452928,-0.66125918,0.71495709,0.69114716,-0.44840056,-0.44816646,0.75308048,-0.76787767,-0.79536345,-0.44997899,-0.27672371,0.60227783,0.45644629,-0.3116866,-0.56720216,-0.3116866,-0.75850056,-0.49996019,-0.57534424,21,"walking_upstairs"
-0.44849287,-0.42774651,0.39930525,-0.44620892,-0.64628647,0.25511098,-0.33273942,-0.32664156,-0.32170592,0.76977541,-0.27030907,0.38222264,-0.67465406,0.72963704,0.68273015,-0.41755732,-0.43915769,0.75206301,-0.78374691,-0.7816,-0.39095104,-0.30448155,0.64202008,0.40397688,-0.29844304,-0.62249871,-0.29844304,-0.74919133,-0.45830839,-0.53631534,21,"walking_upstairs"
-0.45933823,-0.42774651,0.40277171,-0.45195554,-0.63680437,0.25305835,-0.32934503,-0.32475379,-0.32362659,0.76860414,-0.28604104,0.38567102,-0.71061824,0.75716817,0.68530456,-0.38284661,-0.43680647,0.75359088,-0.80306561,-0.78411243,-0.42395028,-0.27763017,0.65551944,0.42892956,-0.2876569,-0.5066699,-0.2876569,-0.74162751,-0.47206291,-0.64487592,21,"walking_upstairs"
-0.39802206,-0.41007114,0.37405795,-0.42297897,-0.68294354,0.21779605,-0.32241184,-0.28330231,-0.25901664,0.81602233,-0.46922649,0.56872027,-0.77477633,0.82442743,0.79029824,-0.34957884,-0.50424212,0.83202707,-0.8746381,-0.83398451,-0.52797123,-0.22494823,0.61689701,0.54174636,-0.21614783,-0.64810142,-0.21614783,-0.68794905,-0.58893543,-0.73535559,21,"walking_upstairs"
-0.44425333,-0.41652917,0.39071537,-0.44287669,-0.65181811,0.23821111,-0.33315683,-0.30972329,-0.27190338,0.77828067,-0.51876454,0.48256881,-0.72665175,0.78665406,0.78526548,-0.38785115,-0.46540632,0.79544354,-0.84741382,-0.80231933,-0.39509615,-0.28525409,0.67118236,0.40781781,-0.22504759,-0.56767665,-0.22504759,-0.69490299,-0.46151665,-0.72654968,21,"walking_upstairs"
-0.43795631,-0.41652917,0.39340332,-0.44042482,-0.65570578,0.25639551,-0.3347531,-0.33000002,-0.32526876,0.77096283,-0.24176433,0.4060201,-0.69346255,0.75247242,0.71744305,-0.37385636,-0.44516932,0.76253195,-0.81169212,-0.77716861,-0.35358469,-0.23749068,0.65541788,0.34661778,-0.21776674,-0.46089182,-0.21776674,-0.6892261,-0.38254637,-0.57326091,21,"walking_upstairs"
-0.43795631,-0.41624879,0.38982221,-0.43503159,-0.66448157,0.25643522,-0.3347531,-0.32956699,-0.320746,0.77096283,-0.17766729,0.40921013,-0.69308687,0.74313467,0.70598369,-0.38955993,-0.44948856,0.76394132,-0.79259705,-0.77772009,-0.50004758,-0.31321702,0.642325,0.51046257,-0.25886192,-0.45178687,-0.25886192,-0.72061796,-0.55530668,-0.51526376,21,"walking_upstairs"
-0.44677535,-0.43947588,0.39755702,-0.44767985,-0.64357983,0.24648637,-0.33265098,-0.31782237,-0.30177716,0.78128738,-0.30310169,0.42438403,-0.71321359,0.76268141,0.70598369,-0.36516894,-0.44936067,0.77061947,-0.81173096,-0.79278404,-0.47565564,-0.18813739,0.658132,0.48607423,-0.20190666,-0.47196866,-0.20190666,-0.67658196,-0.5323624,-0.6036206,21,"walking_upstairs"
-0.44249114,-0.43947588,0.400486,-0.45102053,-0.63809615,0.23250821,-0.31479652,-0.29824323,-0.28668544,0.78576335,-0.23116125,0.43577999,-0.73108679,0.78485708,0.72137013,-0.34630877,-0.45831915,0.77557885,-0.83856061,-0.81710461,-0.51484652,-0.24761386,0.62442376,0.51468673,-0.19619021,-0.51417024,-0.19619021,-0.67205529,-0.54751197,-0.15777452,21,"walking_upstairs"
-0.43679067,-0.43220145,0.38779233,-0.43334231,-0.66705793,0.22955612,-0.31369267,-0.29368629,-0.28668544,0.79612697,-0.36542498,0.46165351,-0.73292083,0.79024316,0.72202246,-0.41545695,-0.47681504,0.78680488,-0.84756217,-0.82266915,-0.49547753,-0.35207244,0.58582704,0.50336356,-0.31224463,-0.62378707,-0.31224463,-0.75888711,-0.54631044,-0.70020104,21,"walking_upstairs"
-0.33775006,-0.35321918,0.32448905,-0.33941755,-0.79990039,0.16480694,-0.25559037,-0.19895256,-0.17577987,0.84823011,-0.69442928,0.58662617,-0.66526789,0.74119347,0.79377719,0.08914095,-0.60998128,0.83959595,-0.81737896,-0.91539565,-0.44061133,0.19576985,0.17914242,0.48268954,0.26548365,-0.33185404,0.26548365,-0.19444688,-0.56649277,-0.6921058,21,"walking_downstairs"
-0.33775006,-0.31251694,0.31525965,-0.329581,-0.81266968,0.14701936,-0.18721641,-0.17606227,-0.17577987,0.848772,-0.62711719,0.64679988,-0.69113219,0.76282351,0.81551748,0.11726913,-0.63514029,0.8641682,-0.83499638,-0.93462568,-0.31903111,0.22098857,0.13851663,0.36517508,0.25220141,-0.32867564,0.25220141,-0.21126477,-0.45952325,-0.61027706,21,"walking_downstairs"
-0.32767464,-0.31251694,0.30928478,-0.32699059,-0.81563023,0.15095335,-0.19076714,-0.18501595,-0.17712642,0.89204895,-0.62434873,0.71420583,-0.67058208,0.72936841,0.83488149,-0.05520431,-0.63979887,0.891433,-0.78776522,-0.92803215,-0.40868983,0.29075073,0.20783548,0.41317229,0.15167872,-0.26878382,0.15167872,-0.33189842,-0.45810984,-0.27110954,21,"walking_downstairs"
-0.32767464,-0.33707751,0.31320048,-0.33281269,-0.80809546,0.15151915,-0.19076714,-0.18601421,-0.17700823,0.88754075,-0.71562332,0.71097803,-0.64245349,0.70040132,0.83488149,0.15383732,-0.63442267,0.89011619,-0.75793828,-0.92725882,-0.54489337,0.32663391,0.22378136,0.56060989,0.36312664,-0.28888627,0.36312664,-0.06643015,-0.60873062,-0.02665719,21,"walking_downstairs"
-0.34214442,-0.33707751,0.32230531,-0.34427853,-0.79434049,0.14537728,-0.18857368,-0.1765799,-0.17665664,0.88682792,-0.73377257,0.68826734,-0.64878016,0.71089787,0.82537097,0.22319275,-0.62726733,0.88105424,-0.77257548,-0.93421939,-0.4425339,0.3151493,0.21228344,0.4603039,0.42037878,-0.068760206,0.42037878,0.012842102,-0.51758951,-0.3353111,21,"walking_downstairs"
-0.34809465,-0.3357506,0.32357039,-0.3466165,-0.79144156,0.14482115,-0.18015903,-0.17611237,-0.17665664,0.88682792,-0.72256123,0.69256169,-0.5885791,0.64713171,0.82116317,0.017095297,-0.62602469,0.88279155,-0.7040762,-0.93463382,-0.46903754,0.20894816,0.22072393,0.49249232,0.22525095,0.11560624,0.22525095,-0.24447697,-0.55401288,-0.36376278,21,"walking_downstairs"
-0.34858426,-0.33940193,0.33329125,-0.36006325,-0.77412791,0.14571506,-0.18015903,-0.17733723,-0.17721562,0.88039476,-0.79789794,0.67441809,-0.5537027,0.61819728,0.82116317,0.1068268,-0.61277093,0.87547851,-0.68082633,-0.9337557,-0.4769252,0.34084942,0.24645051,0.505789,0.30900737,0.00098798722,0.30900737,-0.13871644,-0.57236808,-0.68104295,21,"walking_downstairs"
-0.40247829,-0.38815301,0.36376975,-0.40756352,-0.7071855,0.21564117,-0.30707974,-0.27941107,-0.25860683,0.82270859,-0.42145368,0.58290687,-0.78353844,0.83062691,0.78918546,-0.37704238,-0.51883228,0.83799064,-0.87818325,-0.8387198,-0.51010025,-0.29344722,0.57610452,0.50933063,-0.24358396,-0.68766844,-0.24358396,-0.70912933,-0.54182684,-0.70003575,21,"walking_upstairs"
-0.42174844,-0.39912615,0.37311746,-0.41516135,-0.69569152,0.22688571,-0.30709551,-0.29120845,-0.27181894,0.78813016,-0.34681982,0.50785713,-0.74830852,0.79319707,0.78918546,-0.28652497,-0.49733156,0.80621472,-0.83844921,-0.82549331,-0.29067058,-0.19975747,0.56715752,0.26890652,-0.15048269,-0.59528423,-0.15048269,-0.63417965,-0.29341153,-0.677914,21,"walking_upstairs"
-0.41399567,-0.39912615,0.37541779,-0.41172258,-0.70082533,0.22810571,-0.30709551,-0.28799717,-0.27931607,0.78813016,-0.2738551,0.4518393,-0.73598367,0.78295516,0.72311731,-0.38321989,-0.49340952,0.78255583,-0.83004276,-0.82926485,-0.24404698,-0.28689085,0.50374377,0.22236902,-0.16492964,-0.45185053,-0.16492964,-0.64627515,-0.25003196,-0.45338997,21,"walking_upstairs"
-0.41399567,-0.41385413,0.37465081,-0.41174885,-0.70065931,0.23920701,-0.33443165,-0.30385685,-0.27931607,0.77060133,-0.24511201,0.44502057,-0.75710269,0.81030566,0.71763633,-0.40259461,-0.48416212,0.7795721,-0.86388548,-0.80945376,-0.44593667,-0.29867097,0.54045574,0.46635582,-0.25057836,-0.53348239,-0.25057836,-0.71442295,-0.52621151,-0.37665405,21,"walking_upstairs"
-0.41942796,-0.41573118,0.38956726,-0.43360778,-0.66642316,0.25842893,-0.33736134,-0.33138726,-0.30922635,0.76322557,-0.21638778,0.39934401,-0.75868832,0.80927785,0.71299049,-0.40948152,-0.44788389,0.75953668,-0.86015556,-0.77515874,-0.51745974,-0.30984162,0.63485247,0.53949477,-0.25745774,-0.5015827,-0.25745774,-0.71950959,-0.59611474,-0.62550109,21,"walking_upstairs"
-0.44665931,-0.41573118,0.39753335,-0.44418377,-0.64971179,0.26393236,-0.34252532,-0.33878992,-0.34106017,0.76322557,-0.23813805,0.37373827,-0.75119557,0.80105856,0.69517856,-0.45664742,-0.43290238,0.74827837,-0.85100802,-0.76538631,-0.36889789,-0.32529054,0.66170419,0.37481247,-0.29351228,-0.42716162,-0.29351228,-0.74577641,-0.42323135,-0.27756454,21,"walking_upstairs"
-0.41205142,-0.41398475,0.38476272,-0.42811577,-0.67514879,0.25672969,-0.34252532,-0.32984867,-0.31898614,0.76663265,-0.40722306,0.41828246,-0.7246403,0.78093694,0.73109077,-0.33032606,-0.45532533,0.76780168,-0.83765786,-0.77716001,-0.43233766,-0.24483958,0.63172016,0.4298106,-0.1797018,-0.57088704,-0.1797018,-0.65861592,-0.46576291,-0.74594346,21,"walking_upstairs"
-0.18083267,-0.17018262,0.21040861,-0.18542602,-0.94553648,-0.046732314,0.092661406,0.098468546,0.1032529,0.97660541,-0.11105974,0.8868897,-0.025943979,0.089869227,0.88641989,-0.84153156,-0.81434405,0.95862928,-0.15377316,-0.9828761,-0.6768967,-0.83694176,-0.3086881,0.65893744,-0.81834323,-0.74990597,-0.81834323,-0.98180903,-0.66225764,-0.86391389,22,"standing"
-0.20956258,-0.17018262,0.21565403,-0.19324202,-0.94076696,-0.04588611,0.092661406,0.097357786,0.094466102,0.97660541,-0.066264829,0.88674604,-0.63880795,0.65508124,0.88452898,-0.93896236,-0.80816473,0.95857534,-0.67097179,-0.98331046,-0.73883628,-0.93510283,-0.29053462,0.74193163,-0.93664183,-0.67964599,-0.93664183,-0.99736708,-0.76338396,-0.88011336,22,"standing"
-0.20956258,-0.16674625,0.21387858,-0.19066076,-0.94252685,-0.042108815,0.074490525,0.091931522,0.094466102,0.97924548,-0.2392301,0.89009137,-0.55993634,0.57882033,0.88645336,-0.96166981,-0.81287288,0.95984548,-0.59768894,-0.98502519,-0.53960822,-0.96628998,-0.30960126,0.49955372,-0.96107052,-0.72028141,-0.96107052,-0.9988526,-0.48890047,-0.96619849,22,"standing"
-0.21094272,-0.16902819,0.21704935,-0.19531033,-0.93938349,-0.03087299,0.071071518,0.075794847,0.08617105,0.97952946,0.027715119,0.89250603,-0.46374549,0.47519986,0.88645336,-0.97253878,-0.8150557,0.96076171,-0.48667717,-0.9901248,-0.56238169,-0.97278849,-0.3383313,0.53881035,-0.97188995,-0.60343942,-0.97188995,-0.99932217,-0.54428194,-0.97326818,22,"standing"
-0.21170011,-0.16902819,0.21784776,-0.19646987,-0.93859717,-0.02782684,0.071071518,0.071411338,0.068016688,0.98072521,0.097169995,0.89279683,-0.56661648,0.61154565,0.88644839,-0.95782763,-0.81548821,0.96087208,-0.6568066,-0.99142745,-0.47930497,-0.95392905,-0.34668324,0.4775415,-0.95496294,-0.63531131,-0.95496294,-0.99853666,-0.51210604,-0.92161615,22,"standing"
-0.20584369,-0.16837155,0.21339419,-0.18989834,-0.9429933,-0.031940729,0.072947914,0.077289985,0.072983475,0.98075318,0.13948694,0.89334945,-0.4700281,0.52889291,0.88660981,-0.96053077,-0.81942308,0.96108161,-0.58805004,-0.98980865,-0.50773663,-0.95721861,-0.34841791,0.49984813,-0.95808912,-0.62884985,-0.95808912,-0.99870316,-0.52586854,-0.92003841,22,"standing"
-0.20582039,-0.15948757,0.20981942,-0.18462355,-0.9464884,-0.034679589,0.080412251,0.081192731,0.073037277,0.9810843,0.049386278,0.89380384,-0.39943966,0.41624713,0.88661674,-0.98400406,-0.82267224,0.96125391,-0.43259885,-0.98870264,-0.60906303,-0.97818649,-0.35198248,0.59429295,-0.98165944,-0.56390021,-0.98165944,-0.99964634,-0.6057562,-0.94207083,22,"standing"
-0.20582039,-0.15711003,0.20994771,-0.18485776,-0.94633912,-0.034740125,0.08124657,0.081301333,0.076434246,0.9810843,-0.23568997,0.89474955,-0.48699353,0.50229114,0.88727181,-0.98470788,-0.82246723,0.96161233,-0.51729179,-0.98866628,-0.56480339,-0.97919937,-0.35036703,0.54163114,-0.98327041,-0.46258384,-0.98327041,-0.99969084,-0.54698758,-0.94705205,22,"standing"
-0.20628256,-0.16139093,0.2104226,-0.18559919,-0.94585809,-0.037246752,0.08124657,0.084927367,0.08006128,0.97988332,0.15853112,0.89448498,-0.39116907,0.42879118,0.88727181,-0.961414,-0.82037041,0.96151193,-0.46710839,-0.98752934,-0.65006957,-0.96028982,-0.33885766,0.64591335,-0.96227073,-0.54598328,-0.96227073,-0.99891065,-0.66588645,-0.96503956,22,"standing"
-0.20628256,-0.16831652,0.21411523,-0.19093754,-0.94229779,-0.037808628,0.082059097,0.085720441,0.08006128,0.97870581,0.34841371,0.89022708,-0.50028986,0.52299059,0.88717596,-0.9610808,-0.81516549,0.95989674,-0.54597224,-0.98729016,-0.66719734,-0.96107677,-0.3253475,0.65266677,-0.96200675,-0.52954908,-0.96200675,-0.99889808,-0.66035997,-0.97430494,22,"standing"
-0.21238854,-0.16831652,0.21664379,-0.19458591,-0.93988623,-0.034565198,0.08150288,0.081048468,0.077356929,0.97870581,0.17536157,0.8886245,-0.62856844,0.64422561,0.88578392,-0.99164354,-0.81364112,0.95928884,-0.65996189,-0.98873763,-0.51771106,-0.98960982,-0.32909274,0.47170897,-0.99179805,-0.30702023,-0.99179805,-0.99988302,-0.45622334,-0.99066925,22,"standing"
-0.21223038,-0.16732188,0.21479499,-0.19193424,-0.94168366,-0.03288498,0.078830398,0.078647628,0.070089118,0.97897199,0.18546844,0.89171508,-0.48161618,0.50526926,0.88644624,-0.99301355,-0.81703383,0.96046158,-0.52927767,-0.9894521,-0.37943939,-0.99047235,-0.34045377,0.32270843,-0.99277819,-0.19777962,-0.99277819,-0.9999005,-0.30551507,-0.9913215,22,"standing"
-0.21212308,-0.16409027,0.21463218,-0.19170884,-0.94183905,-0.03206164,0.078762948,0.077468506,0.070083362,0.98023349,0.53688214,0.89241313,-0.41130537,0.43747711,0.88644624,-0.97580765,-0.81769437,0.9607265,-0.46374917,-0.98978971,-0.44413389,-0.96660553,-0.34370712,0.41695931,-0.97365505,-0.45042441,-0.97365505,-0.99938778,-0.4266216,-0.93686354,22,"standing"
-0.20925584,-0.16409027,0.21379382,-0.19042453,-0.94268788,-0.031300688,0.075658191,0.076347267,0.067998142,0.98023349,0.55435287,0.89201531,-0.44105109,0.4624204,0.88614112,-0.97768395,-0.81922672,0.96057565,-0.48378675,-0.99010532,-0.55225463,-0.96834966,-0.35048092,0.51867904,-0.97607056,-0.60700144,-0.97607056,-0.99947234,-0.51389214,-0.93386384,22,"standing"
-0.20925584,-0.1707354,0.21532083,-0.1926759,-0.94114693,-0.029567616,0.07376285,0.073868826,0.067998142,0.9800952,-0.022205311,0.89193742,-0.48689589,0.51203499,0.88614112,-0.97829232,-0.81806256,0.9605461,-0.53736599,-0.99077953,-0.55158311,-0.9733571,-0.35104647,0.51683394,-0.97531354,-0.39552252,-0.97531354,-0.99944627,-0.51097704,-0.96725775,22,"standing"
-0.222719,-0.24161167,0.24283365,-0.23277124,-0.90966217,-0.025285409,0.011071943,0.067789055,0.11104064,0.95781644,0.35731588,0.86975259,-0.51778017,0.51710419,0.88126229,-0.80933759,-0.78207232,0.9520975,-0.51630464,-0.98872547,-0.91577047,-0.87121845,-0.27465468,0.92369656,-0.81861324,-0.97158592,-0.81861324,-0.98186785,-0.9380077,-0.8080581,22,"standing"
-0.222719,-0.1991826,0.22612329,-0.20854169,-0.92993541,-0.052937869,0.074943706,0.10753714,0.11104064,0.97340689,-0.10878634,0.87517146,-0.18259535,0.19421783,0.88126229,-0.96059315,-0.79004119,0.95417219,-0.20566436,-0.97919026,-0.88053966,-0.9552014,-0.23025363,0.87067438,-0.95644183,-0.92752977,-0.95644183,-0.99861631,-0.86846082,-0.98773621,22,"standing"
-0.22432138,-0.18723486,0.22876056,-0.2123727,-0.92714308,-0.047816408,0.09203442,0.10018583,0.1096805,0.97340689,-0.095574355,0.87519231,-0.51477761,0.53709732,0.88047697,-0.97198645,-0.78987384,0.95418026,-0.5594664,-0.98213968,-0.69713432,-0.96894435,-0.23947779,0.69290585,-0.97052352,-0.81408099,-0.97052352,-0.99926917,-0.70960029,-0.98119682,22,"standing"
-0.23434525,-0.18786295,0.2311983,-0.21599578,-0.92443148,-0.042203878,0.091882097,0.092159763,0.087824432,0.9743905,0.16947373,0.87698092,-0.48508269,0.52019401,0.88047697,-0.94015617,-0.78994191,0.95486178,-0.55565015,-0.98517893,-0.55314642,-0.9368403,-0.24977458,0.57637667,-0.93500329,-0.82844414,-0.93500329,-0.99724629,-0.63238175,-0.95798314,22,"standing"
-0.23274132,-0.18942158,0.23051494,-0.21498169,-0.92519435,-0.043485404,0.091882097,0.093992112,0.088841775,0.97472133,0.13046935,0.87666962,0.055901153,0.0036572862,0.8803489,-0.91785226,-0.79012556,0.95474326,-0.062824756,-0.98453496,-0.25984071,-0.90559282,-0.24786021,0.23594867,-0.89905961,-0.66880611,-0.89905961,-0.99392434,-0.26177525,-0.93627706,22,"standing"
-0.23274132,-0.20237782,0.23441657,-0.2206373,-0.92072855,-0.040344559,0.082857209,0.089477262,0.088841775,0.97118835,0.063209608,0.87401498,0.074898525,-0.04693697,0.88000535,-0.91587091,-0.78664696,0.95373129,0.018237166,-0.98599665,-0.16326441,-0.90851685,-0.24651171,0.11218656,-0.89959818,-0.48718083,-0.89959818,-0.99398039,-0.11594539,-0.95426918,22,"standing"
-0.24134615,-0.20237798,0.23989504,-0.22853414,-0.91453458,-0.036524201,0.082857209,0.083970815,0.079768848,0.9709587,0.092233458,0.86912855,-0.37494421,0.37975812,0.87970066,-0.96577921,-0.78118073,0.95186788,-0.3845722,-0.98784553,-0.63684366,-0.96954799,-0.24336375,0.61095944,-0.96534011,-0.6685757,-0.96534011,-0.99905186,-0.60869312,-0.95515732,22,"standing"
-0.24502591,-0.20237798,0.23903649,-0.22724667,-0.91558527,-0.037850034,0.08347548,0.085860432,0.078656357,0.9709587,0.15341235,0.86870939,-0.46702662,0.494777,0.8779429,-0.94573936,-0.78169217,0.95170824,-0.52251449,-0.98726038,-0.53933564,-0.94187626,-0.24211781,0.54044985,-0.94262249,-0.69345259,-0.94262249,-0.99778536,-0.57358586,-0.89010259,22,"standing"
-0.23531938,-0.19585522,0.23523545,-0.22179602,-0.91991004,-0.040885266,0.08840782,0.090244045,0.088382137,0.97221215,0.28128338,0.87241385,-0.39625274,0.4496276,0.87986662,-0.95063364,-0.78525457,0.95312131,-0.5039915,-0.98580679,-0.48866072,-0.93948987,-0.24248912,0.49605591,-0.94723944,-0.72404093,-0.94723944,-0.99808411,-0.5397159,-0.92935669,22,"standing"
-0.23187332,-0.19328838,0.23027161,-0.2146172,-0.92544741,-0.044935274,0.091124234,0.096071245,0.089577242,0.97322012,0.56676618,0.8760362,-0.42961716,0.47814671,0.88037463,-0.91819065,-0.78960824,0.95450181,-0.52752597,-0.98380068,-0.69957376,-0.9105093,-0.2437587,0.71147073,-0.91781474,-0.6486662,-0.91781474,-0.99581906,-0.74514443,-0.92792172,22,"standing"
-0.23187332,-0.19904838,0.2310781,-0.21580593,-0.92449924,-0.043564574,0.089497196,0.094109669,0.089577242,0.97281741,0.42041191,0.87620237,-0.44153614,0.48859288,0.88037463,-0.91397245,-0.789331,0.95456507,-0.53651316,-0.98447002,-0.70014298,-0.91445236,-0.2456504,0.69179853,-0.91505553,-0.68521446,-0.91505553,-0.99556276,-0.70383075,-0.86910094,22,"standing"
-0.23288117,-0.20176892,0.23812042,-0.22605628,-0.9164708,-0.038681742,0.082850226,0.08710896,0.085460219,0.9718037,0.28941285,0.87178071,-0.48273406,0.49603667,0.88029795,-0.97464173,-0.78251406,0.95287958,-0.50944477,-0.98684415,-0.79295625,-0.96943879,-0.2397619,0.77585807,-0.97464096,-0.62968945,-0.97464096,-0.99942304,-0.77208596,-0.92981511,22,"standing"
-0.24967251,-0.20176892,0.24119975,-0.23051182,-0.91294127,-0.034404534,0.079097613,0.080953502,0.077178581,0.9718037,0.30844112,0.87013247,-0.3154588,0.32431421,0.87840733,-0.98244757,-0.78041225,0.95225136,-0.33288808,-0.9887483,-0.44612369,-0.97874751,-0.24531821,0.40670211,-0.98156251,-0.60972909,-0.98156251,-0.99964368,-0.40313425,-0.94797266,22,"standing"
-0.23873492,-0.20101939,0.23872209,-0.22697377,-0.91579423,-0.032472603,0.079097613,0.078186782,0.072284853,0.9726436,0.43501932,0.87440845,-0.43387936,0.46648616,0.88194585,-0.95823107,-0.7847114,0.95388119,-0.49970784,-0.98958318,-0.65826532,-0.96390577,-0.259185,0.65280319,-0.95892,-0.69892109,-0.95892,-0.99874577,-0.67089193,-0.90749004,22,"standing"
-0.22820487,-0.1980741,0.23174511,-0.21686588,-0.9236423,-0.034871179,0.080178773,0.081638775,0.075626041,0.97368491,0.54087336,0.88092221,-0.55013713,0.56666175,0.88308874,-0.96240695,-0.79309802,0.95636111,-0.5833736,-0.98855546,-0.73196495,-0.96672905,-0.27264141,0.7145157,-0.96372781,-0.62097049,-0.96372781,-0.99897884,-0.71461078,-0.94585325,22,"standing"
0.38665598,0.38049897,-0.19857424,0.39865413,-0.6643526,-0.31288208,0.44447112,0.46035343,0.4701977,0.69318449,-0.34066337,0.22384205,-0.94193521,0.94339347,0.6560546,-0.90572865,-0.35059225,0.67956039,-0.94449081,-0.59058573,-0.94146507,-0.9207071,0.79889452,0.94504136,-0.90163677,-0.91329954,-0.90163677,-0.99420317,-0.95293613,-0.96790782,22,"sitting"
0.36853751,0.39926311,-0.19085188,0.38379628,-0.68834506,-0.3067431,0.44447112,0.44745936,0.44654867,0.69447112,-0.56722662,0.2237862,-0.5155537,0.51602041,0.61051732,-0.97452238,-0.36625225,0.67961038,-0.5163648,-0.61388089,-0.59098988,-0.97555142,0.72418857,0.55109759,-0.96772926,-0.54848189,-0.96772926,-0.99915244,-0.53706818,-0.9880433,22,"sitting"
0.34555032,0.39932174,-0.18877049,0.38188353,-0.69139483,-0.30652213,0.44622387,0.44810509,0.43798368,0.70880086,-0.44649691,0.23340208,-0.81439454,0.82007786,0.61266764,-0.98684534,-0.36881805,0.68414505,-0.82539983,-0.61277792,-0.61291875,-0.9870505,0.72943964,0.5831555,-0.98700607,-0.3809773,-0.98700607,-0.9997839,-0.57829616,-0.98938409,22,"sitting"
0.35012868,0.403996,-0.19038584,0.38419064,-0.68782456,-0.3081564,0.44914781,0.45037002,0.44568917,0.6994178,-0.39725266,0.22803015,-0.74897388,0.74869504,0.61266764,-0.99012462,-0.36515719,0.68161103,-0.74815083,-0.60878507,-0.27486505,-0.98892061,0.73688415,0.21631507,-0.98969103,-0.33773944,-0.98969103,-0.99984223,-0.20447059,-0.99253571,22,"sitting"
0.35293633,0.40436328,-0.19289863,0.38757583,-0.682541,-0.31347549,0.45072434,0.4571919,0.44971266,0.69673044,-0.63597151,0.21273357,-0.62271005,0.62226929,0.60989096,-0.98386058,-0.35626378,0.67438778,-0.62165845,-0.59667334,-0.26814195,-0.98162304,0.75041569,0.20712349,-0.98435416,-0.43339513,-0.98435416,-0.99971926,-0.19310605,-0.99424762,22,"sitting"
0.35293633,0.4064679,-0.19363496,0.3887507,-0.6807061,-0.31499675,0.4577844,0.45934428,0.44971266,0.69673044,-0.46637707,0.20937755,-0.65704189,0.65901669,0.60294026,-0.98281621,-0.35369324,0.67280197,-0.66069318,-0.5928514,-0.37240739,-0.98227663,0.75630807,0.31729231,-0.98351575,-0.61963929,-0.98351575,-0.99969734,-0.30218349,-0.99436255,22,"sitting"
0.35267636,0.40631999,-0.19253823,0.38692707,-0.68356296,-0.31337034,0.4577683,0.45686677,0.44822474,0.69778251,-0.48627397,0.21261047,-0.44458424,0.44158205,0.60294026,-0.99396403,-0.35678565,0.67433577,-0.43836571,-0.59729307,-0.29893778,-0.99299758,0.74768512,0.23239307,-0.99382541,-0.49545236,-0.99382541,-0.99991809,-0.21021276,-0.99808855,22,"sitting"
0.35138173,0.40631999,-0.19291432,0.38713603,-0.68323836,-0.31354403,0.4577683,0.45676606,0.44490903,0.69803678,-0.70147724,0.20979822,-0.42724039,0.4349781,0.60278151,-0.96945692,-0.35616749,0.67300283,-0.4424263,-0.59747581,-0.36197259,-0.97218812,0.7454203,0.31741809,-0.97004458,-0.24529891,-0.97004458,-0.99925035,-0.31366048,-0.99505801,22,"sitting"
0.3558051,0.40900991,-0.19537627,0.39028366,-0.67829043,-0.3135015,0.4581592,0.45660008,0.44490903,0.69407793,-0.81416255,0.20444368,-0.48220112,0.48485371,0.59890405,-0.96946756,-0.35346997,0.67045975,-0.48688601,-0.5977721,-0.27511548,-0.97437208,0.74863437,0.21060428,-0.97000745,-0.28229772,-0.97000745,-0.99924888,-0.19176581,-0.99356034,22,"sitting"
0.3558051,0.40722506,-0.19531338,0.39042922,-0.67805896,-0.31167421,0.45305295,0.45453633,0.44369442,0.69407793,-0.76589517,0.20963155,-0.74585397,0.74453071,0.60761892,-0.97990317,-0.35563557,0.67291484,-0.74286666,-0.60143889,-0.68819781,-0.98542442,0.74823614,0.66018865,-0.98240107,-0.59490238,-0.98240107,-0.9996672,-0.65199327,-0.99157968,22,"sitting"
0.35411965,0.40704676,-0.19273069,0.38733017,-0.68293185,-0.30903844,0.45201788,0.45153229,0.44322852,0.69680161,-0.49256082,0.22188124,-0.73817428,0.73749543,0.60774824,-0.99167563,-0.36153743,0.67871685,-0.73654113,-0.60675467,-0.39115025,-0.991001,0.74295024,0.33819322,-0.99241491,-0.43480951,-0.99241491,-0.99989416,-0.32424242,-0.99692927,22,"sitting"
0.34908621,0.40704676,-0.19211098,0.38643186,-0.684341,-0.30722946,0.45010089,0.44914455,0.43799368,0.70602203,-0.23565753,0.22624245,-0.51050632,0.51514703,0.60802353,-0.99476286,-0.36429387,0.68077736,-0.51915473,-0.61096041,-0.24541956,-0.99124533,0.73809278,0.21438321,-0.99494143,-0.38541188,-0.99494143,-0.99993572,-0.23244026,-0.99774109,22,"sitting"
0.34933129,0.4074239,-0.19226737,0.38676065,-0.68382773,-0.30694444,0.45010089,0.44891531,0.43797826,0.7061735,-0.39877829,0.22724556,-0.46220596,0.46792557,0.60889599,-0.99527594,-0.36444416,0.68124995,-0.47332294,-0.61136238,-0.28787029,-0.99199401,0.73928186,0.27710152,-0.99490372,-0.13234232,-0.99490372,-0.99993502,-0.31482858,-0.99474678,22,"sitting"
0.34933129,0.40523822,-0.19134251,0.38582171,-0.68528998,-0.30696741,0.45033212,0.44925745,0.43797826,0.70750795,-0.37080291,0.23074936,-0.57666348,0.58034487,0.61141424,-0.99396235,-0.36544981,0.682898,-0.58374265,-0.61076256,-0.30681483,-0.99290502,0.74081541,0.27116805,-0.99411783,-0.22553703,-0.99411783,-0.99992287,-0.28140079,-0.99491656,22,"sitting"
0.34845594,0.40518529,-0.19032901,0.38449498,-0.6873562,-0.30712311,0.45052941,0.44947362,0.43807458,0.70867101,-0.20073981,0.23251813,-0.666867,0.66994443,0.61141424,-0.98726257,-0.36640069,0.68373017,-0.67261422,-0.61038327,-0.37964051,-0.98832184,0.73939035,0.36706923,-0.9877713,-0.3192671,-0.9877713,-0.99980074,-0.39689217,-0.99406972,22,"sitting"
0.13534456,0.10011253,-0.0035940938,0.12829693,-0.95619101,-0.19130381,0.28069091,0.30216726,0.30826151,0.8891612,-0.9153835,0.75323684,-0.95614432,0.95792424,0.9000121,-0.74845699,-0.67570919,0.90634959,-0.95933299,-0.8256142,-0.90793539,-0.82258587,0.078125879,0.89958963,-0.75323313,-0.95727139,-0.75323313,-0.9673478,-0.89708845,-0.96379842,22,"sitting"
0.13534456,0.16385169,-0.025911724,0.15889177,-0.93949972,-0.19900896,0.3009387,0.30966513,0.30826151,0.8891612,-0.25442649,0.68650242,-0.96958922,0.97444909,0.81864287,-0.95375692,-0.64994375,0.88035256,-0.9789982,-0.81706816,-0.96208619,-0.96902274,0.1312538,0.96139284,-0.95813595,-0.89080046,-0.95813595,-0.99870563,-0.96329712,-0.95417192,22,"sitting"
0.13294661,0.1745594,-0.022158069,0.15409555,-0.942779,-0.19124411,0.29596092,0.30008777,0.30014707,0.90057782,-0.60741846,0.71274769,-0.7780233,0.77680828,0.81972854,-0.97827578,-0.66230333,0.89088269,-0.77527965,-0.8284773,-0.73540982,-0.98301864,0.11288652,0.71314524,-0.98048508,-0.67501349,-0.98048508,-0.99961246,-0.7078841,-0.96827555,22,"sitting"
0.12014851,0.16891794,-0.018350688,0.14860589,-0.94638965,-0.185733,0.28845291,0.29252199,0.28701275,0.91449655,-0.50807573,0.72382051,-0.67489259,0.67787624,0.82426743,-0.9787659,-0.67194261,0.89529341,-0.68060617,-0.83716634,-0.68377467,-0.97770229,0.086243982,0.65859878,-0.98023557,-0.70928415,-0.98023557,-0.99960507,-0.65369412,-0.99083708,22,"sitting"
0.11838096,0.16891794,-0.016215622,0.14554318,-0.94834999,-0.18381528,0.28845291,0.28991436,0.28451026,0.9160803,-0.11707098,0.72865743,-0.69103892,0.69296097,0.82426743,-0.98428523,-0.67591124,0.89721539,-0.69465337,-0.84013768,-0.54030214,-0.98189975,0.074654929,0.50132017,-0.98477434,-0.45729692,-0.98477434,-0.9997299,-0.4918038,-0.99188766,22,"sitting"
0.11426046,0.16892042,-0.015842634,0.14500064,-0.94869619,-0.18610937,0.28929856,0.29305607,0.28451934,0.91598365,-0.29331144,0.72568544,-0.52354645,0.52578645,0.82425711,-0.9888599,-0.67339027,0.89603553,-0.5277621,-0.83659337,-0.18372913,-0.98500584,0.07930765,0.12553399,-0.98841712,-0.58518389,-0.98841712,-0.99981546,-0.11968347,-0.99507311,22,"sitting"
0.11519265,0.16964963,-0.016182275,0.14541741,-0.94843364,-0.18816923,0.29597935,0.29575252,0.28786928,0.91439312,-0.26963213,0.72096013,-0.36529842,0.38377386,0.82059148,-0.99426052,-0.67061088,0.89415794,-0.40229028,-0.83351945,-0.2891869,-0.99241938,0.084034062,0.23946246,-0.99485944,-0.71775337,-0.99485944,-0.99993447,-0.23556255,-0.99719038,22,"sitting"
0.11547534,0.16881469,-0.016450977,0.14585079,-0.94815922,-0.18921965,0.29456682,0.29727414,0.28807412,0.91439312,-0.59204982,0.72021198,-0.52113921,0.52489591,0.82346577,-0.97383176,-0.66912067,0.89386001,-0.52856824,-0.83176799,-0.34575806,-0.98150785,0.088703929,0.29062391,-0.9769315,-0.65636711,-0.9769315,-0.9995013,-0.27734223,-0.99508433,22,"sitting"
0.11547534,0.16747118,-0.015604228,0.14474891,-0.94885028,-0.18640815,0.29089768,0.29362893,0.28807412,0.91439643,-0.81254519,0.72742969,-0.57461677,0.57379846,0.82542371,-0.97323858,-0.67320381,0.89672614,-0.57266679,-0.83591921,-0.61257147,-0.97435128,0.081482786,0.58231988,-0.97413231,-0.6656703,-0.97413231,-0.99940474,-0.57691139,-0.99522996,22,"sitting"
0.11907619,0.16747118,-0.016474245,0.14597003,-0.9480681,-0.18815815,0.29089768,0.29597071,0.29485226,0.91047701,-0.84482311,0.72350913,-0.65218853,0.65179532,0.82542371,-0.96865139,-0.67040511,0.89516478,-0.65099717,-0.83318363,-0.67647843,-0.96549841,0.088053875,0.65036768,-0.96762221,-0.61827946,-0.96762221,-0.99915076,-0.64488864,-0.99366712,22,"sitting"
0.11907619,0.16856884,-0.017510186,0.14739776,-0.94716768,-0.18904587,0.28221393,0.29707174,0.29485226,0.91047701,-0.78593313,0.7199725,-0.67931406,0.67791014,0.82733222,-0.96468695,-0.66853695,0.89375948,-0.67620993,-0.8318815,-0.63716939,-0.96091638,0.092170744,0.60745396,-0.96427787,-0.55686515,-0.96427787,-0.9990039,-0.60094634,-0.99369405,22,"sitting"
0.12405295,0.16856884,-0.01773201,0.14775124,-0.94692874,-0.18205502,0.28098565,0.28753286,0.2930811,0.91173375,-0.77204526,0.73023691,-0.60786834,0.60546229,0.82778736,-0.95971069,-0.67688972,0.89783789,-0.60280077,-0.84270591,-0.72056908,-0.9643344,0.075484654,0.69647246,-0.96011549,-0.6453741,-0.96011549,-0.99880582,-0.69023465,-0.99420057,22,"sitting"
0.12538555,0.16858087,-0.021205956,0.15275698,-0.94366128,-0.18377281,0.28098565,0.28989368,0.28765493,0.91276083,-0.79116165,0.72478302,-0.64218453,0.64087985,0.82778736,-0.96598575,-0.6721026,0.89567112,-0.63921125,-0.84006509,-0.60836609,-0.96728223,0.091220007,0.57067521,-0.965059,-0.76686355,-0.965059,-0.9990391,-0.55771386,-0.99684769,22,"sitting"
0.12538555,0.17528173,-0.022213289,0.15420465,-0.94273198,-0.18788136,0.29406834,0.29552883,0.28765493,0.91276083,-0.35851342,0.71805181,-0.67512209,0.67639291,0.82073516,-0.98909987,-0.66634375,0.8930003,-0.6773583,-0.83376944,-0.54832947,-0.98591082,0.10507301,0.50946013,-0.98833506,-0.50559229,-0.98833506,-0.99981365,-0.49932719,-0.99662514,22,"sitting"
0.12293454,0.17519468,-0.020495822,0.15169455,-0.94439615,-0.18725741,0.29410898,0.29461079,0.28760061,0.91289866,-0.27601602,0.71974121,-0.5151531,0.51606555,0.82073516,-0.99151754,-0.66843577,0.8936728,-0.516824,-0.83482286,-0.17756021,-0.98942319,0.097096677,0.10630484,-0.99154371,-0.17132841,-0.99154371,-0.99987825,-0.087741263,-0.9960166,22,"sitting"
0.12163372,0.17344967,-0.020481736,0.15163151,-0.94443722,-0.18791168,0.28946393,0.29543514,0.2880997,0.91256197,-0.78578256,0.71796813,-0.62748672,0.62574729,0.8228055,-0.95369911,-0.66765154,0.89296674,-0.62373832,-0.83386915,-0.29027138,-0.97007522,0.097770488,0.22284277,-0.95838464,-0.56707581,-0.95838464,-0.99871844,-0.20026074,-0.9954893,22,"sitting"
0.12163372,0.16737986,-0.018203036,0.14843158,-0.94648524,-0.18087462,0.27367671,0.28591193,0.2880997,0.91256197,-0.66740607,0.73149401,-0.62231655,0.61898816,0.83253293,-0.9648653,-0.67795493,0.89832715,-0.61536085,-0.84439181,-0.57389921,-0.96599614,0.073941762,0.53466621,-0.96539681,-0.45596641,-0.96539681,-0.99905445,-0.52252729,-0.99277736,22,"sitting"
0.60085052,0.57026439,-0.37524267,0.62025569,-0.21279786,-0.63633594,0.77565995,0.81977419,0.90618861,-0.70332538,0.84476351,-0.98158871,-0.98594872,0.98900933,-0.43834319,-0.57879618,0.61892538,-0.51237774,-0.99172229,0.31551283,-0.95836192,-0.66195922,0.36752357,0.95578126,-0.57744501,-0.97103092,-0.57744501,-0.90732191,-0.95593961,-0.98456916,22,"laying"
0.60324654,0.6471273,-0.40410285,0.64293455,-0.15703141,-0.60432871,0.77565995,0.7790578,0.78463286,-0.41395882,0.53220753,-0.99319576,-0.98434607,0.98667369,-0.43834319,-0.95377125,0.53307593,-0.39134982,-0.98864196,0.18313479,-0.72340795,-0.94744153,0.25457083,0.70722679,-0.94984948,-0.95310653,-0.94984948,-0.99824343,-0.70932778,-0.97322147,22,"laying"
0.60324654,0.66304482,-0.40604676,0.6471257,-0.14636907,-0.60256483,0.7762823,0.77984101,0.76716005,-0.35429653,0.21060494,-0.99413464,-0.84520912,0.84521397,-0.44012994,-0.97431429,0.53617389,-0.39544475,-0.84489506,0.18547644,-0.69457147,-0.97501311,0.26017085,0.69357865,-0.975612,-0.53603316,-0.975612,-0.99945675,-0.71368237,-0.98271035,22,"laying"
0.60282228,0.66359769,-0.4054751,0.64674688,-0.14734155,-0.6034693,0.78215511,0.78096718,0.76716005,-0.35429653,-0.11765509,-0.99501794,-0.80697926,0.81412637,-0.46692095,-0.99605282,0.54019628,-0.40107468,-0.82093124,0.18891691,-0.30694973,-0.99418779,0.25132534,0.27245962,-0.99564477,-0.20654424,-0.99564477,-0.99994608,-0.28384833,-0.99148305,22,"laying"
0.60370783,0.66359769,-0.40577833,0.64716749,-0.14626198,-0.60309265,0.78172901,0.78072165,0.76676556,-0.35122548,0.1316055,-0.9948624,-0.48263337,0.48816731,-0.46692095,-0.99145237,0.53937366,-0.39990713,-0.49346378,0.18816372,-0.42807059,-0.99051162,0.25405658,0.45061635,-0.99075276,-0.28496007,-0.99075276,-0.99986336,-0.51452329,-0.9913694,22,"laying"
0.60433979,0.66454562,-0.40658667,0.64823152,-0.14352841,-0.60229698,0.78124265,0.78019354,0.76676556,-0.35122548,0.12297676,-0.99497298,-0.38205013,0.3984023,-0.46802484,-0.98898694,0.53995886,-0.40071029,-0.41482811,0.18654643,-0.47790547,-0.98779898,0.25399051,0.50170007,-0.98961703,-0.4230684,-0.98961703,-0.99984074,-0.5633082,-0.99128144,22,"laying"
0.6070404,0.66580747,-0.40796486,0.64964495,-0.13989006,-0.60081264,0.77838593,0.77870785,0.76449839,-0.35100325,0.01804826,-0.99483835,-0.36923003,0.43321691,-0.46600008,-0.9914843,0.5392572,-0.39973242,-0.49850522,0.18199856,-0.4212232,-0.99042996,0.25573937,0.41575224,-0.99166978,-0.34093543,-0.99166978,-0.99988055,-0.45035871,-0.99489482,22,"laying"
0.60859534,0.66644867,-0.40982527,0.65161043,-0.13481731,-0.5987589,0.77734369,0.77672256,0.7644589,-0.35007178,-0.23006601,-0.99452756,-0.44233585,0.46443115,-0.464187,-0.99420004,0.53767726,-0.39751536,-0.48686366,0.17593897,0.081211192,-0.99394439,0.26003529,-0.12111823,-0.99385379,-0.18100306,-0.99385379,-0.99991859,0.087908949,-0.9955858,22,"laying"
0.60901376,0.66919765,-0.41132266,0.6532519,-0.1305738,-0.59713843,0.77668832,0.77522344,0.76088118,-0.34753626,-0.50823784,-0.99436225,-0.40607732,0.41383532,-0.464187,-0.99805989,0.53684732,-0.39634542,-0.42138841,0.17136592,-0.063666997,-0.99744295,0.26273687,0.024372784,-0.99731176,-0.17861759,-0.99731176,-0.99996901,-0.047739706,-0.99623191,22,"laying"
0.60901376,0.66907242,-0.41155885,0.65333239,-0.13036522,-0.59689159,0.77619862,0.77479075,0.76037195,-0.34720415,-0.25165972,-0.9943614,-0.53347641,0.54463265,-0.46420609,-0.99481429,0.53682839,-0.39633923,-0.55552932,0.17004958,-0.12864456,-0.99403215,0.26181117,0.079652255,-0.99393238,-0.19941949,-0.99393238,-0.9999199,-0.088238501,-0.99553621,22,"laying"
0.60898661,0.66864467,-0.41091213,0.65226324,-0.13313192,-0.59759411,0.77619862,0.77502695,0.760712,-0.34796585,0.01553459,-0.99444581,-0.4918197,0.50581041,-0.46420609,-0.99575555,0.53721885,-0.39693131,-0.51962892,0.1707687,-0.15131026,-0.99435952,0.25840036,0.082556342,-0.9950392,-0.076087746,-0.9950392,-0.99993723,-0.068340758,-0.9980677,22,"laying"
0.60816236,0.66864467,-0.41046255,0.65211812,-0.13350789,-0.59806179,0.77751963,0.77585821,0.76189206,-0.34796585,-0.15231339,-0.99444179,-0.40148828,0.41737774,-0.46394796,-0.99689375,0.5372277,-0.39690408,-0.43328216,0.17329945,-0.0082544714,-0.99618639,0.26027983,-0.067149751,-0.99714086,-0.036539816,-0.99714086,-0.99996677,0.078862128,-0.99778786,22,"laying"
0.60818597,0.66869152,-0.41048159,0.65253989,-0.13241724,-0.59802881,0.77751963,0.77628827,0.76189206,-0.34890046,-0.18819275,-0.99440106,-0.43574763,0.4465659,-0.46394796,-0.99626125,0.53705965,-0.39662098,-0.45746165,0.17461004,-0.20781383,-0.99539478,0.26311871,0.15876016,-0.99636042,-0.34216982,-0.99636042,-0.99995609,-0.1615905,-0.99626367,22,"laying"
0.60872399,0.6685353,-0.41047827,0.6522153,-0.13325632,-0.59808673,0.77691187,0.7759737,0.76188832,-0.34904773,0.03706922,-0.99454583,-0.39340829,0.39631147,-0.46400117,-0.99653303,0.53775605,-0.39763811,-0.3991054,0.17365158,-0.17793023,-0.99559575,0.25944085,0.110143,-0.99652845,-0.2668089,-0.99652845,-0.99995857,-0.094966621,-0.99794931,22,"laying"
0.60953047,0.6685353,-0.41136659,0.65305446,-0.13108302,-0.59714578,0.77660319,0.77494947,0.76092627,-0.34904773,0.20289578,-0.99450126,-0.38832067,0.39022629,-0.4645459,-0.99608398,0.53752227,-0.3973234,-0.39185992,0.1705327,-0.11255472,-0.99553526,0.25958803,0.035193874,-0.99512087,-0.13361093,-0.99512087,-0.99993834,-0.014246801,-0.99676791,22,"laying"
0.72890288,0.72555257,-0.49041888,0.73879094,0.10636649,-0.50994631,0.44466759,0.69194254,0.73958732,-0.35607294,0.17298301,-0.97805661,-0.95780215,0.96681757,-0.21367759,-0.69224572,0.49187496,-0.33234781,-0.97559684,-0.056610407,-0.76528578,-0.65663806,0.39555909,0.74903967,-0.64480848,-0.9910262,-0.64480848,-0.93392161,-0.74794904,-0.93659036,22,"laying"
0.68582679,0.72555257,-0.46829106,0.7151046,0.037072393,-0.52927483,0.69221508,0.71058266,0.73958732,-0.33772888,-0.13183386,-0.97079729,-0.91114076,0.91434845,-0.34052673,-0.89561079,0.46836184,-0.29964765,-0.91727212,-0.016166568,-0.79067677,-0.88531796,0.44392423,0.7783526,-0.88664456,-0.91969821,-0.88664456,-0.99248363,-0.7797957,-0.90210506,22,"laying"
0.67098527,0.72612604,-0.47279521,0.71477349,0.036087608,-0.5224454,0.69221508,0.6988893,0.69520566,-0.24684623,0.17720365,-0.96668584,-0.87404241,0.87994752,-0.34052673,-0.9277368,0.45663016,-0.28445283,-0.88553957,-0.049377001,-0.70016852,-0.92361432,0.44099831,0.70372976,-0.92810044,-0.81459495,-0.92810044,-0.99670832,-0.72843978,-0.9522376,22,"laying"
0.67091914,0.72859285,-0.46929756,0.71382801,0.033411608,-0.52720981,0.69918463,0.706249,0.69521498,-0.24684623,-0.57013879,-0.96941053,-0.79023714,0.79163185,-0.35576795,-0.98930324,0.462649,-0.29220352,-0.79266497,-0.029167717,-0.58538801,-0.98646962,0.44319229,0.5667517,-0.98804433,-0.35847086,-0.98804433,-0.99980729,-0.57580205,-0.97140224,22,"laying"
0.66707395,0.72851236,-0.46902598,0.7127728,0.030429199,-0.52754269,0.70602366,0.70584328,0.69521498,-0.24713431,-0.15052133,-0.96960571,-0.41796222,0.43014765,-0.36008041,-0.98041195,0.46292427,-0.29278337,-0.44216824,-0.030305379,-0.35752618,-0.97362853,0.43812765,0.33351201,-0.97835078,-0.43019579,-0.97835078,-0.99954722,-0.35201842,-0.98530157,22,"laying"
0.6675578,0.72851046,-0.46976198,0.71296451,0.030970026,-0.52696355,0.70602366,0.70472381,0.69099503,-0.24724979,-0.072317023,-0.97013259,-0.33963509,0.40513337,-0.36174358,-0.97961224,0.46396021,-0.29436433,-0.4716709,-0.033410667,-0.36405839,-0.97696067,0.43261684,0.35056947,-0.97842925,-0.40504255,-0.97842925,-0.9995494,-0.38019551,-0.98678526,22,"laying"
0.66773355,0.72810995,-0.46989082,0.71305689,0.031231097,-0.52697546,0.70570384,0.70470156,0.69163326,-0.25052576,0.25433931,-0.97050986,-0.43926662,0.46279292,-0.36369813,-0.97121228,0.46477362,-0.29550854,-0.48660146,-0.033471762,-0.33153823,-0.97042308,0.430608,0.33178873,-0.96879441,-0.14941287,-0.96879441,-0.9991972,-0.37844079,-0.98538124,22,"laying"
0.66773355,0.72796601,-0.46897753,0.71239263,0.029358812,-0.52816133,0.70570384,0.70616509,0.69398899,-0.25125469,0.30906978,-0.9710917,-0.45536878,0.46490296,-0.36369813,-0.97169293,0.46609159,-0.29728819,-0.47434853,-0.029414246,-0.30601381,-0.96986109,0.42929265,0.30462268,-0.96897708,-0.18086301,-0.96897708,-0.99920616,-0.35112846,-0.98569599,22,"laying"
0.66639738,0.72796601,-0.46819223,0.71214763,0.028667134,-0.52900354,0.70863564,0.70755439,0.69398899,-0.25125469,0.087005892,-0.97111253,-0.33371264,0.33555732,-0.36476399,-0.99813905,0.46622984,-0.29735006,-0.33697737,-0.025567346,-0.1270525,-0.99756565,0.43222063,0.080237144,-0.99914894,0.098043288,-0.99914894,-0.99999098,-0.090654399,-0.99749243,22,"laying"
0.66639738,0.72845737,-0.46860562,0.71246073,0.029549086,-0.52847847,0.70871016,0.70691506,0.6936446,-0.25021009,-0.16187463,-0.97087814,-0.3335141,0.34529415,-0.36476399,-0.99830719,0.46569641,-0.29662912,-0.35722061,-0.027342278,-0.13026295,-0.99680286,0.43274888,0.083880249,-0.99814316,-0.12587453,-0.99814316,-0.9999793,-0.094667653,-0.99818216,22,"laying"
0.66629598,0.72837044,-0.46889986,0.71224752,0.028948115,-0.52825532,0.7075582,0.70619748,0.69229684,-0.25040878,-0.56649444,-0.97113234,-0.33546195,0.36104408,-0.36496467,-0.99439399,0.46616561,-0.29740794,-0.38709057,-0.029331496,0.14314947,-0.99190936,0.42875483,-0.20591151,-0.99222762,-0.22927766,-0.99222762,-0.99989062,0.19398015,-0.99632619,22,"laying"
0.6659455,0.72718123,-0.46862966,0.71178293,0.027639942,-0.5285816,0.7075582,0.70634783,0.69412467,-0.25251147,0.16689071,-0.97126256,-0.45881648,0.46229247,-0.36545686,-0.98297592,0.46641951,-0.29780963,-0.46551126,-0.028913141,-0.29471451,-0.98313959,0.4271225,0.264252,-0.98320118,-0.28543866,-0.98320118,-0.99968885,-0.2794405,-0.98386588,22,"laying"
0.66827904,0.72718123,-0.46849167,0.71213108,0.028622629,-0.52888707,0.70769417,0.70713018,0.69413354,-0.25302722,0.5092749,-0.97163869,-0.32518578,0.32290174,-0.36545686,-0.98754175,0.46733825,-0.29897532,-0.32018323,-0.026743345,-0.58901165,-0.98356059,0.42791688,0.56987949,-0.98543647,-0.33251245,-0.98543647,-0.99974558,-0.57808229,-0.98606212,22,"laying"
0.66946011,0.72742845,-0.47023702,0.71427425,0.034671831,-0.52707136,0.70544764,0.70563433,0.69413354,-0.25302722,0.025017021,-0.9716127,-0.29347254,0.29513406,-0.36613302,-0.99590967,0.4673482,-0.29889334,-0.29645547,-0.030885242,-0.31616948,-0.99453331,0.42989755,0.27360482,-0.9949443,-0.35807013,-0.9949443,-0.99993579,-0.27605834,-0.99769776,22,"laying"
0.66946011,0.73119326,-0.47191803,0.71575189,0.038846421,-0.52517198,0.70517563,0.70347574,0.69071682,-0.25104916,-0.16929108,-0.97124754,-0.38652838,0.42149081,-0.36613302,-0.99606502,0.46650434,-0.29776161,-0.45702301,-0.036858739,-0.12272313,-0.99505932,0.43031856,0.10858298,-0.99579509,-0.074739972,-0.99579509,-0.99994804,-0.15454268,-0.99409271,22,"laying"
0.66991642,0.73220588,-0.47232794,0.71602842,0.039629483,-0.52469283,0.70456527,0.70285336,0.68855998,-0.25107235,-0.041066992,-0.97112247,-0.53967323,0.54599735,-0.36277541,-0.99438304,0.46620946,-0.29738131,-0.55226979,-0.038576722,-0.19513218,-0.99353552,0.43013781,0.22431005,-0.99276939,0.047433752,-0.99276939,-0.99990023,-0.31002898,-0.98821197,22,"laying"
0.66991642,0.73005964,-0.47200873,0.71563626,0.03852018,-0.5246841,0.70455742,0.70277345,0.68949491,-0.25107235,0.025638833,-0.97024799,-0.44575612,0.45393818,-0.36081394,-0.97606287,0.46429762,-0.29472895,-0.4620667,-0.038796804,-0.071424597,-0.97401735,0.43395964,0.11476644,-0.97328394,-0.070915141,-0.97328394,-0.99937381,-0.22583221,-0.98684837,22,"laying"
0.66968943,0.72925369,-0.47042877,0.71408511,0.034135084,-0.52631352,0.70455742,0.7044857,0.69306945,-0.25013451,0.023775428,-0.97020531,-0.47723542,0.48883283,-0.36081394,-0.97118009,0.46420706,-0.29459681,-0.50040809,-0.034062779,0.035466234,-0.9727777,0.43457668,0.036560391,-0.96894582,-0.03101812,-0.96894582,-0.99920532,-0.1859039,-0.98688537,22,"laying"
0.66717303,0.72904434,-0.46888449,0.71289073,0.030761385,-0.52820815,0.70647157,0.70678045,0.69335641,-0.25013451,0.095024517,-0.97091716,-0.51170346,0.5209178,-0.36296929,-0.98931372,0.4658094,-0.29675023,-0.53018149,-0.027713923,-0.14134405,-0.98710254,0.43332401,0.21452368,-0.98746805,-0.20492603,-0.98746805,-0.99979439,-0.35211059,-0.98829533,22,"laying"
0.66639898,0.72774349,-0.46852356,0.7123092,0.02912231,-0.5283177,0.70821128,0.7066822,0.69335641,-0.25007832,-0.24524868,-0.97024502,-0.42055586,0.43399297,-0.35839366,-0.99455426,0.4643184,-0.29472096,-0.44772988,-0.027987228,-0.17313937,-0.99258934,0.43538445,0.18140603,-0.99362798,-0.22625041,-0.99362798,-0.9999149,-0.24773865,-0.9935982,22,"laying"
0.66621134,0.72773259,-0.46830271,0.71179043,0.027660756,-0.52794018,0.70802679,0.70600605,0.69154614,-0.24762321,-0.39216329,-0.96870768,-0.39703234,0.4044096,-0.35614582,-0.99464206,0.46097916,-0.29013269,-0.41194786,-0.029862584,0.051478971,-0.99245537,0.44099191,-0.11008914,-0.99446344,-0.13142137,-0.99446344,-0.99992835,0.099334439,-0.99632385,22,"laying"
0.66655497,0.72773259,-0.46843468,0.71207759,0.028469774,-0.52750625,0.70744768,0.70570604,0.69154614,-0.24220076,-0.33226125,-0.96793918,-0.52437185,0.53561307,-0.35614582,-0.99259051,0.45937936,-0.28786033,-0.54686616,-0.0306933,-0.20988542,-0.99031653,0.4453397,0.21564386,-0.99100172,-0.045904597,-0.99100172,-0.99986815,-0.27659011,-0.99452493,22,"laying"
-0.25850872,-0.22200106,0.25081292,-0.24442648,-0.9011313,-0.057879661,0.076644689,0.11472903,0.12935552,0.95934408,-0.45129079,0.84867423,-0.27694438,0.36358443,0.87646468,-0.27358519,-0.75472972,0.94403653,-0.4446589,-0.975634,0.075912547,-0.020356065,-0.13307739,-0.10078624,0.029984332,-0.43616769,0.029984332,-0.4643693,0.056788276,-0.44789893,22,"walking"
-0.26048435,-0.22200106,0.25124825,-0.24499903,-0.90063765,-0.046881189,0.081193688,0.098900956,0.1269593,0.95935079,-0.34720002,0.85293354,-0.38209478,0.46221323,0.87655069,-0.38723613,-0.7604671,0.94566977,-0.53828763,-0.98203124,0.053222823,-0.19024421,-0.17067567,-0.069576871,-0.12280529,-0.31775125,-0.12280529,-0.61025375,0.018933102,-0.43340714,22,"walking"
-0.26048435,-0.21517223,0.25022596,-0.24304849,-0.90235905,-0.045127563,0.081193688,0.096187107,0.10360105,0.95594066,-0.35216666,0.84712781,-0.37429915,0.44776051,0.87655069,-0.44832726,-0.76277839,0.94344132,-0.51618324,-0.98343643,0.08956891,-0.31325358,-0.18750933,-0.068900328,-0.22969807,-0.26428757,-0.22969807,-0.69811504,-0.022091074,-0.40703772,22,"walking"
-0.26006193,-0.21736525,0.2507141,-0.24327224,-0.90215971,-0.051855739,0.0940895,0.10562574,0.10360105,0.9549768,-0.41215594,0.83546977,-0.26250967,0.35537484,0.86903494,-0.37752438,-0.75842812,0.93896357,-0.4405534,-0.98014877,-0.0032361711,-0.12798993,-0.17029146,-0.0034523636,-0.17179149,-0.30905708,-0.17179149,-0.65211131,-0.054674756,-0.41102343,22,"walking"
-0.25410647,-0.21736525,0.24836354,-0.23983243,-0.90510062,-0.045267394,0.087642438,0.096168355,0.10089069,0.9549768,-0.42478469,0.84032412,-0.22105491,0.31082741,0.87491505,-0.37027103,-0.76522019,0.94082874,-0.393078,-0.98365105,0.022350542,-0.10110291,-0.20131687,-0.036608119,-0.14501266,-0.29111377,-0.14501266,-0.62950987,-0.014628604,-0.54072154,22,"walking"
-0.25410647,-0.21566283,0.24635327,-0.23783625,-0.90682004,-0.039113072,0.084484068,0.087687619,0.087015232,0.95954175,-0.34019893,0.86040169,-0.40921859,0.48698735,0.8834634,-0.36098255,-0.77110019,0.94852253,-0.56048435,-0.98664593,0.096747301,-0.17373064,-0.21460416,-0.11137365,-0.15819477,-0.25968104,-0.15819477,-0.64065531,0.055936199,-0.47391075,22,"walking"
-0.25679065,-0.22323354,0.24958112,-0.24424923,-0.90125511,-0.042832628,0.084484068,0.093722368,0.09498179,0.96851499,-0.29965623,0.88423134,-0.45653946,0.53411062,0.89162577,-0.37641955,-0.764842,0.95760919,-0.6091752,-0.98450414,0.13815152,-0.13428709,-0.16359061,-0.15037901,-0.17236137,-0.30922883,-0.17236137,-0.65244911,0.0894365,-0.53273752,22,"walking"
-0.25270445,-0.22323354,0.25028528,-0.24449723,-0.90102997,-0.04992483,0.09974659,0.10365953,0.098790119,0.95084746,-0.27382774,0.86731325,-0.52422401,0.59867386,0.89162577,-0.38424666,-0.76009383,0.95111905,-0.67249891,-0.98097058,0.1701157,-0.20356587,-0.14884448,-0.17043618,-0.21132203,-0.26424037,-0.21132203,-0.68414566,0.09212017,-0.43908511,22,"walking"
-0.24637198,-0.21875935,0.24540566,-0.23512438,-0.90905409,-0.053884815,0.1054156,0.10827969,0.1112705,0.95084746,-0.17634475,0.83175738,-0.48970565,0.56265915,0.88143563,-0.42086153,-0.7642822,0.93751827,-0.63413395,-0.97912721,0.25255168,-0.23436387,-0.18810559,-0.28014779,-0.24597927,-0.29300964,-0.24597927,-0.71096002,0.22592086,-0.53174107,22,"walking"
-0.24288797,-0.20461299,0.24031757,-0.22747988,-0.91537872,-0.063632281,0.10635328,0.12198715,0.12626509,0.95292985,-0.24845154,0.82599909,-0.050087447,0.13076556,0.86522015,-0.45814172,-0.76463334,0.9353123,-0.20029513,-0.97293584,0.30090919,-0.31872668,-0.17647979,-0.33771527,-0.22776355,-0.28436547,-0.22776355,-0.6959871,0.29342323,-0.399928,22,"walking"
-0.24176395,-0.19694167,0.23737144,-0.22348371,-0.91860222,-0.067771381,0.11232418,0.12800953,0.12626509,0.95336933,-0.36906723,0.83079319,-0.24563253,0.32197298,0.86735717,-0.39581147,-0.76546931,0.9371603,-0.39175638,-0.97024955,0.44742253,-0.23097957,-0.16768606,-0.46730161,-0.164844,-0.25598668,-0.164844,-0.64502661,0.39760605,-0.48513476,22,"walking"
-0.24176395,-0.20181612,0.23854538,-0.22474147,-0.91758026,-0.05894234,0.10516432,0.11520835,0.12503973,0.94776255,-0.38095248,0.8271314,-0.39012837,0.46148437,0.86735717,-0.47546602,-0.77005776,0.93574408,-0.52879634,-0.97607148,0.21151781,-0.30751325,-0.20119941,-0.21945365,-0.22973658,-0.34478299,-0.22973658,-0.69837627,0.14882109,-0.42098425,22,"walking"
-0.22971057,-0.23407244,0.247807,-0.24059114,-0.90366972,-0.036212117,0.078088497,0.083745859,0.087441597,0.96355431,-0.41518807,0.87098487,-0.47417708,0.56029244,0.89118426,-0.33987949,-0.77049993,0.9525545,-0.64455213,-0.98788004,-0.15479988,-0.22619948,-0.20990236,0.1209778,-0.1184488,-0.26048222,-0.1184488,-0.60644189,-0.14285894,-0.4388599,22,"walking"
-0.26237436,-0.23407244,0.25745668,-0.25321085,-0.89323118,-0.044426017,0.082685615,0.09509573,0.094767828,0.94270885,-0.30447071,0.83526224,-0.49294437,0.57279664,0.87452861,-0.45761533,-0.75332604,0.9388629,-0.65058316,-0.98402144,-0.046104761,-0.32847089,-0.17163255,0.042027439,-0.2483015,-0.16424179,-0.2483015,-0.71271025,-0.10274203,-0.36446997,22,"walking"
-0.25133664,-0.22478232,0.25028948,-0.24135559,-0.90372799,-0.048782374,0.097143033,0.10067105,0.094767828,0.94202455,-0.32555845,0.81618423,-0.55234951,0.62347998,0.86793746,-0.43131414,-0.76072318,0.9315098,-0.69327574,-0.98211379,0.075567446,-0.26897449,-0.20306879,-0.06936853,-0.20496017,-0.06325036,-0.20496017,-0.67906669,-0.009411395,-0.37378308,22,"walking"
-0.25133664,-0.22508954,0.24920866,-0.24085089,-0.90416731,-0.046335734,0.095448764,0.097617343,0.093398362,0.94202455,-0.39294038,0.83571275,-0.55813561,0.63664974,0.88358053,-0.33098242,-0.7635092,0.93902495,-0.71410229,-0.9832499,-0.073071295,-0.19672328,-0.19814789,0.10604131,-0.082454067,-0.024800258,-0.082454067,-0.57286268,-0.20362227,-0.34058219,22,"walking"
-0.26042617,-0.2320762,0.254551,-0.25091742,-0.89531521,-0.044916303,0.095448764,0.096529874,0.090672052,0.96051542,-0.38819194,0.86851614,-0.43469172,0.52018309,0.88564836,-0.42855518,-0.75702825,0.95161832,-0.60322208,-0.98364619,-0.183069,-0.2348421,-0.14950058,0.20488212,-0.14988144,-0.059931654,-0.14988144,-0.6330614,-0.28332282,-0.33841601,22,"walking"
-0.25597747,-0.2320762,0.25272787,-0.2475793,-0.89822095,-0.044741137,0.093583869,0.096000712,0.090752977,0.9503439,-0.35343802,0.85950137,-0.54588028,0.62131851,0.88564836,-0.41516647,-0.75959201,0.94815795,-0.69565361,-0.98383372,-0.018887018,-0.20001002,-0.16663367,0.0086312524,-0.21458663,-0.19216758,-0.21458663,-0.68669082,-0.06338067,-0.42658084,22,"walking"
-0.25284349,-0.21681987,0.24720924,-0.23761271,-0.90699008,-0.043839678,0.089565906,0.093898122,0.090752977,0.95010423,-0.35750328,0.83292015,-0.55509956,0.62631845,0.87977318,-0.3546631,-0.767534,0.9379729,-0.69644134,-0.98455986,0.1914905,-0.10565772,-0.21890261,-0.19217966,-0.12698338,-0.24330738,-0.12698338,-0.61387224,0.11429844,-0.41550108,22,"walking"
-0.25284349,-0.21399289,0.24787981,-0.23835,-0.90637312,-0.047261709,0.089565906,0.098689905,0.1011987,0.94424772,-0.31179208,0.82687247,-0.53477974,0.6090582,0.86855436,-0.29128727,-0.76479458,0.93564121,-0.68185272,-0.98273874,0.37910764,-0.099912723,-0.20858012,-0.37341558,-0.070863578,-0.36810873,-0.070863578,-0.56323115,0.27710535,-0.50443762,22,"walking"
-0.24615999,-0.21399289,0.24794128,-0.23762773,-0.90696566,-0.054776525,0.098948481,0.10901978,0.10595223,0.93809102,-0.27049514,0.8097199,-0.52506106,0.60327393,0.86855436,-0.3569846,-0.76039775,0.92898966,-0.68038117,-0.97880018,0.44128026,-0.21514495,-0.19572994,-0.4398759,-0.10983507,-0.37942571,-0.10983507,-0.59880223,0.34212017,-0.4709137,22,"walking"
-0.23291078,-0.20865418,0.23936941,-0.22546003,-0.91685057,-0.06005049,0.1118364,0.11653716,0.11279536,0.93809102,-0.39565779,0.81762642,-0.59424318,0.6741363,0.88518131,-0.40092811,-0.76826211,0.93202645,-0.75421041,-0.97563356,0.063721033,-0.22644578,-0.20284619,-0.075777929,-0.18741581,-0.30148922,-0.18741581,-0.66459644,0.016558632,-0.44985786,22,"walking"
-0.23291078,-0.20986214,0.23642796,-0.2243694,-0.91773606,-0.057284055,0.099784359,0.11425176,0.11279536,0.95085722,-0.42585172,0.87871173,-0.59378272,0.67250895,0.89863287,-0.39648309,-0.77388303,0.95543262,-0.75146594,-0.97654401,-0.11317328,-0.27340853,-0.16690601,0.11142604,-0.19208712,-0.27702625,-0.19208712,-0.66872332,-0.16989729,-0.40096228,22,"walking"
-0.22380679,-0.21637253,0.23234862,-0.21261387,-0.92676157,-0.05897189,0.070124852,0.11345374,0.12802407,0.92274277,-0.45612183,0.7741801,-0.69292851,0.77536692,0.86417512,0.021030239,-0.77800434,0.91512024,-0.85872804,-0.97579256,-0.25156606,0.075896793,-0.27848013,0.30653192,0.15964662,-0.33495978,0.15964662,-0.32269958,-0.41730334,-0.61263524,22,"walking_downstairs"
-0.22313435,-0.18344399,0.22676855,-0.20627688,-0.93164929,-0.066851335,0.10451316,0.1254546,0.12802407,0.92320094,-0.50447001,0.80493175,-0.66596691,0.7493411,0.87834204,0.087483345,-0.77937662,0.92706368,-0.83315127,-0.97132499,-0.26832324,0.092427502,-0.24065531,0.32307584,0.24500098,-0.2090583,0.24500098,-0.22026655,-0.43016278,-0.38970883,22,"walking_downstairs"
-0.22313435,-0.19157678,0.22805612,-0.21054088,-0.92845729,-0.055764186,0.10229874,0.11115372,0.12241381,0.95121947,-0.60621128,0.85625409,-0.64400063,0.72611443,0.88683133,-0.079427113,-0.78567196,0.94692006,-0.80804858,-0.9777996,-0.31224636,-0.016336974,-0.22910627,0.35374561,0.1218704,-0.16757897,0.1218704,-0.36553418,-0.44437276,-0.21315683,22,"walking_downstairs"
-0.20949543,-0.19157678,0.22549173,-0.2071867,-0.93074561,-0.058219422,0.10229874,0.11486332,0.11757025,0.9590124,-0.47651151,0.86434387,-0.65949515,0.72960473,0.88683133,-0.059413559,-0.78725224,0.95002433,-0.79919776,-0.97620914,-0.27604254,0.15751808,-0.22233326,0.29804345,0.16550031,-0.10958721,0.16550031,-0.31584669,-0.37105111,-0.3504447,22,"walking_downstairs"
-0.20949543,-0.18555766,0.219062,-0.19711545,-0.93804277,-0.059631069,0.10768785,0.11641369,0.11757025,0.94858543,-0.55208172,0.854109,-0.67668175,0.75003934,0.88380675,0.067878822,-0.79431249,0.94609925,-0.82351825,-0.97559761,-0.29153639,0.31324038,-0.2530879,0.32862137,0.29580924,-0.12919958,0.29580924,-0.15586648,-0.41655969,-0.10633465,22,"walking_downstairs"
-0.21252548,-0.17865153,0.22124743,-0.19933999,-0.93656914,-0.058310252,0.10768785,0.11397614,0.11717052,0.94786292,-0.52655524,0.83393368,-0.64839812,0.73066271,0.88362886,0.041433456,-0.79254068,0.93833949,-0.81275667,-0.9767011,-0.28640784,0.070114103,-0.26848176,0.33755496,0.19867123,-0.40360342,0.19867123,-0.27650627,-0.44029041,-0.48716747,22,"walking_downstairs"
-0.20172423,-0.19574766,0.21759852,-0.19096897,-0.94191657,-0.072151821,0.072735844,0.13130557,0.15399521,0.92052158,-0.50835608,0.7646934,-0.69019341,0.76674344,0.87361693,-0.034582497,-0.78631846,0.91138587,-0.84400104,-0.96684205,-0.34921509,0.0049745194,-0.29673896,0.38141732,0.12822629,-0.40911192,0.12822629,-0.35859325,-0.46078137,-0.56717536,22,"walking_downstairs"
-0.20172423,-0.16445536,0.2125154,-0.18495778,-0.94624084,-0.087312156,0.13450405,0.15337707,0.15399521,0.92052158,-0.51185891,0.78395704,-0.69835734,0.77851413,0.88306828,-0.12006851,-0.77884694,0.91887108,-0.85951526,-0.95668973,-0.18992617,0.05317999,-0.23969286,0.22009329,0.097129553,-0.45515172,0.097129553,-0.39315306,-0.3046297,-0.32399739,22,"walking_downstairs"
-0.2059974,-0.18748032,0.21760349,-0.19523054,-0.93927728,-0.068679626,0.10358348,0.1294528,0.15017661,0.93278159,-0.41873519,0.85488096,-0.69073611,0.77414879,0.88866202,-0.01128442,-0.78913418,0.946341,-0.858467,-0.96878806,-0.31720157,-0.013992115,-0.22290031,0.34624529,0.16230957,-0.40272591,0.16230957,-0.31959936,-0.42360865,0.13662158,22,"walking_downstairs"
-0.20959343,-0.18755815,0.22437388,-0.20396489,-0.9331948,-0.055484093,0.10358348,0.11004643,0.12110881,0.92469132,-0.50968181,0.835549,-0.67641106,0.76277728,0.88866202,0.051349154,-0.79056867,0.93882263,-0.850131,-0.97832317,-0.32372647,0.010007947,-0.26549374,0.36697357,0.17751794,-0.31409988,0.17751794,-0.30170043,-0.45951604,-0.55069808,22,"walking_downstairs"
-0.21500175,-0.18755815,0.22775625,-0.20580523,-0.93189579,-0.054018393,0.10160938,0.10634967,0.10544695,0.92469132,-0.49259912,0.77522215,-0.70841969,0.77984165,0.87477156,-0.11825794,-0.78722347,0.91552551,-0.85184809,-0.97987839,-0.28487456,0.075238903,-0.31517304,0.32805932,0.11241351,-0.29216289,0.11241351,-0.37607704,-0.42293815,-0.32241941,22,"walking_downstairs"
-0.21500175,-0.19342366,0.23208069,-0.21199818,-0.92731195,-0.059583163,0.10160938,0.1141759,0.12684394,0.92409536,-0.37646937,0.76970983,-0.66933515,0.74548246,0.84989866,-0.084748623,-0.77792934,0.91339768,-0.82147482,-0.97634385,-0.23969686,-0.011349077,-0.28153484,0.2652051,0.095885261,-0.38172942,0.095885261,-0.39451698,-0.34374805,-0.34375324,22,"walking_downstairs"
-0.26848436,-0.32718295,0.29126711,-0.30566266,-0.83777099,0.0080593414,-0.046730779,0.019890075,0.061270577,0.9221041,-0.44502046,0.85866739,-0.72568023,0.78727716,0.89729545,-0.28935867,-0.72014665,0.94774192,-0.84952384,-0.99655975,-0.53425943,-0.19088452,-0.15196309,0.57620362,-0.13978222,-0.65719114,-0.13978222,-0.62504487,-0.65352229,-0.48393499,22,"walking_upstairs"
-0.32556362,-0.33202904,0.32285094,-0.34679853,-0.79116451,0.037689095,-0.059979191,-0.023045797,0.053421129,0.90266781,-0.36039704,0.76438607,-0.7291959,0.79592755,0.89552109,-0.30216328,-0.67348855,0.91098332,-0.86351251,-0.9949332,-0.53966291,-0.18906891,-0.085406733,0.56267672,-0.14793338,-0.58762368,-0.14793338,-0.63201287,-0.61895448,-0.38738923,22,"walking_upstairs"
-0.34045674,-0.33202904,0.32499394,-0.34531716,-0.79316223,0.054613534,-0.059979191,-0.046740658,-0.024428502,0.90266781,-0.30634195,0.70927659,-0.68073114,0.73440295,0.82978634,-0.27565237,-0.66739882,0.88948819,-0.78751087,-0.99413897,-0.46539304,-0.20772732,-0.11561762,0.48366894,-0.13211673,-0.63745048,-0.13211673,-0.61838901,-0.53892985,-0.38417445,22,"walking_upstairs"
-0.32561129,-0.3175512,0.30848458,-0.32269821,-0.82058812,0.035020182,-0.053229003,-0.018879199,2.7085762e-06,0.90386247,-0.28872661,0.74240211,-0.63148053,0.68994917,0.84087257,-0.35586888,-0.69455853,0.90262978,-0.74703602,-0.99786605,-0.52637436,-0.26406166,-0.2239101,0.55569594,-0.20535826,-0.74039047,-0.20535826,-0.67940457,-0.61932708,-0.31075645,22,"walking_upstairs"
-0.3246206,-0.29536259,0.30156978,-0.31283646,-0.83230338,0.022228525,-0.01276054,-0.00064620248,2.7085762e-06,0.91340857,-0.33740738,0.7512636,-0.65125472,0.71100253,0.84087257,-0.33655406,-0.70550025,0.90614243,-0.76988869,-0.99980629,-0.50315764,-0.23349285,-0.29236579,0.50852282,-0.20945472,-0.60278342,-0.20945472,-0.68250069,-0.54780828,-0.08541874,22,"walking_upstairs"
-0.32368297,-0.29536259,0.30040181,-0.31146608,-0.83384735,0.027608028,-0.021755556,-0.0083190334,-0.0024213022,0.91340857,-0.42114874,0.7558642,-0.66239182,0.72188146,0.84721387,-0.41200833,-0.70692676,0.90794589,-0.78107065,-0.99942214,-0.54780707,-0.24822027,-0.27442609,0.56028758,-0.23293575,-0.53314551,-0.23293575,-0.70072748,-0.60378459,-0.14673692,22,"walking_upstairs"
-0.32368297,-0.29860929,0.302,-0.31301845,-0.83208496,0.035678585,-0.024434761,-0.019761859,-0.017088228,0.90975765,-0.34445624,0.74468036,-0.69147402,0.75220544,0.84721387,-0.3241493,-0.70384555,0.90350931,-0.81287956,-0.99865846,-0.42486913,-0.33763128,-0.24845595,0.44840864,-0.21825374,-0.47347856,-0.21825374,-0.68916816,-0.51090523,-0.33438108,22,"walking_upstairs"
-0.24558467,-0.29653014,0.27384493,-0.27881615,-0.86583592,0.016186401,-0.014372319,0.0080027342,0.029973768,0.91288933,-0.45491281,0.86068515,-0.73206823,0.78440363,0.92506093,-0.26845009,-0.74571966,0.94809142,-0.83731851,-0.99899599,-0.50052677,-0.21399613,-0.2680237,0.49534282,-0.096068264,-0.5879356,-0.096068264,-0.58643566,-0.52439129,-0.38226554,22,"walking_upstairs"
-0.29955273,-0.30067454,0.3080388,-0.32159269,-0.82196645,0.031539962,-0.0175896,-0.013889184,-0.012682455,0.90659962,-0.44700878,0.738155,-0.72544655,0.78690548,0.88338566,-0.45345659,-0.69556364,0.90085728,-0.84911149,-0.99922376,-0.55871173,-0.38004069,-0.24596352,0.5857253,-0.28729156,-0.5350725,-0.28729156,-0.7412586,-0.64511741,-0.29265944,22,"walking_upstairs"
-0.33788789,-0.30067454,0.31224435,-0.32570776,-0.81740972,0.028748949,-0.0175896,-0.0098318436,0.0017498231,0.90332083,-0.3392076,0.71232037,-0.61698021,0.68421835,0.82523063,-0.48828938,-0.68970928,0.89071097,-0.75015282,-0.99937516,-0.40629285,-0.4205129,-0.262951,0.42500575,-0.36657561,-0.62031419,-0.36657561,-0.79498042,-0.48310806,-0.27055617,22,"walking_upstairs"
-0.33096237,-0.29783685,0.30624227,-0.31999291,-0.82412029,0.019500621,-0.010754592,0.0032334343,0.0043361889,0.90332083,-0.35477502,0.75189777,-0.71499324,0.76599292,0.85321798,-0.40340198,-0.69878906,0.90631961,-0.81675483,-0.99979748,-0.41655009,-0.24295811,-0.27011808,0.43193723,-0.28371692,-0.61812138,-0.28371692,-0.73880378,-0.48670448,-0.42599006,22,"walking_upstairs"
-0.32605228,-0.28965467,0.30078844,-0.31423158,-0.83077654,0.019029134,-0.016624792,0.0038955065,0.0043361889,0.92279374,-0.42445925,0.78228102,-0.70027724,0.74906267,0.85321798,-0.43797349,-0.70669412,0.91831937,-0.79739463,-0.9998263,-0.45645787,-0.3335343,-0.26651296,0.47422244,-0.27986048,-0.57911414,-0.27986048,-0.73602101,-0.52901076,-0.26851641,22,"walking_upstairs"
-0.32605228,-0.28574742,0.3000427,-0.31214877,-0.83316193,0.027142593,-0.016624792,-0.0077093668,-0.0019345065,0.92719741,-0.45996998,0.77062331,-0.50270849,0.56671449,0.84934786,-0.37519104,-0.70747738,0.91376192,-0.62742165,-0.99951642,-0.35366284,-0.22696024,-0.26317285,0.36445735,-0.22576071,-0.60310025,-0.22576071,-0.69531433,-0.41751441,-0.30598683,22,"walking_upstairs"
-0.32858751,-0.29052363,0.30204915,-0.31464945,-0.83030713,0.031784971,-0.018447318,-0.014331292,-0.017912067,0.92378014,-0.43432935,0.7634688,-0.5697042,0.63398292,0.84188321,-0.38942525,-0.70420096,0.91095622,-0.69636914,-0.99919047,-0.2942266,-0.20972954,-0.24421769,0.29616024,-0.2177531,-0.50002953,-0.2177531,-0.68916174,-0.34389696,-0.25971758,22,"walking_upstairs"
-0.1681607,-0.20761431,0.20274652,-0.16920154,-0.95461963,-0.076722297,0.059082873,0.13698113,0.16977307,0.90103937,-0.4863023,0.75644583,-0.6678921,0.73880704,0.86723292,-0.16161511,-0.79943239,0.90805598,-0.81002059,-0.96212993,-0.33751315,0.17316851,-0.34708858,0.33964098,0.11590678,-0.43860697,0.11590678,-0.37239431,-0.38803363,-0.55587317,22,"walking_downstairs"
-0.1681607,-0.14041025,0.1903109,-0.15108712,-0.96581747,-0.10309846,0.1584374,0.17260512,0.16977307,0.90103937,-0.4627008,0.73116653,-0.70600233,0.77993753,0.86205032,-0.13377962,-0.78546094,0.89813337,-0.85477334,-0.94479465,-0.26854897,0.048645945,-0.32017116,0.28525017,0.065232774,-0.35769097,0.065232774,-0.42751684,-0.35273602,-0.31454228,22,"walking_downstairs"
-0.17064424,-0.16842804,0.20206445,-0.17033841,-0.95465742,-0.094488496,0.15489008,0.16366134,0.16505972,0.91083448,-0.5905633,0.79358966,-0.70922511,0.78189422,0.87437175,-0.081017988,-0.78303734,0.9225937,-0.85540642,-0.95046557,-0.37768607,0.10929873,-0.24475475,0.41737692,0.11763977,-0.3301662,0.11763977,-0.37040476,-0.5025037,-0.38772409,22,"walking_downstairs"
-0.19352632,-0.16842804,0.21579315,-0.18982191,-0.94297835,-0.084583397,0.1286069,0.14973818,0.1541917,0.91093055,-0.52900962,0.78736237,-0.7146918,0.78343104,0.87437175,-0.15540258,-0.77768335,0.92016045,-0.85273614,-0.95877112,-0.38665043,0.03896445,-0.23372771,0.43542617,0.053132257,-0.40731336,0.053132257,-0.44041277,-0.52933972,-0.20977023,22,"walking_downstairs"
-0.20773054,-0.19579941,0.22296008,-0.19869836,-0.93682915,-0.06650593,0.094519301,0.12356652,0.14188079,0.91093055,-0.4944544,0.7665563,-0.72780948,0.79699946,0.86083322,-0.027400187,-0.78433009,0.91209822,-0.8667833,-0.97153525,-0.35639951,0.045719385,-0.29505841,0.39276964,0.15340751,-0.36616216,0.15340751,-0.32990966,-0.47595258,-0.12654445,22,"walking_downstairs"
-0.2077311,-0.20111163,0.23457067,-0.21700449,-0.92320046,-0.051174014,0.094519301,0.10315459,0.11537932,0.92893312,-0.5404576,0.79844345,-0.66358264,0.75098564,0.86083322,-0.022820945,-0.78018839,0.92461487,-0.83885687,-0.98100717,-0.37141713,0.18315117,-0.27581935,0.41009875,0.19380434,-0.36434683,0.19380434,-0.28244637,-0.49477762,-0.49865682,22,"walking_downstairs"
-0.30030807,-0.30021535,0.29256702,-0.30819554,-0.8371797,0.011252186,-0.033991712,0.015248369,0.03880784,0.92015577,-0.41456453,0.8655589,-0.72030238,0.78061728,0.90594217,-0.30696565,-0.71845331,0.95033212,-0.84158135,-0.99831717,-0.51422523,-0.25824955,-0.16888042,0.54741143,-0.13783362,-0.68823724,-0.13783362,-0.6233233,-0.61599262,-0.51660811,22,"walking_upstairs"
-0.32594216,-0.31684611,0.31324454,-0.33100801,-0.81085096,0.036121444,-0.052632848,-0.020590092,0.032306067,0.89105297,-0.42511797,0.75470304,-0.72619354,0.79039598,0.89864708,-0.28625212,-0.68755366,0.90709921,-0.85537204,-0.99665826,-0.37621499,-0.13251139,-0.16093253,0.40921642,-0.093148568,-0.61764776,-0.093148568,-0.58365391,-0.48629093,-0.29216066,22,"walking_upstairs"
-0.34273962,-0.31684611,0.31984989,-0.33630308,-0.80455399,0.044807439,-0.052632848,-0.032561093,-0.015844349,0.89105297,-0.3988137,0.69958886,-0.7305939,0.78533266,0.83773819,-0.2781861,-0.67675655,0.88558453,-0.84020998,-0.99657373,-0.40288232,-0.21209212,-0.18549169,0.43901861,-0.11930198,-0.66989797,-0.11930198,-0.60718434,-0.51758818,-0.2105407,22,"walking_upstairs"
-0.32566891,-0.31282557,0.30993692,-0.32527737,-0.81781397,0.027002177,-0.034898771,-0.0074778453,0.00011561472,0.89505181,-0.42162021,0.74732433,-0.67243703,0.73009458,0.84466317,-0.37934246,-0.69316531,0.90454604,-0.78746189,-0.99927498,-0.41375054,-0.26569088,-0.24324662,0.42981726,-0.20787307,-0.67249469,-0.20787307,-0.68094311,-0.48649474,-0.3181502,22,"walking_upstairs"
-0.3136094,-0.29268656,0.29984697,-0.31131803,-0.83395123,0.02220425,-0.0073100469,-0.00063050395,0.00011561472,0.92004607,-0.5012428,0.76447281,-0.49065863,0.5605563,0.84466317,-0.33834772,-0.7079962,0.91134494,-0.6277815,-0.99984439,-0.35208226,-0.14766654,-0.28637751,0.35483121,-0.14374424,-0.60839167,-0.14374424,-0.62832558,-0.40003858,0.027779839,22,"walking_upstairs"
-0.3136094,-0.29636431,0.29879472,-0.30890049,-0.83669745,0.024286547,-0.0073100469,-0.0035749228,-0.0047688154,0.92004607,-0.37450708,0.75454552,-0.59206838,0.65552383,0.83679656,-0.18467018,-0.70944123,0.90744548,-0.7172651,-0.99978682,-0.48270382,-0.17169448,-0.29532237,0.49496047,-0.030410931,-0.58919667,-0.030410931,-0.52482326,-0.5424234,-0.26322442,22,"walking_upstairs"
-0.31725891,-0.29637728,0.30466413,-0.3183902,-0.82591529,0.029023933,-0.021244519,-0.010389076,-0.0047688154,0.92236814,-0.32061037,0.76070361,-0.63640098,0.6949525,0.8446779,-0.15378243,-0.70065695,0.90986387,-0.75203344,-0.99932624,-0.50778226,-0.06981778,-0.24669366,0.53204765,-0.016368663,-0.55347335,-0.016368663,-0.51115571,-0.59116259,-0.45450288,22,"walking_upstairs"
-0.21256475,-0.20277254,0.22189496,-0.20240798,-0.93424913,0.027294511,-0.022694599,-0.0080342888,0.02219832,0.97939271,0.047647703,0.8975069,0.18050403,-0.11936342,0.89043812,-0.92104474,-0.82049842,0.96265531,0.057285,-0.99913546,-0.38590195,-0.90601294,-0.45195873,0.3253605,-0.90004965,-0.72262135,-0.90004965,-0.99402972,-0.30352725,-0.87158469,22,"standing"
-0.21403525,-0.18830274,0.22645861,-0.20887822,-0.92965385,0.027861921,-0.022694599,-0.0088412249,-0.0043449153,0.97857921,0.067412967,0.88991449,0.041041814,0.045547511,0.88858601,-0.9282583,-0.81384554,0.95977796,-0.13367787,-0.99937971,-0.69426851,-0.91815841,-0.45224019,0.68917248,-0.91592276,-0.82809722,-0.91592276,-0.99564401,-0.70511018,-0.84567446,22,"standing"
-0.23300986,-0.20438651,0.23399074,-0.21996819,-0.92129154,0.023932684,-0.01748527,-0.0031864554,-0.0043449153,0.97553034,0.36032127,0.88581899,-0.34184977,0.37013489,0.884342,-0.93156625,-0.80327806,0.95822315,-0.39873097,-0.99975327,-0.7550438,-0.92516562,-0.44022387,0.76028423,-0.92849689,-0.89983958,-0.92849689,-0.99674035,-0.78301278,-0.80429149,22,"standing"
-0.23997626,-0.21194043,0.24234981,-0.23221455,-0.91140707,0.032295232,-0.022758999,-0.015265553,-0.0044464269,0.97345902,-0.10662056,0.87885127,0.19284634,-0.087811848,0.88361737,-0.75201445,-0.79036827,0.95557227,-0.019038971,-0.99891603,-0.41823137,-0.76451633,-0.37978876,0.42056052,-0.73234493,-0.71850393,-0.73234493,-0.96181158,-0.46339182,-0.89637036,22,"standing"
-0.25612592,-0.24038776,0.25401543,-0.24902452,-0.8968511,0.034767281,-0.022758999,-0.018832317,-0.018002732,0.96241736,-0.22253272,0.86463419,0.094723286,-0.0014031254,0.88022866,-0.70730603,-0.77319759,0.95014549,-0.093575077,-0.9987415,-0.33378741,-0.75822033,-0.33504407,0.31959545,-0.68462533,-0.64982835,-0.68462533,-0.94756052,-0.3508673,-0.88765412,22,"standing"
-0.26364553,-0.24140059,0.2644331,-0.26400716,-0.88317648,0.034284533,-0.023958141,-0.018136837,-0.018002732,0.9623882,-0.34902808,0.85180916,0.21188812,-0.13296069,0.8781372,-0.83353492,-0.7582448,0.94523993,0.052425283,-0.99880693,-0.4142328,-0.80638958,-0.30564846,0.37070412,-0.79421109,-0.64895683,-0.79421109,-0.97692188,-0.36516681,-0.97284407,22,"standing"
-0.26900563,-0.24140059,0.26281811,-0.26181964,-0.88524738,0.035866938,-0.023958141,-0.020434689,-0.022712466,0.9623882,0.24908585,0.85566048,-0.34942664,0.35152424,0.87621835,-0.9744817,-0.7603473,0.94671577,-0.35364286,-0.99861711,-0.58194121,-0.97457285,-0.30261095,0.54049933,-0.9746211,-0.18993537,-0.9746211,-0.99942207,-0.52543125,-0.97648467,22,"standing"
-0.26900563,-0.23257662,0.25649784,-0.25281259,-0.89367452,0.035095085,-0.023705997,-0.01932842,-0.022874699,0.96756272,0.18912139,0.86496576,-0.16992835,0.19021868,0.87650824,-0.96516655,-0.76957122,0.95027852,-0.21096755,-0.99874021,-0.467132,-0.95383713,-0.3231757,0.42911666,-0.95684571,-0.53355819,-0.95684571,-0.99863767,-0.42576427,-0.93125413,22,"standing"
-0.26836202,-0.22718994,0.25665231,-0.25308518,-0.89343849,0.037262459,-0.024772886,-0.022465325,-0.023544926,0.96972727,0.3765377,0.86527668,-0.1667958,0.18897615,0.87650824,-0.95727119,-0.76900634,0.95039754,-0.21124278,-0.99841206,-0.4710439,-0.94365812,-0.31382458,0.43786276,-0.94968849,-0.68582796,-0.94968849,-0.99823383,-0.43925353,-0.87037062,22,"standing"
-0.26504059,-0.22718994,0.25504211,-0.25071779,-0.89554824,0.03657977,-0.024772886,-0.021473317,-0.024120535,0.96972727,0.3431428,0.86658389,-0.097186381,0.150765,0.87768417,-0.94806406,-0.77143681,0.95089653,-0.20492361,-0.99851215,-0.37744664,-0.93376299,-0.32194467,0.32943908,-0.93704427,-0.62939903,-0.93704427,-0.99739641,-0.32135698,-0.88347753,22,"standing"
-0.26504059,-0.22753608,0.25567509,-0.25162514,-0.89472518,0.038895439,-0.029938418,-0.024817721,-0.024120535,0.96886748,0.30264163,0.86539774,-0.12413246,0.16798965,0.87768417,-0.93457132,-0.77012695,0.95044311,-0.21229337,-0.99807765,-0.36676609,-0.92713824,-0.31141608,0.31536818,-0.92641428,-0.68634512,-0.92641428,-0.99656947,-0.30431959,-0.94067251,22,"standing"
-0.26699624,-0.22753608,0.25646095,-0.25275708,-0.893722,0.042251191,-0.029938418,-0.029664492,-0.035289662,0.96886748,-0.10343782,0.86386904,-0.38487682,0.39317529,0.87700525,-0.98668615,-0.76834189,0.94985944,-0.40146566,-0.99753133,-0.60121827,-0.98206971,-0.29651361,0.56681823,-0.98526199,-0.72746877,-0.98526199,-0.99974216,-0.55781582,-0.91909412,22,"standing"
-0.25487375,-0.22351284,0.25137638,-0.24540061,-0.90026523,0.040357724,-0.027754001,-0.02692545,-0.028197527,0.96958333,0.36229379,0.86989444,-0.70021879,0.7237454,0.88041187,-0.9581723,-0.77602286,0.95215962,-0.74752642,-0.99789156,-0.78461562,-0.96010538,-0.31938676,0.77593383,-0.95973477,-0.71831737,-0.95973477,-0.99878687,-0.78172989,-0.88624893,22,"standing"
-0.24833172,-0.21572184,0.24427179,-0.23511093,-0.90903031,0.038093238,-0.026198605,-0.023650398,-0.027168125,0.97229535,0.50860289,0.87799603,-0.79218898,0.80864726,0.88261885,-0.96401317,-0.78666241,0.9552471,-0.82513537,-0.99827794,-0.86477522,-0.96015066,-0.35014369,0.85846218,-0.96437084,-0.63104223,-0.96437084,-0.99900833,-0.86115507,-0.86917832,22,"standing"
-0.24833172,-0.20308778,0.24030987,-0.22941535,-0.91383453,0.040598782,-0.031724617,-0.027273227,-0.027168125,0.97567888,0.13679094,0.88265548,-0.64434251,0.66077708,0.88261885,-0.97340782,-0.79184196,0.95702104,-0.67728025,-0.99778628,-0.83824515,-0.97715859,-0.35251906,0.82867045,-0.97506271,-0.51009121,-0.97506271,-0.99943787,-0.82967249,-0.9100342,22,"standing"
-0.25008337,-0.20413086,0.24201946,-0.23189839,-0.9117974,0.044338049,-0.031724617,-0.032674464,-0.037493927,0.97440977,0.2455245,0.88023209,-0.36050226,0.38955158,0.88259259,-0.99617803,-0.78853149,0.9560989,-0.41920034,-0.99709582,-0.23994865,-0.99445107,-0.33311682,0.21119324,-0.994752,-0.28310581,-0.994752,-0.99993285,-0.2337872,-0.96057849,22,"standing"
-0.25356096,-0.20462974,0.2435967,-0.23403344,-0.91003236,0.042964626,-0.031694736,-0.03066691,-0.037008205,0.97425338,0.16384473,0.87617524,-0.23332549,0.24993788,0.88144041,-0.99223719,-0.78660715,0.9545548,-0.26694657,-0.99738775,-0.49840553,-0.9901659,-0.33565239,0.49430417,-0.99211861,-0.27824293,-0.99211861,-0.99988887,-0.52490087,-0.98957769,22,"standing"
-0.25366408,-0.20462974,0.24369489,-0.23411007,-0.90996857,0.043669971,-0.039059369,-0.031673476,-0.037008205,0.97419241,0.12556713,0.87479802,-0.32711242,0.37751373,0.87925262,-0.98269372,-0.78630063,0.9540303,-0.42666104,-0.99721863,-0.58530046,-0.98033119,-0.33376325,0.57609138,-0.98309821,-0.46768955,-0.98309821,-0.99968621,-0.59485219,-0.95840274,22,"standing"
-0.27623851,-0.31578916,0.29203041,-0.30234335,-0.84213281,0.065668502,-0.11773615,-0.063146285,-0.022948997,0.90890248,0.81970706,0.79328337,-0.91757754,0.91850919,0.8764732,-0.77092851,-0.71124172,0.92241941,-0.91906414,-0.98774121,-0.92261204,-0.79599648,-0.1251562,0.9265883,-0.77012032,-0.96471471,-0.77012032,-0.97150312,-0.93620594,-0.88411057,22,"standing"
-0.27444349,-0.27272833,0.26452044,-0.26443732,-0.88255629,0.037809455,-0.052599317,-0.023260142,-0.022526604,0.94844903,0.53417342,0.85583297,-0.83242272,0.83237164,0.87647322,-0.94353466,-0.75758983,0.94677381,-0.8319935,-0.99812729,-0.84271917,-0.94850667,-0.28784093,0.82748961,-0.94306907,-0.95988754,-0.94306907,-0.99781499,-0.82222564,-0.95346794,22,"standing"
-0.27403956,-0.22945903,0.25925696,-0.25681443,-0.89004061,0.035750468,-0.022581813,-0.020278624,-0.022526604,0.96822253,0.28410767,0.86193204,-0.47508586,0.48182879,0.87647322,-0.97478383,-0.7654966,0.94911902,-0.48846153,-0.99864231,-0.71846796,-0.974854,-0.31199888,0.69660304,-0.97487073,-0.45945596,-0.97487073,-0.99943115,-0.692767,-0.97392083,22,"standing"
-0.26253603,-0.22945903,0.2559742,-0.25202992,-0.89432213,0.033950585,-0.022581813,-0.017672164,-0.019302771,0.96822253,0.31965321,0.86529754,-0.5110202,0.52162871,0.87783947,-0.96938463,-0.77049113,0.9504045,-0.5322967,-0.99886399,-0.55778236,-0.97736095,-0.32948453,0.5152895,-0.972772,-0.52600931,-0.972772,-0.99935525,-0.50079849,-0.98753446,22,"standing"
-0.26232907,-0.22252936,0.25062653,-0.24419694,-0.90134771,0.029852279,-0.014363394,-0.011742091,-0.019280462,0.97107456,0.25789781,0.87010815,-0.47921597,0.49894451,0.87785059,-0.99018579,-0.77871726,0.9522421,-0.51887047,-0.99939974,-0.61646636,-0.98854125,-0.36306784,0.58371997,-0.98999624,-0.54245336,-0.98999624,-0.99984804,-0.57556687,-0.95888766,22,"standing"
-0.26232907,-0.21430791,0.24996994,-0.24320919,-0.90222303,0.029450557,-0.0097708109,-0.011158992,-0.018652521,0.97238381,0.24112926,0.87023943,-0.43184595,0.45697044,0.87785059,-0.99312732,-0.7797085,0.95229225,-0.48197681,-0.9994428,-0.48465044,-0.99137337,-0.36721186,0.440832,-0.99310291,-0.28715172,-0.99310291,-0.99990602,-0.42969764,-0.97065894,22,"standing"
-0.26158901,-0.21430791,0.24940453,-0.24246133,-0.90286989,0.029634338,-0.010426241,-0.011429399,-0.018652521,0.97238381,0.29062347,0.87201623,-0.43118185,0.44953988,0.88009855,-0.99448356,-0.78050607,0.95296963,-0.46816017,-0.99942374,-0.41313047,-0.99308089,-0.36721762,0.36405671,-0.99489283,-0.37416342,-0.99489283,-0.999935,-0.35255437,-0.99462369,22,"standing"
-0.26158158,-0.21397828,0.24860877,-0.24139447,-0.90379387,0.030049145,-0.010434726,-0.012034769,-0.018664958,0.9725757,0.29984553,0.87427648,-0.48873174,0.49382282,0.88014441,-0.99004957,-0.78161061,0.95383132,-0.49882284,-0.99938264,-0.14808409,-0.98928487,-0.36684026,0.071877739,-0.99060406,-0.31362612,-0.99060406,-0.99986047,-0.050015481,-0.98569417,22,"standing"
-0.26158158,-0.22372785,0.25134595,-0.24530929,-0.90035827,0.030869281,-0.014170168,-0.013216713,-0.020765501,0.96979469,0.23824634,0.87039887,-0.41143679,0.42000143,0.88014441,-0.96762342,-0.77756434,0.952352,-0.42864091,-0.99929633,-0.59911595,-0.97011381,-0.35589552,0.58784006,-0.96870199,-0.55607952,-0.96870199,-0.99919595,-0.60389631,-0.96672765,22,"standing"
-0.26545156,-0.23547217,0.25827698,-0.25531689,-0.89132662,0.034449275,-0.023226504,-0.018389782,-0.020988673,0.96698878,0.62078994,0.86195358,-0.52603265,0.53500886,0.87726111,-0.96031078,-0.76710037,0.94912649,-0.54394797,-0.99881167,-0.52084632,-0.95556697,-0.32109839,0.49143356,-0.95712182,-0.64872364,-0.95712182,-0.99865276,-0.49352742,-0.94111868,22,"standing"
-0.27281927,-0.23547217,0.26188348,-0.26066819,-0.88643772,0.036687685,-0.023226504,-0.02164136,-0.024570503,0.96698878,0.46195755,0.85966166,-0.66070918,0.66636513,0.87600389,-0.96632916,-0.76156768,0.94825048,-0.67186646,-0.99850989,-0.36857073,-0.95960827,-0.29956239,0.31175147,-0.96177763,-0.49825624,-0.96177763,-0.99888691,-0.2952046,-0.94262768,22,"standing"
-0.26279881,-0.2353006,0.25683447,-0.25332005,-0.89314131,0.033549724,-0.022811588,-0.017098127,-0.016141164,0.96725063,0.50080873,0.86510143,-0.72429165,0.74988494,0.87778352,-0.92686823,-0.76930545,0.95032987,-0.77568979,-0.99894311,-0.7508037,-0.93914029,-0.32765839,0.74735035,-0.92953445,-0.81729243,-0.92953445,-0.99682357,-0.76110575,-0.74848716,22,"standing"
-0.26230228,-0.22136646,0.25142262,-0.24535739,-0.90033395,0.021341715,-0.012980481,0.0005463287,0.030918843,0.9713207,0.4380068,0.86986082,-0.6493679,0.67565685,0.87823816,-0.92776347,-0.77815671,0.95214765,-0.70198525,-0.99934743,-0.70530679,-0.92825523,-0.36248174,0.69318834,-0.927394,-0.91818471,-0.927394,-0.99665025,-0.7006424,-0.51448152,22,"standing"
-0.25354797,-0.21594504,0.24896399,-0.24169728,-0.90350468,-0.0046535276,-0.0040717688,0.038064371,0.062426251,0.97104333,0.21608484,0.8690322,-0.37085407,0.37670397,0.87823816,-0.92169275,-0.77949458,0.95183134,-0.3822464,-0.99656785,-0.46893581,-0.94068115,-0.3245149,0.42048457,-0.92380974,-0.51438571,-0.92380974,-0.99634981,-0.40568838,-0.75778252,22,"standing"
-0.24942019,-0.2155493,0.2439978,-0.23447696,-0.90959296,-0.022537525,0.043725483,0.063837695,0.062426251,0.97104333,0.33289436,0.86968769,-0.3768313,0.40815474,0.87958519,-0.92328413,-0.78148085,0.95208119,-0.44000257,-0.9931772,-0.51231874,-0.91389299,-0.28061227,0.50149519,-0.91316286,-0.7691864,-0.91316286,-0.99538174,-0.52407614,-0.95755369,22,"standing"
0.2476431,-0.21210202,-0.0013271377,0.11977285,-0.90579286,-0.15111849,-0.039508769,0.23754647,0.36423267,0.84483219,-0.6554832,0.67818822,-0.75371569,0.75351118,0.84237045,-0.021084779,-0.72695322,0.87663544,-0.7529946,-0.8555981,-0.86225849,-0.16474881,0.0063620444,0.85016944,-0.0033662002,-0.94274412,-0.0033662002,-0.49827506,-0.84688931,-0.96427752,22,"sitting"
0.2476431,0.218907,-0.093770165,0.25700115,-0.85323547,-0.23460884,0.29474073,0.36005605,0.36423267,0.84021418,-0.25980982,0.57206016,-0.64604431,0.64446875,0.80578614,-0.90487374,-0.5488129,0.83347051,-0.64269704,-0.75083997,-0.91625806,-0.89605948,0.4421778,0.91419651,-0.88893978,-0.96622573,-0.88893978,-0.9927629,-0.91782782,-0.96377498,22,"sitting"
0.23905661,0.25693748,-0.085958237,0.24364645,-0.8676052,-0.23706495,0.35572822,0.36023419,0.36390431,0.84021418,-0.77447092,0.55100653,-0.87268751,0.87617363,0.75618588,-0.94899593,-0.55336396,0.82480051,-0.87928675,-0.75118933,-0.76247696,-0.95606225,0.3897157,0.73890266,-0.94967646,-0.64313575,-0.94967646,-0.99823323,-0.73034763,-0.98564464,22,"sitting"
0.21713582,0.25693748,-0.084635072,0.24181855,-0.86962243,-0.23588705,0.35572822,0.35870283,0.35876531,0.84054255,0.021338263,0.55510021,-0.53720866,0.53374484,0.75618588,-0.98222969,-0.55595802,0.8265186,-0.53006987,-0.75339237,-0.64191248,-0.97622158,0.3839637,0.61029465,-0.98007987,-0.45471486,-0.98007987,-0.99960026,-0.601468,-0.99595584,22,"sitting"
0.21860723,0.26511173,-0.090047684,0.24958036,-0.86177799,-0.24475118,0.35944544,0.37073861,0.37267598,0.83316101,-0.67247012,0.53467511,-0.38440493,0.38300291,0.75464215,-0.93853765,-0.54063308,0.81793583,-0.38146378,-0.73620294,-0.72433927,-0.94507356,0.42069809,0.71142355,-0.93699929,-0.64507382,-0.93699929,-0.99739313,-0.71680137,-0.97027022,22,"sitting"
0.21860723,0.25564179,-0.086679774,0.24483234,-0.8665358,-0.24987129,0.36868691,0.37750777,0.37268059,0.83316101,-0.32660834,0.5301228,-0.33250569,0.33263962,0.75312464,-0.89656455,-0.53773612,0.81601989,-0.33247361,-0.7264286,-0.064809616,-0.85410102,0.42220773,0.002642555,-0.85551222,-0.55129418,-0.85551222,-0.98819501,-0.001260146,-0.96389738,22,"sitting"
0.21743687,0.25564179,-0.083145619,0.2397255,-0.87172046,-0.24650823,0.36750902,0.37284304,0.37268059,0.83384706,-0.25031195,0.53902693,-0.36339046,0.36306976,0.75312464,-0.89825873,-0.54490502,0.81977093,-0.36259299,-0.73322385,-0.067417067,-0.85518016,0.40308806,0.0090960122,-0.85983476,-0.54819407,-0.85983476,-0.98884716,-0.011935993,-0.95573315,22,"sitting"
0.22243578,0.25625536,-0.089599805,0.24858209,-0.86269565,-0.2502907,0.36750902,0.37757831,0.37976136,0.82567731,-0.2686014,0.52147315,-0.61902238,0.61871698,0.7530326,-0.93954219,-0.53457153,0.81235072,-0.61823725,-0.72620554,-0.53783471,-0.9380016,0.42552349,0.51135504,-0.93057327,-0.68044235,-0.93057327,-0.99690542,-0.51541287,-0.96250549,22,"sitting"
0.22243578,0.27496429,-0.094423997,0.25547217,-0.85564265,-0.25856419,0.37987106,0.38870389,0.3801918,0.82567424,-0.16187324,0.50162273,-0.55689561,0.55471428,0.73631839,-0.98619177,-0.52040245,0.80395397,-0.55231222,-0.70973651,-0.56529026,-0.98503142,0.45781619,0.53413092,-0.98518668,-0.41600906,-0.98518668,-0.99974027,-0.53111816,-0.99675432,22,"sitting"
0.22288553,0.27797932,-0.094548466,0.25571338,-0.85538925,-0.2602604,0.39218235,0.39103448,0.38088114,0.82482826,-0.25654831,0.49913245,-0.34702449,0.34730113,0.72975295,-0.99397907,-0.51828739,0.80289467,-0.34735377,-0.70622522,-0.21496312,-0.99159646,0.46266177,0.15519279,-0.99210877,-0.32805703,-0.99210877,-0.99988866,-0.146169,-0.99951072,22,"sitting"
0.22309106,0.27808358,-0.095040574,0.25644252,-0.85461782,-0.261453,0.39218235,0.39266323,0.38343797,0.82418482,-0.58693797,0.49673299,-0.44371394,0.44357645,0.72971061,-0.97934289,-0.51642653,0.80187159,-0.44313895,-0.70373013,-0.31532885,-0.98119762,0.46702665,0.26085804,-0.98057015,-0.54445416,-0.98057015,-0.99961491,-0.25042672,-0.9983762,22,"sitting"
0.22309106,0.2749284,-0.093866186,0.25484598,-0.85629589,-0.26003841,0.3868305,0.39086511,0.38343797,0.82418482,-0.70374304,0.50145673,-0.44109662,0.4383596,0.7340909,-0.97808318,-0.51917623,0.80388122,-0.43533197,-0.70645065,-0.39802507,-0.98177014,0.46175075,0.34294805,-0.98017573,-0.6464798,-0.98017573,-0.99960329,-0.32602472,-0.99762457,22,"sitting"
0.22101561,0.2749284,-0.092873029,0.25336622,-0.85785645,-0.25727649,0.3868305,0.38709518,0.38053435,0.82675846,-0.73192487,0.50680373,-0.39355869,0.38952969,0.7340909,-0.98514825,-0.52334714,0.80615858,-0.38515918,-0.71219269,-0.01912273,-0.98577116,0.452038,-0.076878673,-0.98514163,-0.44770463,-0.98514163,-0.99973892,0.11114945,-0.99781446,22,"sitting"
0.22066166,0.27514139,-0.0930778,0.25363183,-0.8575789,-0.25653397,0.3860546,0.38608526,0.37656025,0.82770083,-0.73592268,0.50761021,-0.53931356,0.55655417,0.73499688,-0.94053062,-0.52403355,0.80650111,-0.57382138,-0.71371759,-0.4022632,-0.92192121,0.4507194,0.4280815,-0.93016572,-0.33102317,-0.93016572,-0.99687417,-0.49738048,-0.99261127,22,"sitting"
0.10052803,-0.038000681,0.06466371,0.028965963,-0.9856001,-0.11200916,0.079119528,0.19352236,0.29718672,0.90189378,-0.92031038,0.93242467,-0.9534259,0.96044659,1,-0.46612385,-0.81617435,0.97390065,-0.96719908,-0.91420374,-0.94465221,-0.63878781,-0.28472354,0.94429432,-0.48373209,-0.96231285,-0.48373209,-0.86283587,-0.94776416,-0.94613538,22,"sitting"
0.10323669,0.054445839,0.0054187887,0.11376427,-0.96484339,-0.17155158,0.19765623,0.27199322,0.29718672,0.90189378,-0.65495395,0.74896176,-0.9233178,0.92279133,0.89578727,-0.88180727,-0.70664619,0.90507457,-0.92187828,-0.85782189,-0.94670807,-0.87084489,-0.044418157,0.94339794,-0.86726463,-0.95585452,-0.86726463,-0.989924,-0.94359657,-0.95101168,22,"sitting"
0.10323669,0.1403228,-0.0032762062,0.1268439,-0.95941158,-0.14757085,0.21151557,0.23976825,0.2936138,0.90448669,-0.24079379,0.78519422,-0.88422816,0.88416699,0.86025076,-0.87262549,-0.72968377,0.91936137,-0.88376578,-0.88943695,-0.85154218,-0.9237142,-0.067533661,0.84788757,-0.88026227,-0.96042385,-0.88026227,-0.99168364,-0.8543192,-0.9425378,22,"sitting"
0.096661701,0.11791245,0.0065876938,0.1128397,-0.96674773,-0.11987085,0.17446497,0.20147506,0.21324952,0.94937882,-0.69816973,0.82917145,-0.76646214,0.77640425,0.87089859,-0.81132196,-0.7703053,0.93653214,-0.78611523,-0.92378245,-0.64186751,-0.80235622,-0.17486744,0.63881095,-0.80562837,-0.89284387,-0.80562837,-0.97932137,-0.66066331,-0.97810197,22,"sitting"
0.084388473,0.08343479,0.023383457,0.088254556,-0.97752665,-0.095355728,0.11683273,0.16665985,0.19798681,0.95463984,-0.44301996,0.85577605,-0.60330873,0.63727484,0.88622586,-0.8239108,-0.81264083,0.94673942,-0.67179937,-0.9471648,-0.66611514,-0.80509212,-0.3150319,0.63940345,-0.81669575,-0.83050461,-0.81669575,-0.98150234,-0.63424523,-0.9612124,22,"sitting"
0.062020603,0.083154196,0.038182479,0.066755879,-0.98593593,-0.060668222,0.083577589,0.11757941,0.16070708,0.96652525,-0.14134303,0.8884081,-0.63891406,0.65929147,0.89124332,-0.9133539,-0.8647166,0.95919369,-0.67994616,-0.97361459,-0.78332836,-0.93235342,-0.4806116,0.76299904,-0.91782974,-0.88435399,-0.91782974,-0.99582043,-0.75641428,-0.97614091,22,"sitting"
0.036588274,0.083154196,0.040700617,0.063190037,-0.98724457,-0.042983713,0.083577589,0.092533064,0.10346576,0.98149908,0.093721891,0.90316752,-0.57456883,0.57749804,0.8913298,-0.95629414,-0.88591185,0.96479895,-0.58025749,-0.98489334,-0.81620337,-0.95831932,-0.54644207,0.80704464,-0.95547877,-0.80716208,-0.95547877,-0.99856485,-0.80994072,-0.99558635,22,"sitting"
0.036588274,0.082090018,0.041550722,0.061986906,-0.98761238,-0.048448014,0.083605971,0.10036602,0.10013043,0.98355865,0.59444199,0.90279087,-0.64407666,0.65794842,0.8913298,-0.93715586,-0.88107114,0.96465673,-0.67161256,-0.98205072,-0.53183076,-0.93151374,-0.5290526,0.55058345,-0.93335039,-0.65671383,-0.93335039,-0.99712182,-0.60331191,-0.9851305,22,"sitting"
0.033730768,0.082090018,0.044080473,0.058307284,-0.98873942,-0.056102906,0.10893257,0.11129245,0.11906955,0.98203853,0.4592811,0.90065304,-0.18762995,0.27884776,0.88986605,-0.90129543,-0.87498204,0.96384801,-0.37135565,-0.97784607,-0.42367308,-0.89285312,-0.51140395,0.4346457,-0.8913628,-0.66176927,-0.8913628,-0.99305111,-0.48637277,-0.97276926,22,"sitting"
0.043488181,0.08211152,0.043176596,0.059620064,-0.98831947,-0.070119122,0.10893257,0.13122516,0.15728214,0.9715142,0.12000191,0.89176383,-0.17572522,0.242842,0.88985952,-0.91282028,-0.85803384,0.96047482,-0.3114575,-0.96804669,-0.49688169,-0.90790595,-0.46106379,0.46498865,-0.90364099,-0.77255305,-0.90364099,-0.99442159,-0.46601525,-0.97020312,22,"sitting"
0.050301782,0.082326735,0.036137233,0.06986013,-0.98492213,-0.091137075,0.13220824,0.16097998,0.16555783,0.96840374,-0.68616637,0.87233626,-0.27247208,0.27061517,0.88688431,-0.90766714,-0.82754006,0.95308358,-0.26868733,-0.95180981,-0.75951211,-0.91335247,-0.36796166,0.7385951,-0.90852462,-0.80627177,-0.90852462,-0.99492596,-0.73300269,-0.98156035,22,"sitting"
0.050301782,0.098802154,0.031879696,0.076036778,-0.9829018,-0.096567394,0.15885193,0.16860692,0.16555783,0.96840374,-0.56813856,0.86468955,-0.65515938,0.65727354,0.87781235,-0.96899542,-0.81783454,0.95017251,-0.65897972,-0.94738378,-0.89033658,-0.97038648,-0.33640636,0.88478068,-0.97050653,-0.85963378,-0.97050653,-0.99926859,-0.88644442,-0.99617446,22,"sitting"
0.0482663,0.098802154,0.032706126,0.074814969,-0.98335009,-0.092752054,0.15879715,0.16318371,0.16262198,0.96917018,-0.19801045,0.86746189,-0.32913581,0.33202425,0.87781235,-0.97443229,-0.82304562,0.95123176,-0.33490078,-0.95084767,-0.52055037,-0.97276626,-0.35217865,0.48596551,-0.97453366,-0.69912198,-0.97453366,-0.99941928,-0.48246711,-0.99571098,22,"sitting"
0.049296712,0.099093857,0.031172127,0.077041962,-0.9825408,-0.095400398,0.15879715,0.16691398,0.16497475,0.96880468,0.047849507,0.86426966,-0.46916904,0.50880164,0.87779633,-0.92716672,-0.81871013,0.95001229,-0.54901392,-0.94846572,-0.54410894,-0.92426348,-0.33850839,0.55396679,-0.92203642,-0.48306816,-0.92203642,-0.99619666,-0.59614786,-0.97517028,22,"sitting"
0.049296712,0.09928584,0.031431183,0.076630066,-0.98268965,-0.09059958,0.14774079,0.16007055,0.16497475,0.96880468,-0.076249869,0.86684172,-0.52981146,0.55599003,0.87889431,-0.91800246,-0.82464211,0.95099395,-0.58232105,-0.95255402,-0.62441335,-0.90312026,-0.35602542,0.6223547,-0.91210614,-0.58785199,-0.91210614,-0.9952803,-0.64608752,-0.97684261,22,"sitting"
0.048138134,0.097301933,0.033079824,0.074241124,-0.98355626,-0.086596761,0.14774079,0.15442773,0.15297428,0.97124257,-0.49489526,0.87118803,-0.27042169,0.27766637,0.87889431,-0.86356481,-0.83067104,0.95265393,-0.28465816,-0.95612967,-0.39641801,-0.87076461,-0.37439884,0.36210508,-0.86125974,-0.85734219,-0.86125974,-0.98905781,-0.36710222,-0.93602597,22,"sitting"
0.57125762,0.12053008,-0.21865797,0.40846403,-0.57874947,-0.79591114,0.82708723,0.90264746,0.99602481,-0.69352401,0.93340181,-0.97992037,-0.90900987,0.9118952,-0.5044187,-0.037521711,0.65665516,-0.56229426,-0.91444661,0.60164354,-0.85982377,-0.35336783,-0.0016972829,0.8461474,-0.050665083,-0.87236922,-0.050665083,-0.5443041,-0.84133236,-0.84205104,22,"laying"
0.57125762,0.48526281,-0.34160856,0.57580179,-0.31738611,-0.67167367,0.82708723,0.84283948,0.86471824,-0.52774509,0.9187356,-0.9976619,-0.96601421,0.97314312,-0.5044187,-0.84128572,0.6057678,-0.49346857,-0.97999357,0.3866179,-0.9798145,-0.85819559,0.16121314,0.97986168,-0.84088381,-0.95622353,-0.84088381,-0.9858475,-0.98132217,-0.96478066,22,"laying"
0.56399895,0.56313897,-0.32736956,0.56018753,-0.35420464,-0.68376968,0.83295942,0.85456288,0.84772609,-0.54402416,0.030216937,-0.99159497,-0.72532781,0.73151757,-0.53457605,-0.77848922,0.6538324,-0.56147729,-0.73762271,0.42551052,-0.84898145,-0.80448272,0.23886665,0.84356608,-0.77438479,-0.51555918,-0.77438479,-0.97250593,-0.8483439,-0.91606221,22,"laying"
0.50659171,0.49924764,-0.30369606,0.53062866,-0.41833644,-0.70689215,0.86261802,0.87137784,0.88504195,-0.54402416,0.35311448,-0.98959042,-0.58567824,0.59066561,-0.62614572,-0.7053157,0.66722133,-0.58019917,-0.59525917,0.48266223,-0.84576923,-0.71237484,0.23888368,0.85035749,-0.68993586,-0.31203129,-0.68993586,-0.94926188,-0.86603093,-0.77708198,22,"laying"
0.50510794,0.43670064,-0.26209068,0.47754236,-0.52270501,-0.74957294,0.86616144,0.90029586,0.91419186,-0.57014356,0.36965137,-0.98880052,-0.60287152,0.60666555,-0.62614572,-0.75583516,0.66955875,-0.58318445,-0.61027848,0.58394901,-0.85282343,-0.75373016,0.17773321,0.85505207,-0.72743551,-0.27577124,-0.72743551,-0.96044135,-0.86774048,-0.82696054,22,"laying"
0.43772137,0.43505371,-0.22304822,0.42778997,-0.61586795,-0.78593564,0.90414374,0.92501111,0.91504356,-0.58839875,0.57341373,-0.98076568,-0.81751508,0.82254914,-0.6364134,-0.91512165,0.69407124,-0.61764534,-0.82741209,0.67184105,-0.77297348,-0.9062915,0.17493199,0.75712605,-0.91073897,-0.37775779,-0.91073897,-0.99514606,-0.75609657,-0.92484374,22,"laying"
0.378879,0.43318971,-0.21323722,0.4153578,-0.63757787,-0.79154063,0.92929448,0.92930101,0.91504356,-0.62023354,0.599676,-0.97199341,-0.89011144,0.89217866,-0.6930302,-0.95603364,0.71613216,-0.64868579,-0.89392882,0.68734572,-0.61156321,-0.94839367,0.21232282,0.63153975,-0.95181907,-0.48621355,-0.95181907,-0.99835962,-0.67954888,-0.96159996,22,"laying"
0.38472919,0.43318971,-0.21420122,0.41632823,-0.63593859,-0.78850576,0.92640853,0.92677066,0.9127439,-0.62027423,0.73142274,-0.96787249,-0.86740586,0.86695748,-0.71134958,-0.94374245,0.72532405,-0.66142296,-0.86613291,0.67811348,-0.6941923,-0.94082658,0.23268967,0.67924972,-0.94310109,-0.2218157,-0.94310109,-0.99781743,-0.68458545,-0.9649144,22,"laying"
0.3857407,0.43320311,-0.21755801,0.42064354,-0.62865635,-0.78595607,0.92618251,0.92501416,0.91068136,-0.62027423,0.88182251,-0.96960989,-0.83544288,0.83477285,-0.71185767,-0.95480279,0.72169208,-0.65631908,-0.8337145,0.67171726,-0.65172958,-0.95663376,0.22990042,0.61896628,-0.95335295,-0.25563825,-0.95335295,-0.99844707,-0.60823784,-0.99460601,22,"laying"
0.3857407,0.44166465,-0.2186334,0.42258318,-0.62539512,-0.78421689,0.92618251,0.92502668,0.9096004,-0.6199524,0.2953546,-0.96814943,-0.79509655,0.79452379,-0.71185767,-0.98369995,0.72459064,-0.66059766,-0.79361677,0.67176211,-0.61425794,-0.98197363,0.24342866,0.59025255,-0.98368077,-0.50188042,-0.98368077,-0.99970174,-0.59119135,-0.99607682,22,"laying"
0.38367142,0.44082743,-0.21741387,0.42106176,-0.6279803,-0.78313429,0.92489714,0.92447649,0.9096004,-0.62443208,-0.032671629,-0.96339552,-0.54947919,0.54965259,-0.72923359,-0.99600314,0.73434814,-0.67427265,-0.54974836,0.66976392,-0.021771712,-0.99452376,0.26412312,-0.042737267,-0.99548077,-0.36922826,-0.99548077,-0.9999438,0.043346145,-0.99881779,22,"laying"
0.38236623,0.43902656,-0.21690237,0.42005503,-0.62968323,-0.78245919,0.92489714,0.92333174,0.90838084,-0.62936295,0.014866826,-0.96098052,-0.50166629,0.51970789,-0.74323932,-0.99693277,0.7391292,-0.68079275,-0.53805649,0.66560358,-0.25363124,-0.99515648,0.27086811,0.23341815,-0.99629972,0.24464113,-0.99629972,-0.99995533,-0.26405597,-0.99803027,22,"laying"
0.38147396,0.43865089,-0.21595305,0.41876016,-0.63186916,-0.78290458,0.924927,0.92350079,0.90748391,-0.62957554,0.19266948,-0.9599432,-0.63948498,0.64063569,-0.74685923,-0.99335071,0.7411085,-0.68352778,-0.64154376,0.66621691,-0.21196614,-0.99118375,0.27306275,0.16825654,-0.99324702,-0.20860534,-0.99324702,-0.99990837,-0.17645409,-0.99793133,22,"laying"
0.38042743,0.43865089,-0.2156083,0.41846918,-0.63236019,-0.78367642,0.92576542,0.92433141,0.90931798,-0.62957554,0.15432254,-0.96080501,-0.8397408,0.84477601,-0.7431402,-0.98172365,0.7394269,-0.681257,-0.84947337,0.66923477,-0.0058443793,-0.98197982,0.27012545,-0.047448596,-0.9823859,-0.2908782,-0.9823859,-0.99966679,0.036213912,-0.99607554,22,"laying"
0.38094883,0.4392384,-0.21588518,0.41904005,-0.63139806,-0.78457013,0.92607459,0.92534483,0.90942254,-0.62352832,0.49702402,-0.96320623,-0.8442023,0.84626193,-0.73553118,-0.97749501,0.73473459,-0.67480107,-0.84792432,0.672919,-0.06600782,-0.98426032,0.26196931,0.0019225257,-0.97912786,-0.1887097,-0.97912786,-0.9995715,0.0019800359,-0.99480486,22,"laying"
0.38094883,0.43742079,-0.21542725,0.41842963,-0.63242516,-0.78477146,0.92717035,0.92544841,0.90942254,-0.6291274,0.094529476,-0.96265297,-0.79567638,0.79595506,-0.73553118,-0.96730953,0.73577597,-0.67625062,-0.79582541,0.6732954,-0.47828617,-0.96807199,0.26337581,0.50410785,-0.96538969,0.0028335921,-0.96538969,-0.99905414,-0.56811319,-0.98911845,22,"laying"
0.41829513,0.43724055,-0.21882987,0.42238404,-0.6255324,-0.78240989,0.90759487,0.92291679,0.90926535,-0.6291274,0.23512225,-0.96467512,-0.87061436,0.88230213,-0.68153287,-0.55510372,0.73147363,-0.67002179,-0.89384077,0.66414462,-0.46435643,-0.67831044,0.25537211,0.42321688,-0.54883617,-0.33665218,-0.54883617,-0.89467051,-0.4166254,-0.91703932,22,"laying"
0.46837734,0.43724055,-0.25008755,0.46030203,-0.55601611,-0.75982949,0.88102244,0.90355068,0.90910932,-0.6263774,0.45402198,-0.98154366,-0.85717697,0.86028125,-0.59143686,-0.6918538,0.68456457,-0.60370014,-0.86303786,0.59525572,-0.60908569,-0.67970586,0.17906266,0.58328875,-0.65448529,-0.36098481,-0.65448529,-0.9373976,-0.58298162,-0.82107676,22,"laying"
0.46837734,0.4794774,-0.27633135,0.49335992,-0.49515473,-0.73459574,0.88102244,0.88614269,0.88841237,-0.59744992,0.53669377,-0.98672902,-0.82043603,0.82040366,-0.59143686,-0.67853852,0.67185004,-0.58596166,-0.81997725,0.53341428,-0.70016128,-0.7033975,0.18820975,0.68331416,-0.66400626,-0.40616347,-0.66400626,-0.94069893,-0.68619535,-0.8546266,22,"laying"
0.46175749,0.51046465,-0.27526831,0.49404358,-0.49403993,-0.73028238,0.88317306,0.88646046,0.87165884,-0.59746024,-0.54821788,-0.97569902,-0.94262305,0.94440991,-0.62969165,-0.94334231,0.70693369,-0.63559333,-0.94585829,0.534457,-0.82740873,-0.94367259,0.28635412,0.81768829,-0.93910609,-0.46294018,-0.93910609,-0.99754267,-0.81928679,-0.96669052,22,"laying"
0.69090179,0.58484845,-0.46906849,0.70478977,0.011861483,-0.5296954,0.5361573,0.70035479,0.73641329,-0.41032632,-0.18537421,-0.94536273,-0.96880499,0.97642645,0.14702272,-0.40459749,0.47563811,-0.31235527,-0.9837829,-0.039223383,-0.81767225,-0.40206588,0.36414758,0.805285,-0.34669066,-0.89262927,-0.34669066,-0.7820801,-0.80480459,-0.67295235,22,"laying"
0.69884691,0.73844678,-0.49091632,0.7366498,0.098988165,-0.51192816,0.65160577,0.69166369,0.73641329,-0.41032632,0.67295663,-0.98389634,-0.78635785,0.78691726,-0.35816827,-0.48351142,0.51130722,-0.36017735,-0.78711936,-0.065981952,-0.65603174,-0.52209606,0.33548495,0.64491972,-0.47119499,-0.85080339,-0.47119499,-0.85622665,-0.65640944,-0.63395184,22,"laying"
0.69884691,0.74989331,-0.50252403,0.74086782,0.11120469,-0.4947058,0.65160577,0.66719964,0.67496962,-0.28958199,0.42496775,-0.97501724,-0.95028191,0.95126857,-0.35816827,-0.9419778,0.47493213,-0.31054891,-0.95187971,-0.13402493,-0.6941457,-0.95181807,0.37700229,0.66841007,-0.94305615,-0.96307639,-0.94305615,-0.99781436,-0.66222558,-0.96281771,22,"laying"
0.69615623,0.74928004,-0.4936137,0.73641255,0.098181493,-0.50601701,0.66421692,0.68282863,0.67573005,-0.28835574,0.41015029,-0.98001209,-0.70374026,0.70183015,-0.36729019,-0.9629806,0.48774293,-0.32759009,-0.69965646,-0.092895951,-0.65019422,-0.95286848,0.37389612,0.63477641,-0.95938491,-0.73185147,-0.95938491,-0.9987691,-0.64277354,-0.97710306,22,"laying"
0.69405077,0.74928004,-0.49453375,0.73765264,0.10179782,-0.50558194,0.67934893,0.68268512,0.67573005,-0.28835574,0.19496575,-0.9814372,-0.81809886,0.82645167,-0.3983113,-0.97469393,0.49133634,-0.33255353,-0.83447182,-0.09334467,-0.568265,-0.97360525,0.36733586,0.53277896,-0.9733932,-0.67313736,-0.9733932,-0.99937812,-0.52488215,-0.99149686,22,"laying"
0.69405077,0.75446195,-0.49821837,0.7407716,0.11089308,-0.50133635,0.67933015,0.6777956,0.66689414,-0.28282142,0.32089405,-0.98042836,-0.75209752,0.76851654,-0.39318009,-0.97854772,0.48854819,-0.3287276,-0.78490984,-0.10643808,-0.36530559,-0.97520508,0.37009761,0.33159771,-0.97631097,-0.55203634,-0.97631097,-0.99948062,-0.33978919,-0.98881415,22,"laying"
0.69966028,0.75695234,-0.49952673,0.74238369,0.11562383,-0.49884027,0.66977345,0.67544679,0.6634433,-0.28100605,0.46792055,-0.97740338,-0.88191315,0.88226984,-0.35973589,-0.94132279,0.48113415,-0.31827967,-0.88229798,-0.11265575,-0.21165514,-0.96414035,0.38829002,0.15843256,-0.94703376,-0.58559794,-0.94703376,-0.99807124,-0.15676046,-0.98416845,22,"laying"
0.70100402,0.75711075,-0.50257351,0.74581644,0.12572393,-0.49330412,0.66779589,0.66996079,0.66341797,-0.27584046,0.64728076,-0.97133567,-0.83312713,0.83165382,-0.35390952,-0.95075976,0.46709965,-0.29853428,-0.8298272,-0.12711167,0.038404748,-0.96471651,0.42092224,-0.13380864,-0.9545302,-0.45625515,-0.9545302,-0.99851294,0.16315934,-0.98852407,22,"laying"
0.70100402,0.75982919,-0.50383115,0.74660358,0.12803733,-0.49162311,0.66779589,0.66779369,0.65530633,-0.26202802,0.09045038,-0.97052277,-0.80937758,0.80915326,-0.35390952,-0.98739294,0.46505166,-0.29576652,-0.80857318,-0.13282972,-0.51636526,-0.98781448,0.42259141,0.49277988,-0.98803483,-0.63074487,-0.98803483,-0.99980706,-0.50129597,-0.98859553,22,"laying"
0.69975971,0.75926226,-0.50262571,0.74432401,0.12132002,-0.49451444,0.67035602,0.66992264,0.65810827,-0.27425893,0.087056645,-0.97477592,-0.73252615,0.73652492,-0.36329397,-0.97510075,0.47442241,-0.30911047,-0.74037331,-0.1272477,-0.42326737,-0.97771175,0.39643007,0.45187457,-0.97585631,-0.41789563,-0.97585631,-0.99946524,-0.52279795,-0.98967651,22,"laying"
0.69656845,0.75283228,-0.50011653,0.7419046,0.11422053,-0.49907135,0.67178265,0.67477776,0.67244744,-0.30357142,0.12226378,-0.97956808,-0.69486371,0.70175842,-0.37903018,-0.94299716,0.48662646,-0.32617034,-0.7086084,-0.11439036,-0.068032939,-0.94546729,0.37002799,0.021777099,-0.94066261,-0.41454192,-0.94066261,-0.99765228,-0.037453942,-0.98237574,22,"laying"
0.69606201,0.74936572,-0.49421612,0.73747839,0.10129331,-0.50734818,0.67487754,0.68467867,0.67693429,-0.30870111,0.23073598,-0.98498353,-0.75969166,0.76156448,-0.39179093,-0.93546368,0.50190453,-0.34734266,-0.76323043,-0.08795966,-0.11730039,-0.93755549,0.34375093,0.070665601,-0.93265796,-0.49601765,-0.93265796,-0.9970688,-0.082561095,-0.9837199,22,"laying"
0.68960265,0.74878121,-0.48993495,0.73371212,0.090321669,-0.51260299,0.68944416,0.69056892,0.67693429,-0.30870111,-0.15697779,-0.98712905,-0.78726457,0.79521243,-0.42151826,-0.99050895,0.50834452,-0.35631927,-0.80291911,-0.072155212,-0.30143597,-0.98955348,0.3320009,0.28952895,-0.99010607,-0.49534742,-0.99010607,-0.99985063,-0.32573201,-0.99131009,22,"laying"
0.68665442,0.74877813,-0.48946777,0.73302435,0.088325559,-0.51301967,0.69277095,0.69079391,0.67676883,-0.30816473,-0.23101237,-0.98695937,-0.0052256577,0.14808717,-0.42329544,-0.95744589,0.50776155,-0.35553816,-0.29395993,-0.071547124,-0.22213873,-0.95498291,0.33223637,0.25813748,-0.95345238,-0.011039962,-0.95345238,-0.99845294,-0.34944975,-0.98353361,22,"laying"
0.687956,0.74877813,-0.48978602,0.73343947,0.089529256,-0.51267053,0.69044756,0.69052317,0.67648231,-0.30818932,-0.013111223,-0.98690842,-0.3482472,0.3656224,-0.41899741,-0.95709504,0.50761306,-0.35531281,-0.38315847,-0.07227988,-0.32238596,-0.95323239,0.33307361,0.3439389,-0.95214614,-0.13848149,-0.95214614,-0.99837858,-0.41367477,-0.97347929,22,"laying"
-0.31569173,-0.280192,0.29194866,-0.30343175,-0.84287244,0.063168406,-0.078112965,-0.059833549,-0.055331672,0.94248282,-0.22899316,0.80897351,-0.43212715,0.51632333,0.86134294,-0.37303325,-0.71217613,0.92872003,-0.59763569,-0.99133754,0.046392421,-0.26298263,-0.11893667,-0.053058848,-0.15198831,-0.27875284,-0.15198831,-0.63546393,-0.00877146,-0.42756511,22,"walking"
-0.30972575,-0.280192,0.2895431,-0.29918272,-0.8474714,0.067048355,-0.068042247,-0.0652172,-0.059231362,0.9352011,-0.25065519,0.80054136,-0.4562862,0.53862654,0.86134294,-0.43902753,-0.71427927,0.92543531,-0.61864264,-0.99000681,0.092470041,-0.21430208,-0.12240623,-0.1189782,-0.22607781,-0.07202238,-0.22607781,-0.69568849,0.075915087,-0.25645305,22,"walking"
-0.30327148,-0.2674805,0.28525788,-0.29147875,-0.85577292,0.068032032,-0.067428664,-0.066203982,-0.070310103,0.9352011,-0.28146267,0.7850756,-0.42898722,0.5040574,0.85389048,-0.39213189,-0.71996276,0.91941987,-0.57570454,-0.9897855,0.21996834,-0.17271394,-0.15225782,-0.24609357,-0.15650834,-0.071709437,-0.15650834,-0.63928018,0.1945374,-0.37715607,22,"walking"
-0.30327148,-0.27650228,0.28818429,-0.29605281,-0.85080965,0.070858387,-0.07940089,-0.070362356,-0.070310103,0.93503315,-0.33470854,0.78557573,-0.41700241,0.49920151,0.85230102,-0.31680933,-0.71480961,0.91961349,-0.57805554,-0.98849503,0.13032299,-0.16319822,-0.12835265,-0.15088579,-0.084062735,-0.1999787,-0.084062735,-0.57546155,0.097999446,-0.25718339,22,"walking"
-0.30593889,-0.27650228,0.29008874,-0.29911995,-0.84752639,0.075264093,-0.07940089,-0.076773375,-0.07306914,0.93503315,-0.30130832,0.78586587,-0.39544283,0.48081519,0.85214858,-0.35118012,-0.71043051,0.91972669,-0.5628739,-0.98653215,-0.017927511,-0.17189134,-0.10267513,0.01982699,-0.14191674,-0.1824248,-0.14191674,-0.626681,-0.08767229,-0.3502968,22,"walking"
-0.28026802,-0.27366147,0.27925242,-0.28282902,-0.86437589,0.067489381,-0.078231946,-0.065385248,-0.051897348,0.9356248,-0.30157857,0.79144846,-0.40072278,0.48017264,0.85472787,-0.4083506,-0.72859941,0.92190302,-0.55566765,-0.98968315,-0.033497519,-0.24942974,-0.17315996,0.036211555,-0.2135636,-0.14413133,-0.2135636,-0.68571567,-0.10513145,-0.38843391,22,"walking"
-0.27411037,-0.25478414,0.26642635,-0.26374921,-0.8834239,0.053041558,-0.061194399,-0.044563241,-0.039231759,0.93785492,-0.26576375,0.79969541,-0.32704027,0.41172016,0.85587034,-0.42481317,-0.75144533,0.9251169,-0.49078717,-0.99481029,0.021479052,-0.30241531,-0.27443115,-0.031642406,-0.2205935,-0.19282525,-0.2205935,-0.69121341,-0.027174912,-0.48605313,22,"walking"
-0.27411037,-0.25741612,0.26781489,-0.26560959,-0.88158268,0.045433032,-0.040542293,-0.033709414,-0.035892774,0.94087967,-0.25896345,0.79811621,-0.26681873,0.35548708,0.85587034,-0.39301351,-0.75138414,0.92450427,-0.43691781,-0.99689825,0.098220876,-0.23722249,-0.29955928,-0.093032537,-0.15270062,-0.078581418,-0.15270062,-0.63608499,0.012601879,-0.56066394,22,"walking"
-0.28010917,-0.26090836,0.27731709,-0.28016894,-0.86732612,0.047611995,-0.042935083,-0.036998311,-0.035892774,0.94087967,-0.23405082,0.80086784,-0.31869646,0.40281338,0.85766391,-0.41820927,-0.73728691,0.92557349,-0.48121894,-0.99632838,-0.082729964,-0.3032015,-0.24917747,0.084719213,-0.15152346,-0.031110712,-0.15152346,-0.63492537,-0.1490649,-0.51359404,22,"walking"
-0.29063629,-0.26090836,0.27682722,-0.28011222,-0.86745072,0.052736598,-0.046760745,-0.044447729,-0.046141121,0.94295193,-0.23793267,0.80911217,-0.38677087,0.46230363,0.8643178,-0.41884108,-0.73672068,0.92877464,-0.53409949,-0.99502164,0.036905826,-0.28270712,-0.22327053,-0.031309825,-0.21313733,0.0086237837,-0.21313733,-0.68498044,-0.042550684,-0.26792926,22,"walking"
-0.29063629,-0.2491918,0.27218574,-0.27490534,-0.87273969,0.053100966,-0.046760745,-0.045244407,-0.049751843,0.94295193,-0.23677201,0.83509943,-0.47756293,0.56282442,0.8794265,-0.35598022,-0.74323409,0.93878787,-0.64624207,-0.9948741,0.21039101,-0.14607238,-0.21602681,-0.22199754,-0.17000155,-0.0026790575,-0.17000155,-0.65055798,0.15473004,-0.32971323,22,"walking"
-0.27293623,-0.24898291,0.26844883,-0.27074358,-0.87671427,0.053198368,-0.047967204,-0.045624723,-0.049751843,0.95920916,-0.2448614,0.85733686,-0.46430059,0.55289118,0.88031717,-0.43721843,-0.74852474,0.94735251,-0.63980684,-0.99479437,0.0044708539,-0.26460868,-0.20984303,-0.028103865,-0.24364625,-0.042489708,-0.24364625,-0.70914235,-0.013619844,-0.2594687,22,"walking"
-0.23390472,-0.25700737,0.25505864,-0.24920223,-0.89575688,0.072400724,-0.080122307,-0.072643591,-0.071862559,0.92602985,-0.16211701,0.83273549,-0.6465678,0.7094269,0.88934218,-0.32892928,-0.76027768,0.93776978,-0.77267683,-0.98778218,-0.31645739,-0.22555304,-0.21457173,0.2813362,-0.15778138,-0.45730547,-0.15778138,-0.64005785,-0.29122628,-0.36667144,22,"walking"
-0.25633359,-0.26711122,0.27706783,-0.28043122,-0.86657972,0.070721047,-0.080122307,-0.070198146,-0.063613091,0.92602985,-0.32706908,0.80289471,-0.62946092,0.7103058,0.87175651,-0.29138499,-0.73042769,0.92629488,-0.79194059,-0.98843315,-0.14696759,-0.14124429,-0.15836577,0.16527638,-0.099526289,-0.35492016,-0.099526289,-0.58951406,-0.24403327,-0.24490082,22,"walking"
-0.30756143,-0.26841503,0.28539528,-0.29465164,-0.85241308,0.062301665,-0.073181,-0.058709562,-0.062428746,0.93303509,-0.38328096,0.82606498,-0.59911757,0.68230739,0.87291607,-0.29630878,-0.72173061,0.93529881,-0.76590466,-0.99175249,-0.13465579,-0.1064818,-0.13313285,0.15176398,-0.11240341,-0.33387246,-0.11240341,-0.60091955,-0.22590471,-0.23963928,22,"walking"
-0.29967639,-0.26841503,0.28304161,-0.29123487,-0.85601042,0.060572673,-0.061296215,-0.056198687,-0.061820363,0.95122453,-0.50553017,0.82916565,-0.39229084,0.48005046,0.87291607,-0.36528953,-0.72561331,0.93652673,-0.56373711,-0.99243267,-0.24140039,-0.14239414,-0.14675952,0.26727358,-0.1527878,-0.17076578,-0.1527878,-0.63608643,-0.3449018,-0.40864784,22,"walking"
-0.29200594,-0.26245095,0.27801937,-0.28207049,-0.86548657,0.065244934,-0.067133636,-0.062434818,-0.061820363,0.93539646,-0.48148661,0.80742118,-0.47118153,0.56078824,0.86048164,-0.33383562,-0.73114382,0.92810367,-0.64850372,-0.99076897,-0.059977437,-0.16579812,-0.17118009,0.069287714,-0.092756247,-0.084681632,-0.092756247,-0.58342138,-0.14156208,-0.35181891,22,"walking"
-0.29200594,-0.24960836,0.27486642,-0.27678881,-0.87086757,0.06700147,-0.067133636,-0.064734052,-0.067431537,0.93539646,-0.45508054,0.79993948,-0.5664827,0.64760648,0.86830064,-0.34487386,-0.73493573,0.92519061,-0.72856549,-0.99018183,0.085099001,-0.13991245,-0.18498102,-0.096280159,-0.10449248,-0.16040322,-0.10449248,-0.59373222,0.038105838,-0.42733997,22,"walking"
-0.28798289,-0.24960836,0.27211464,-0.2744428,-0.87318994,0.062566359,-0.065308817,-0.05878784,-0.051348587,0.93575937,-0.3884105,0.82727274,-0.57935167,0.65996362,0.87299431,-0.36294636,-0.74039639,0.93576427,-0.74009009,-0.99174208,-0.060073297,-0.14867575,-0.18690809,0.080571529,-0.1609414,-0.29452259,-0.1609414,-0.64291893,-0.16291287,-0.33610416,22,"walking"
-0.28798289,-0.24863081,0.27138154,-0.27423745,-0.87339828,0.054458698,-0.059359323,-0.047300217,-0.044211434,0.95204433,-0.33753777,0.84267239,-0.44083742,0.52917653,0.87299431,-0.37835336,-0.7439968,0.94172882,-0.61397908,-0.99426377,0.012869208,-0.15764664,-0.20669197,0.0028373559,-0.19367566,-0.2155235,-0.19367566,-0.66996728,-0.084741056,-0.38617821,22,"walking"
-0.28389333,-0.24863081,0.27182519,-0.27309451,-0.87451132,0.051973983,-0.050928213,-0.043371586,-0.044211434,0.94064569,-0.40803144,0.81733546,-0.4666982,0.55164353,0.87194784,-0.3944137,-0.7440533,0.93193996,-0.63429636,-0.99518768,0.16058957,-0.22569288,-0.23911672,-0.16189228,-0.16499762,-0.13622198,-0.16499762,-0.64591438,0.088159305,-0.40759176,22,"walking"
-0.28389333,-0.25026037,0.26986968,-0.26955414,-0.87797644,0.056252575,-0.05277678,-0.049339387,-0.051130005,0.94064569,-0.43871548,0.807842,-0.47897432,0.5614871,0.86875531,-0.3712817,-0.74561549,0.92827274,-0.6425264,-0.99401009,0.024197406,-0.20126985,-0.23983649,-0.030836072,-0.13857842,-0.11724764,-0.13857842,-0.62331982,-0.030476506,-0.43412694,22,"walking"
-0.28401444,-0.2657891,0.27492025,-0.27965919,-0.8677525,0.062334402,-0.069150878,-0.058753041,-0.056146994,0.9450143,-0.42968746,0.84059609,-0.42543334,0.50809823,0.87918871,-0.4154099,-0.73652,0.94089961,-0.58865081,-0.99163844,-0.17618368,-0.25276745,-0.16296041,0.19221182,-0.17421896,-0.16716498,-0.17421896,-0.65394079,-0.26488954,-0.29128848,22,"walking"
-0.25530141,-0.24604985,0.25824402,-0.24960988,-0.89628286,0.046619786,-0.044713179,-0.034971234,-0.03501157,0.92033589,-0.59524121,0.7723585,-0.67773309,0.76133383,0.86191466,-0.037091064,-0.76480026,0.91440484,-0.84578757,-0.99663737,-0.39945989,0.069931366,-0.35905726,0.43963291,0.16498815,-0.33020772,0.16498815,-0.31635726,-0.52416307,-0.55402822,22,"walking_downstairs"
-0.25558413,-0.23968423,0.25959766,-0.25310612,-0.89320778,0.049338536,-0.047094627,-0.039105689,-0.03501157,0.92162195,-0.5106132,0.7944479,-0.626365,0.71384941,0.86096171,-0.06025715,-0.76217927,0.92303598,-0.80163757,-0.99591423,-0.28763031,-0.011253434,-0.3219181,0.3129763,0.12220583,-0.21348802,0.12220583,-0.36534984,-0.3889024,-0.36792733,22,"walking_downstairs"
-0.26415115,-0.23968423,0.2600778,-0.25351699,-0.89290907,0.054909897,-0.047393168,-0.046947659,-0.049272242,0.9258896,-0.58598974,0.78843134,-0.61738426,0.69933942,0.86096171,0.015064954,-0.75990566,0.92069099,-0.78102448,-0.9945239,-0.30506104,0.13324418,-0.30435731,0.33337738,0.20412568,-0.024786345,0.20412568,-0.27019923,-0.4106729,-0.3162707,22,"walking_downstairs"
-0.25545463,-0.22982271,0.25765824,-0.25115948,-0.89508246,0.052013513,-0.047393168,-0.043065895,-0.042977361,0.9258896,-0.53573281,0.80876511,-0.71252249,0.78095988,0.89339141,0.024853112,-0.76420107,0.92848974,-0.84982094,-0.99525458,-0.40805733,0.19709928,-0.30613524,0.46586226,0.23308332,-0.081561116,0.23308332,-0.23496395,-0.56821274,-0.15625111,22,"walking_downstairs"
-0.25310188,-0.22982271,0.25271548,-0.24479546,-0.90065232,0.05075408,-0.054484085,-0.041409241,-0.042219411,0.9180379,-0.4914616,0.8255055,-0.73319696,0.799262,0.89339141,0.0072366366,-0.77158494,0.93496494,-0.86611278,-0.99553169,-0.36916152,0.0078813534,-0.31539273,0.41514151,0.12769737,-0.2395432,0.12769737,-0.35915232,-0.50729049,0.064863902,22,"walking_downstairs"
-0.25310188,-0.21927485,0.25379701,-0.24316815,-0.90218576,0.057351141,-0.057432903,-0.050040126,-0.042219411,0.91525462,-0.55041268,0.77214615,-0.68814074,0.77392408,0.88722251,-0.036519699,-0.76799537,0.91424989,-0.86097933,-0.99373305,-0.25389121,0.083025932,-0.33658332,0.32738304,0.12233206,-0.29472318,0.12233206,-0.36505541,-0.4545382,-0.3832414,22,"walking_downstairs"
-0.23895725,-0.28889181,0.27366313,-0.26851471,-0.8766714,0.064568029,-0.18482281,-0.05954808,-0.0085575995,0.89958967,-0.65173792,0.71144784,-0.62259618,0.70839554,0.82908028,-0.24685825,-0.73751344,0.89034422,-0.79447199,-0.98409874,-0.41389568,-0.065388602,-0.28831509,0.43724218,0.00076845788,-0.50188497,0.00076845788,-0.49417786,-0.50287191,-0.36281164,22,"walking_downstairs"
-0.23867263,-0.23410918,0.2467137,-0.22995804,-0.91307065,0.033518133,-0.035025884,-0.016151417,-0.0085575995,0.89982557,-0.54939374,0.73112419,-0.665024,0.7432143,0.85054623,-0.090309078,-0.78390472,0.89816387,-0.82191504,-0.99875996,-0.35014118,0.073809723,-0.49394237,0.38967633,0.11371073,-0.37061523,0.11371073,-0.37464824,-0.47700011,-0.17044066,22,"walking_downstairs"
-0.23867263,-0.22076758,0.24799579,-0.23496888,-0.90891506,0.046202353,-0.045062994,-0.034341112,-0.016054761,0.91374165,-0.57895002,0.78071575,-0.66706298,0.74986651,0.86876249,0.020583788,-0.77953506,0.917612,-0.83353146,-0.99653955,-0.30875983,0.15860455,-0.39433312,0.3695657,0.18856478,-0.15520627,0.18856478,-0.28856193,-0.48173833,-0.38281421,22,"walking_downstairs"
-0.26064178,-0.22076758,0.25562838,-0.24632551,-0.89947249,0.057486464,-0.062513365,-0.05037407,-0.046775678,0.91317485,-0.48697732,0.77906633,-0.67615992,0.75613848,0.86876249,0.0049909646,-0.76536744,0.91696659,-0.83690758,-0.99369589,-0.24882653,0.22537152,-0.3218928,0.33094606,0.20324252,-0.26418022,0.20324252,-0.27113879,-0.46831336,-0.15535057,22,"walking_downstairs"
-0.26064178,-0.23568962,0.25943202,-0.25070958,-0.89547776,0.063555402,-0.062513365,-0.058665219,-0.056617953,0.91317485,-0.46045209,0.75787682,-0.69356895,0.76415898,0.84878804,-0.011895448,-0.75786063,0.90872755,-0.83508614,-0.99177297,-0.33444845,0.19049012,-0.30367599,0.38713934,0.17445973,-0.34667899,0.17445973,-0.30543118,-0.48831878,0.092947381,22,"walking_downstairs"
-0.26258319,-0.2357115,0.26298995,-0.25700032,-0.88980805,0.060253152,-0.061672756,-0.054357653,-0.052390352,0.92798104,-0.66681207,0.77397349,-0.60136489,0.68665286,0.84878804,0.013994172,-0.75405021,0.91507409,-0.77099208,-0.99277507,-0.40458975,0.090973627,-0.28589887,0.45809687,0.1655823,-0.35332476,0.1655823,-0.31581185,-0.55568082,-0.54107429,22,"walking_downstairs"
-0.2552659,-0.27314914,0.26581116,-0.26076093,-0.88518969,0.060759363,-0.15499097,-0.0550214,-0.021760698,0.91044038,-0.60203439,0.76754179,-0.65927987,0.73728473,0.8613661,-0.1655413,-0.74990103,0.91247422,-0.81594822,-0.98865963,-0.42810452,0.018032122,-0.27891233,0.46211034,0.013412856,-0.50248788,0.013412856,-0.48138612,-0.53809011,-0.54963657,22,"walking_downstairs"
-0.25429128,-0.22009899,0.24907214,-0.2378179,-0.90680617,0.045711305,-0.061807559,-0.033889842,-0.021760698,0.9191088,-0.50336867,0.80123036,-0.66489018,0.74580448,0.8613661,-0.16276372,-0.77812261,0.92568277,-0.82745925,-0.99631288,-0.36412432,-0.037077711,-0.37228251,0.4178224,-0.0038958229,-0.44999489,-0.0038958229,-0.49857856,-0.51735371,-0.23745723,22,"walking_downstairs"
-0.25429128,-0.22332509,0.2507676,-0.24108673,-0.90397567,0.059077883,-0.063014067,-0.053041982,-0.036243849,0.94296641,-0.50339732,0.81001575,-0.56484379,0.64664558,0.86193358,-0.16705326,-0.77165791,0.92912333,-0.72700324,-0.99301632,-0.32861721,0.049682352,-0.30561377,0.36932505,0.062076633,-0.40438568,0.062076633,-0.43094502,-0.457346,-0.4242057,22,"walking_downstairs"
-0.25678356,-0.2250304,0.25547639,-0.24819027,-0.89781094,0.053083438,-0.063014067,-0.044616329,-0.035278784,0.94296641,-0.50291384,0.81276748,-0.5868835,0.67116611,0.87042278,-0.073418204,-0.76698302,0.93018336,-0.75452977,-0.9946443,-0.2123116,0.057586914,-0.30679886,0.25698515,0.10340944,-0.30069153,0.10340944,-0.3862451,-0.35729393,-0.33815149,22,"walking_downstairs"
-0.26663212,-0.23135025,0.2581816,-0.25238551,-0.89404463,0.049122617,-0.058193964,-0.039043555,-0.035278784,0.92580453,-0.51357131,0.81604136,-0.6988622,0.76745701,0.87625811,-0.16269893,-0.76425443,0.93140919,-0.83662368,-0.99584923,-0.24487483,0.089921675,-0.30793986,0.26939998,0.058045162,-0.21711195,0.058045162,-0.43523555,-0.34508226,-0.45728875,22,"walking_downstairs"
-0.26843005,-0.23135025,0.26077431,-0.25452081,-0.89212086,0.055919478,-0.058945104,-0.048382381,-0.037062116,0.9132001,-0.46809519,0.78784893,-0.7228865,0.79021653,0.87625811,-0.12240283,-0.75860553,0.92037813,-0.85830678,-0.99405381,-0.3001034,0.056227919,-0.29839924,0.3350289,0.084715696,-0.26083261,0.084715696,-0.40668883,-0.41866645,-0.34813216,22,"walking_downstairs"
-0.30691097,-0.31658422,0.29694499,-0.31192471,-0.83270937,0.13770506,-0.20239352,-0.16759508,-0.15782567,0.88383166,-0.46419366,0.77411197,-0.74481249,0.78991871,0.88465666,-0.23903457,-0.66529243,0.91479995,-0.83540056,-0.94031047,-0.38638431,-0.06397258,0.16530583,0.40585708,-0.055493525,-0.61382222,-0.055493525,-0.54885341,-0.46902509,-0.53050457,22,"walking_upstairs"
-0.32556525,-0.33668468,0.3247051,-0.34492635,-0.79313821,0.14055612,-0.17746074,-0.16832634,-0.15878626,0.85628569,-0.42132748,0.66183958,-0.68654204,0.75311358,0.85582899,-0.33326988,-0.6275098,0.87009966,-0.82046504,-0.94004564,-0.42997274,-0.29047146,0.17092359,0.45740081,-0.14304537,-0.54878977,-0.14304537,-0.62783531,-0.52595189,-0.39618155,22,"walking_upstairs"
-0.3669783,-0.33668468,0.33769292,-0.35909355,-0.77558435,0.14057334,-0.17746074,-0.16648413,-0.16567659,0.85628569,-0.37752621,0.60405783,-0.64788435,0.71003098,0.78586957,-0.31311509,-0.61046649,0.84683628,-0.77176461,-0.94132417,-0.40434661,-0.24190026,0.15973968,0.42450312,-0.17262631,-0.50517099,-0.17262631,-0.65273401,-0.48582923,-0.31576264,22,"walking_upstairs"
-0.36679555,-0.3316401,0.33505506,-0.35519408,-0.78071115,0.1392663,-0.17306352,-0.1645075,-0.16567659,0.85989351,-0.42087377,0.60655305,-0.57461337,0.63917181,0.77911451,-0.30535756,-0.61480556,0.8478691,-0.70164921,-0.94269602,-0.38155606,-0.22943759,0.14585456,0.41627405,-0.15940697,-0.49396538,-0.15940697,-0.6416955,-0.49433176,-0.34720391,22,"walking_upstairs"
-0.36679555,-0.33886007,0.33815885,-0.36095106,-0.77308903,0.14651462,-0.18378942,-0.17537682,-0.16649173,0.85989351,-0.46177917,0.60962597,-0.66404011,0.7186845,0.79980137,-0.3919092,-0.60586243,0.84911732,-0.77295921,-0.93508792,-0.36894928,-0.35418168,0.19293213,0.41308818,-0.25037567,-0.49101433,-0.25037567,-0.71427364,-0.50207396,-0.39431075,22,"walking_upstairs"
-0.37797928,-0.33886007,0.3386544,-0.36671506,-0.76550309,0.14967203,-0.18380048,-0.18251635,-0.18396816,0.86180911,-0.50716625,0.654092,-0.62857655,0.69816584,0.8148051,-0.30405255,-0.6030363,0.86718383,-0.76786613,-0.92998745,-0.094670882,-0.15266296,0.26240307,0.12351838,-0.074310869,-0.28777371,-0.074310869,-0.56651496,-0.21196748,-0.37101793,22,"walking_upstairs"
-0.36870309,-0.33726891,0.33384949,-0.36075301,-0.77340473,0.1488654,-0.18380048,-0.18174975,-0.1801617,0.85839798,-0.319847,0.66975627,-0.63939857,0.70401933,0.8148051,-0.25780129,-0.60985313,0.87357164,-0.76883124,-0.93054832,-0.0524383,-0.15894768,0.25644741,0.057465289,-0.020051073,-0.36140936,-0.020051073,-0.51439024,-0.12382996,-0.56743442,22,"walking_upstairs"
-0.28324952,-0.31940381,0.29680242,-0.3116878,-0.83204431,0.13403138,-0.20504209,-0.16231323,-0.1421993,0.89927025,-0.41734957,0.77646266,-0.6976218,0.75442878,0.86286467,-0.29066769,-0.66812495,0.91597202,-0.81167702,-0.9428663,-0.48501721,-0.12456401,0.15280281,0.53564021,-0.09471641,-0.61742023,-0.09471641,-0.585165,-0.62558272,-0.6563367,22,"walking_upstairs"
-0.33511546,-0.35178263,0.32872741,-0.3549201,-0.78027853,0.14430775,-0.21995462,-0.17598948,-0.1421993,0.86930933,-0.56391702,0.69648852,-0.67881066,0.74028136,0.86286467,-0.31341384,-0.61968961,0.88399204,-0.80228567,-0.93260168,-0.48868615,-0.22891847,0.2452534,0.52445228,-0.086111666,-0.6077342,-0.086111666,-0.5770869,-0.59791114,-0.66478561,22,"walking_upstairs"
-0.36976616,-0.35495624,0.34567871,-0.3764681,-0.75207577,0.16523867,-0.21995462,-0.20448427,-0.18662281,0.86930933,-0.43958641,0.62648993,-0.62462049,0.69844329,0.80129225,-0.32301499,-0.58272385,0.8560356,-0.77236296,-0.91233026,-0.44843496,-0.18415173,0.32615101,0.47684575,-0.1269849,-0.57525935,-0.1269849,-0.61390734,-0.54446903,-0.5432508,22,"walking_upstairs"
-0.37356885,-0.35495624,0.34196629,-0.37079548,-0.7597763,0.15580304,-0.21504482,-0.19089056,-0.1837293,0.86978875,-0.3328743,0.63753567,-0.60594141,0.66707637,0.79745485,-0.38319587,-0.59440446,0.86054877,-0.72717023,-0.92317433,-0.44464294,-0.27157952,0.28310157,0.47569812,-0.20621929,-0.64082655,-0.20621929,-0.68008442,-0.5458583,-0.14607944,22,"walking_upstairs"
-0.37356885,-0.34164503,0.33710691,-0.36222929,-0.77145828,0.1578976,-0.21557001,-0.19275977,-0.1837293,0.86171933,-0.42797811,0.62636832,-0.58597422,0.63871257,0.79745485,-0.41326267,-0.59916612,0.8559703,-0.68993408,-0.92172589,-0.49266758,-0.26477039,0.25602965,0.51193452,-0.19799214,-0.62911396,-0.19799214,-0.6733703,-0.56660628,-0.46802345,22,"walking_upstairs"
-0.37376045,-0.35793911,0.34195265,-0.37027846,-0.76050154,0.16945399,-0.21635897,-0.20975982,-0.19763757,0.86171933,-0.53237301,0.61895669,-0.51630476,0.57609951,0.79067672,-0.33843293,-0.58430045,0.85295364,-0.63360651,-0.90818522,-0.37547565,-0.23088291,0.31751257,0.40748976,-0.11170711,-0.5528166,-0.11170711,-0.6003142,-0.4836897,-0.40942168,22,"walking_upstairs"
-0.38300078,-0.36927896,0.35182267,-0.38636188,-0.73808741,0.15841173,-0.21635897,-0.19567248,-0.16575111,0.87282603,-0.52405968,0.63512266,-0.5058643,0.57592889,0.79210831,-0.33248259,-0.5797337,0.8595772,-0.64341743,-0.91916115,-0.29158645,-0.13942005,0.33628328,0.32887193,-0.093882704,-0.52796672,-0.093882704,-0.58440933,-0.41722171,-0.58175898,22,"walking_upstairs"
-0.2913086,-0.32910247,0.30514137,-0.32362609,-0.81768727,0.13450228,-0.17525893,-0.16303404,-0.15212197,0.89480113,-0.38443083,0.76458638,-0.73379613,0.78037295,0.88002404,-0.34787937,-0.65707204,0.91109068,-0.82712902,-0.9435223,-0.55758816,-0.16860101,0.17776211,0.55120159,-0.15338276,-0.60192213,-0.15338276,-0.63658842,-0.57497561,-0.71559089,22,"walking_upstairs"
-0.35549503,-0.32910247,0.32538097,-0.34812611,-0.78976111,0.14815613,-0.1956699,-0.18026337,-0.17308567,0.88151043,-0.46802973,0.67619104,-0.65208566,0.7098293,0.83266099,-0.32043826,-0.62131957,0.8761789,-0.7671275,-0.93149977,-0.4982536,-0.16397104,0.22319952,0.53288277,-0.15411155,-0.53940317,-0.15411155,-0.63728975,-0.60414894,-0.39276397,22,"walking_upstairs"
-0.35688924,-0.32190931,0.32572401,-0.34638381,-0.79203005,0.15064966,-0.1956699,-0.18250933,-0.18039361,0.8773216,-0.49213518,0.65078099,-0.5983178,0.65647586,0.80452712,-0.3080308,-0.61908389,0.86594236,-0.71341662,-0.92987845,-0.44877931,-0.1319973,0.20478519,0.46822727,-0.12717442,-0.60495294,-0.12717442,-0.61410643,-0.52519172,-0.37536027,22,"walking_upstairs"
-0.3576758,-0.33953707,0.33245652,-0.35623025,-0.77929592,0.15054832,-0.19299252,-0.18268722,-0.18039361,0.86735007,-0.43191587,0.64515458,-0.60541571,0.66270846,0.79946846,-0.36205678,-0.61047104,0.8636539,-0.71919839,-0.92972415,-0.41862061,-0.26534846,0.22759909,0.42542317,-0.16372586,-0.60487208,-0.16372586,-0.64532846,-0.4713823,-0.33831516,22,"walking_upstairs"
-0.37143699,-0.33953707,0.33976789,-0.36578307,-0.76673604,0.15824517,-0.20103456,-0.19319117,-0.18172182,0.86144165,-0.38119539,0.62051836,-0.57171433,0.6312587,0.79941337,-0.39859968,-0.59548448,0.85357027,-0.68930407,-0.9216962,-0.40441674,-0.25779761,0.26221796,0.4314829,-0.18052772,-0.54482421,-0.18052772,-0.65900411,-0.49961307,-0.57598628,22,"walking_upstairs"
-0.37651806,-0.33951959,0.34010205,-0.36563759,-0.76694162,0.16043166,-0.20103456,-0.19589784,-0.19499394,0.86144165,-0.45194664,0.61210136,-0.55856465,0.62074723,0.78664548,-0.38405955,-0.59345254,0.85014076,-0.68077257,-0.9196479,-0.34190806,-0.22820374,0.26246054,0.37000674,-0.16602227,-0.50077255,-0.16602227,-0.64683397,-0.44284879,-0.41342798,22,"walking_upstairs"
-0.37651806,-0.33846894,0.33937587,-0.36431479,-0.76871984,0.16307956,-0.21169706,-0.19939536,-0.19499394,0.85354342,-0.50003364,0.60768052,-0.60715556,0.66253984,0.78664548,-0.33373677,-0.59241909,0.84830604,-0.71669062,-0.9167592,-0.31136791,-0.18959868,0.26468591,0.33255123,-0.13840284,-0.54535696,-0.13840284,-0.62264977,-0.40030489,-0.61968713,22,"walking_upstairs"
0.0041898528,0.036823464,0.06986352,0.02062743,-0.99703776,-0.023815953,0.060417544,0.065239623,0.065603881,0.99017252,-0.42283432,0.92379696,-0.38148146,0.395394,0.89854883,-0.95185096,-0.93339956,0.97258004,-0.4089102,-0.99291426,-0.71885051,-0.94028934,-0.71999314,0.73037058,-0.94600283,-0.79105825,-0.94600283,-0.99800603,-0.76234482,-0.88203765,29,"standing"
-0.0065726747,0.035807319,0.07531569,0.012645321,-0.9981526,-0.029225592,0.064884047,0.072977054,0.067897944,0.9920274,-0.24689977,0.92323724,-0.020237836,0.068165112,0.8977445,-0.96528351,-0.93065736,0.97236961,-0.11429357,-0.99098386,-0.53683229,-0.96554762,-0.72139917,0.51600596,-0.96345122,-0.63091145,-0.96345122,-0.99896542,-0.52615495,-0.95740105,29,"standing"
-0.013350418,0.035807319,0.076234527,0.01131193,-0.99832939,-0.031581288,0.077960771,0.076373736,0.067897944,0.99208448,-0.24185303,0.92416966,-0.38370612,0.40679795,0.89833676,-0.99437011,-0.92819385,0.97272029,-0.429899,-0.99009991,-0.58692857,-0.99264596,-0.71526963,0.55843259,-0.99426514,-0.43924465,-0.99426514,-0.99992521,-0.55672631,-0.99020585,29,"standing"
-0.011178732,0.037861174,0.0740709,0.014485068,-0.99794903,-0.032074252,0.077996792,0.077085504,0.069497411,0.99184157,-0.49336662,0.9240064,-0.26600335,0.28031985,0.89833676,-0.99495223,-0.92629385,0.97265886,-0.29454863,-0.98989739,-0.43244975,-0.99366947,-0.70486885,0.39739185,-0.99403756,-0.13133546,-0.99403756,-0.99992155,-0.39965011,-0.99188693,29,"standing"
-0.0086435848,0.041174225,0.072428652,0.016886516,-0.9976405,-0.033538925,0.079816804,0.079169813,0.07157022,0.99178015,-0.51001051,0.9226563,-0.32790321,0.33951758,0.89785264,-0.99722112,-0.92342783,0.97215103,-0.35091486,-0.98930084,-0.45426053,-0.99592883,-0.69375454,0.41159072,-0.9963526,-0.057153381,-0.9963526,-0.99995622,-0.40409304,-0.99380206,29,"standing"
-0.0078897962,0.043175317,0.071139966,0.018773802,-0.99737788,-0.034483653,0.081754729,0.080519337,0.071854462,0.99149282,-0.38177819,0.92200764,-0.35474233,0.37270725,0.89730496,-0.99241011,-0.92141988,0.97190695,-0.39021131,-0.98890581,-0.53063893,-0.98942523,-0.68549274,0.50892509,-0.98993575,-0.11213753,-0.98993575,-0.99984691,-0.5183904,-0.99036494,29,"standing"
-0.0068031796,0.045767681,0.070246126,0.02007157,-0.99719286,-0.034727927,0.082272633,0.080845856,0.072323088,0.98999483,-0.66115239,0.92057972,-0.45592531,0.46341408,0.89698857,-0.97564634,-0.92052842,0.97136937,-0.47051418,-0.98880884,-0.61854284,-0.97230723,-0.68212974,0.61700045,-0.97435156,-0.52056828,-0.97435156,-0.99941256,-0.64139149,-0.97614687,29,"standing"
-0.0067547036,0.045767681,0.069933989,0.020512875,-0.99712736,-0.034331993,0.081350205,0.080249668,0.072323088,0.98999483,-0.71230734,0.91909973,-0.46453924,0.47089159,0.89698857,-0.97692473,-0.92080891,0.9708121,-0.47680243,-0.98898425,-0.61212403,-0.97352423,-0.68359599,0.60457973,-0.97702755,-0.66188399,-0.97702755,-0.99950449,-0.62299574,-0.97291566,29,"standing"
-0.0022642626,0.046968655,0.068683916,0.022341833,-0.99684283,-0.034417444,0.081350205,0.080370537,0.072989638,0.98999506,-0.40281536,0.9187416,-0.31926803,0.33443704,0.89592695,-0.99295432,-0.91984435,0.97067732,-0.34913245,-0.98894818,-0.43352801,-0.99038219,-0.67856543,0.39124169,-0.99265503,-0.38508474,-0.99265503,-0.99989838,-0.38564,-0.98555959,29,"standing"
-0.00051559427,0.047840875,0.066552544,0.02547923,-0.99633383,-0.035886125,0.081922393,0.082500366,0.075184765,0.99070862,-0.082398863,0.91930891,-0.21974253,0.2679972,0.89615458,-0.98837492,-0.91654092,0.970891,-0.31590334,-0.98830608,-0.44737088,-0.98403715,-0.66394353,0.41304928,-0.98711657,-0.35524726,-0.98711657,-0.99978634,-0.41494752,-0.98832661,29,"standing"
-0.00051559427,0.048223972,0.06644646,0.025643309,-0.9963065,-0.036496372,0.083627734,0.083387805,0.075184765,0.99077461,-0.1105581,0.91981588,-0.22618456,0.2674318,0.89657733,-0.98834542,-0.91572588,0.9710819,-0.30898347,-0.98803804,-0.34442702,-0.98609652,-0.66075956,0.29953751,-0.98721304,-0.44358092,-0.98721304,-0.99978864,-0.29736003,-0.98907847,29,"standing"
-0.0011700936,0.047588223,0.068406524,0.022774197,-0.99677499,-0.035132504,0.082361795,0.08144081,0.075049193,0.99090429,-0.32809988,0.92089026,-0.091058718,0.13355254,0.89693254,-0.98801742,-0.91877621,0.97148636,-0.17661093,-0.98862733,-0.41613341,-0.98408482,-0.67297573,0.38319817,-0.98708349,-0.35880046,-0.98708349,-0.99978568,-0.38880651,-0.9910979,29,"standing"
0.0026682712,0.047588223,0.067689273,0.023825228,-0.996594,-0.034823974,0.082361795,0.0810011,0.07459614,0.9904536,-0.66275105,0.92091169,-0.26721111,0.37906732,0.89693254,-0.97076706,-0.91864586,0.9714944,-0.49318541,-0.98876035,-0.51661192,-0.96053617,-0.671281,0.50257801,-0.96593878,-0.59836493,-0.96593878,-0.99907834,-0.52140358,-0.97947146,29,"standing"
0.0040332792,0.048309524,0.064213508,0.028907801,-0.99572068,-0.036837288,0.082542028,0.083866846,0.077052327,0.98995391,-0.82173363,0.9187419,-0.45357295,0.52856342,0.89683348,-0.94460586,-0.91366648,0.97067734,-0.60474554,-0.98788263,-0.54133986,-0.93985519,-0.65139238,0.55420367,-0.94279015,-0.73417136,-0.94279015,-0.99779657,-0.60001764,-0.94843817,29,"standing"
0.0040332792,0.048148382,0.064170052,0.028976782,-0.99571095,-0.036064856,0.075598146,0.08277204,0.077052327,0.98995391,-0.73747386,0.9194735,-0.60542918,0.63548152,0.89799872,-0.95109383,-0.91455128,0.97095266,-0.66584917,-0.98819521,-0.53741637,-0.93868308,-0.65360104,0.55129679,-0.94881443,-0.75756574,-0.94881443,-0.99818117,-0.59847826,-0.92811646,29,"standing"
0.0017797118,0.041356761,0.069082916,0.021793001,-0.9968824,-0.030584117,0.071845492,0.074955472,0.075594134,0.99034169,-0.4529323,0.92361412,-0.38422405,0.39102511,0.89851554,-0.97727964,-0.92478142,0.97251105,-0.39777165,-0.9904348,-0.67293061,-0.97501088,-0.69099913,0.65202031,-0.97661448,-0.56754414,-0.97661448,-0.99949058,-0.6525432,-0.96117734,29,"standing"
-0.0010657317,0.041356761,0.071031883,0.018929121,-0.9973342,-0.029894648,0.071845492,0.073953198,0.072344938,0.99066083,-0.30620336,0.92334205,-0.33085642,0.33860691,0.89851554,-0.9736501,-0.92701408,0.9724087,-0.3463759,-0.99072878,-0.68107375,-0.97433125,-0.7016513,0.6517538,-0.97385279,-0.47207384,-0.97385279,-0.99939491,-0.64270249,-0.98488208,29,"standing"
0.012899684,-0.0053190635,0.084822241,-0.0012500794,-0.99798903,-0.022860528,0.039578651,0.063978099,0.083385817,0.98423238,-0.43739588,0.93326819,-0.28298701,0.2856092,0.904712,-0.86188941,-0.94385417,0.97613198,-0.28835478,-0.99238385,-0.91284238,-0.9095081,-0.75195416,0.9061466,-0.86872647,-0.55416456,-0.86872647,-0.99013253,-0.90508216,-0.9760268,29,"standing"
-0.034974706,-0.0053190635,0.1015256,-0.025766748,-0.99982317,-0.0081441968,0.039578651,0.042888395,0.052674965,0.99576768,-0.25365046,0.93783878,-0.48889486,0.49047361,0.904712,-0.97411499,-0.96596301,0.97785169,-0.49174098,-0.9971819,-0.94290619,-0.97029798,-0.85108892,0.94896826,-0.97283949,-0.82443116,-0.97283949,-0.99935786,-0.95939209,-0.99275558,29,"standing"
-0.046306875,-0.0041483643,0.099566001,-0.0228842,-0.99993222,-0.0089349762,0.039817507,0.043975016,0.039775008,0.99507119,-0.40154567,0.93295222,-0.42056846,0.4292703,0.90287361,-0.99265678,-0.96534699,0.9760197,-0.4379202,-0.99706712,-0.64147709,-0.99042422,-0.86225891,0.60951658,-0.99100416,-0.52341475,-0.99100416,-0.99986804,-0.60034025,-0.99233386,29,"standing"
-0.046306875,0.003271381,0.098115521,-0.020757561,-0.99998438,-0.011353418,0.04692056,0.047438763,0.039793765,0.99507119,-0.12963551,0.93245251,-0.42557037,0.43959562,0.90163315,-0.99117203,-0.96219183,0.97583225,-0.45349048,-0.99653877,-0.6164921,-0.9894934,-0.85913912,0.59335328,-0.99057028,-0.51451266,-0.99057028,-0.99985981,-0.59529413,-0.99640103,29,"standing"
-0.046402802,0.00089847475,0.099963705,-0.023469808,-0.99993431,-0.010609977,0.046456678,0.046393361,0.039793765,0.99519884,0.23822099,0.93441212,-0.45365327,0.48846531,0.90217634,-0.99180996,-0.9629576,0.97656749,-0.52384072,-0.99670709,-0.56965976,-0.98956871,-0.85315326,0.55956116,-0.99131275,-0.50578026,-0.99131275,-0.99987402,-0.57890969,-0.99653293,29,"standing"
-0.050796482,-0.00044220552,0.10189812,-0.026310078,-0.99986872,-0.0095018921,0.046456678,0.04481898,0.036959564,0.99648755,-0.062466646,0.9359067,-0.20329544,0.2745586,0.9022875,-0.99415666,-0.96400008,0.97712811,-0.34686964,-0.99696129,-0.48268242,-0.99309326,-0.84856899,0.45618416,-0.99461882,-0.37677613,-0.99461882,-0.99993077,-0.46401308,-0.9961173,29,"standing"
-0.05307511,-0.0014705267,0.10282,-0.02766433,-0.99982287,-0.0098139786,0.046488228,0.045272925,0.036832969,0.99701377,-0.15917821,0.9364389,-0.24098216,0.27557749,0.90252795,-0.99684091,-0.96327714,0.97732766,-0.30953185,-0.99689069,-0.3575657,-0.99519792,-0.84329467,0.3127744,-0.99657385,-0.20256367,-0.99657385,-0.99995915,-0.30938707,-0.99157813,29,"standing"
-0.053896628,-0.0014705267,0.10306867,-0.028028465,-0.99980978,-0.010942098,0.048011558,0.046887144,0.041318612,0.9959777,-0.096826709,0.93588937,-0.54924369,0.57411432,0.90252795,-0.99364474,-0.96166431,0.97712157,-0.59917433,-0.99662843,-0.27704732,-0.99260174,-0.83838881,0.22451531,-0.99485081,-0.43131437,-0.99485081,-0.99993436,-0.21853507,-0.98915347,29,"standing"
-0.053884498,-0.0013429082,0.10277279,-0.02758982,-0.99982637,-0.012792674,0.048397154,0.049519376,0.042202546,0.99542605,-0.19337204,0.93368523,-0.38001643,0.39282683,0.90225687,-0.99450042,-0.95924931,0.97629476,-0.40563831,-0.996183,-0.25836007,-0.99296268,-0.8341364,0.23565239,-0.9951226,-0.34367307,-0.9951226,-0.99993849,-0.26319561,-0.99143711,29,"standing"
-0.051945355,-0.00090346337,0.10258976,-0.0273206,-0.99983552,-0.013664263,0.052145878,0.050764378,0.04387142,0.99542605,-0.24809953,0.93317407,-0.15399113,0.15717045,0.90167822,-0.99053053,-0.95811709,0.97610304,-0.15992062,-0.99596911,-0.19143444,-0.99134729,-0.83190943,0.12496785,-0.99080367,-0.27291692,-0.99080367,-0.99986434,-0.11042856,-0.99517075,29,"standing"
-0.049010213,-0.00090346337,0.10105892,-0.025077061,-0.99989611,-0.01532371,0.052145878,0.053152603,0.047261192,0.99586085,-0.11940324,0.93374694,-0.19408694,0.20206613,0.90167822,-0.99153352,-0.95623024,0.97631803,-0.20955936,-0.99551702,-0.086499124,-0.98875542,-0.8312071,0.00089783962,-0.98987517,-0.24141304,-0.98987517,-0.99984588,0.026897273,-0.99415372,29,"standing"
-0.049010213,0.00088496001,0.10020784,-0.023828213,-0.99993366,-0.016152205,0.053341741,0.054336753,0.047261192,0.99591201,-0.13146062,0.93334521,-0.27553589,0.33497897,0.90131647,-0.9885178,-0.95525072,0.97616731,-0.39417816,-0.99529992,-0.27322635,-0.98639081,-0.83172419,0.20530809,-0.98829887,-0.19945227,-0.98829887,-0.99981283,-0.18327452,-0.9929013,29,"standing"
-0.049501614,0.00085797658,0.10116654,-0.025234132,-0.99990047,-0.014856136,0.053341741,0.052477373,0.046308004,0.99580281,-0.36731229,0.93341857,-0.34021647,0.375052,0.90192,-0.98446251,-0.95685091,0.97619482,-0.41021789,-0.99565565,-0.61649873,-0.98177339,-0.83282174,0.59372706,-0.98536021,-0.60261328,-0.98536021,-0.99974459,-0.59603368,-0.98268007,29,"standing"
-0.048776992,0.0002027418,0.10139852,-0.02557583,-0.99989011,-0.014528175,0.052973967,0.052016336,0.04619317,0.99541112,-0.71346882,0.93422327,-0.40867182,0.41348293,0.90233374,-0.97888445,-0.9572492,0.97649665,-0.41803919,-0.99574105,-0.66844417,-0.97812001,-0.83254535,0.64815807,-0.97917531,-0.67439432,-0.97917531,-0.99957281,-0.64956308,-0.97842104,29,"standing"
0.20717761,-0.053600138,-0.032141681,0.16815632,-0.91724118,-0.25893301,0.25856542,0.39078171,0.41375338,0.84379403,-0.9308333,0.5886306,-0.83514744,0.83359905,0.82499529,-0.65259899,-0.57050698,0.84026498,-0.83172193,-0.70313131,-0.95256007,-0.65923021,0.309516,0.949263,-0.62810459,-0.97432088,-0.62810459,-0.92775186,-0.94906134,-0.96957423,29,"sitting"
0.20717761,0.19488035,-0.056314706,0.20311618,-0.9042612,-0.26138368,0.37811233,0.39475865,0.41374255,0.84379403,-0.42969411,0.56386552,-0.7572289,0.75920918,0.76759241,-0.88758627,-0.54958289,0.83016325,-0.76085337,-0.69993352,-0.89019531,-0.89540879,0.38221511,0.88698684,-0.88286719,-0.83148398,-0.88286719,-0.99201473,-0.89118058,-0.96383861,29,"sitting"
0.16689471,0.19488035,-0.039697431,0.17842451,-0.92541471,-0.25169244,0.37811233,0.38011869,0.37766986,0.85223209,-0.78216064,0.5845322,-0.3868747,0.38146036,0.76763884,-0.96984528,-0.57429979,0.83877645,-0.37590906,-0.72260588,-0.73069463,-0.96763994,0.2926057,0.70375571,-0.96583293,-0.51874256,-0.96583293,-0.99907245,-0.69378176,-0.98383222,29,"sitting"
0.1527539,0.19522458,-0.041160386,0.18081748,-0.92364783,-0.25301035,0.37838749,0.38244472,0.37300078,0.86047154,-0.70414714,0.58556311,-0.44411421,0.44342372,0.76763884,-0.98164244,-0.57156856,0.83920699,-0.4424283,-0.71915936,-0.4840611,-0.98042723,0.3061473,0.43328931,-0.98179747,-0.33549235,-0.98179747,-0.99965003,-0.41508005,-0.99203721,29,"sitting"
0.1527539,0.20097383,-0.041219664,0.1809938,-0.92353177,-0.25371245,0.38485904,0.38355,0.37300078,0.86047154,-0.48706705,0.58571413,-0.53701395,0.542923,0.76636356,-0.99457453,-0.57064296,0.83926984,-0.54857374,-0.71752401,-0.44905312,-0.99491705,0.30970039,0.40013532,-0.99465831,-0.1997368,-0.99465831,-0.99993139,-0.38624095,-0.99615328,29,"sitting"
0.14849142,0.19992187,-0.038672235,0.17720995,-0.92642597,-0.25328337,0.38485904,0.38270644,0.37130997,0.86151321,-0.19616881,0.58679916,-0.33901376,0.34294127,0.76636356,-0.99914366,-0.57304585,0.83971965,-0.34666347,-0.71878566,-0.22559583,-0.99918565,0.29803579,0.1643411,-0.9991557,-0.10924297,-0.9991557,-0.99999087,-0.15308554,-0.99757027,29,"sitting"
0.14457194,0.19983679,-0.037969347,0.17613881,-0.92723368,-0.25412531,0.38497333,0.38369316,0.37379212,0.86151321,-0.1966798,0.5849339,-0.34765983,0.36701433,0.76561958,-0.99697191,-0.57249315,0.83894707,-0.38656655,-0.7173099,0.15178013,-0.99591003,0.29627792,-0.22835685,-0.99720382,-0.39884701,-0.99720382,-0.9999675,0.23000884,-0.99836499,29,"sitting"
0.1446349,0.19925275,-0.037837372,0.17608582,-0.92727315,-0.25504901,0.38573348,0.3851819,0.37392855,0.86157959,-0.26192766,0.58563844,-0.45873795,0.50193157,0.76559794,-0.99616756,-0.57142209,0.83923897,-0.5456597,-0.7150799,-0.0038653167,-0.99422136,0.30067336,-0.073606274,-0.99587519,-0.55463375,-0.99587519,-0.9999494,0.087073457,-0.99841646,29,"sitting"
0.1446349,0.19875797,-0.03728566,0.17538425,-0.92779673,-0.25519428,0.38700274,0.38554605,0.37392855,0.86196601,-0.34276311,0.58737301,-0.19314213,0.25501073,0.76606976,-0.99690813,-0.57163507,0.83995747,-0.31801167,-0.71453419,0.021096144,-0.99598114,0.30112283,-0.09680577,-0.99729969,-0.32513306,-0.99729969,-0.99996886,0.10663825,-0.99745685,29,"sitting"
0.14283756,0.19822018,-0.036697316,0.17452675,-0.92843685,-0.25465952,0.38665543,0.38480616,0.37362787,0.86279522,-0.20715175,0.58866513,-0.1629312,0.19228928,0.76653548,-0.99569145,-0.57273283,0.84049245,-0.22125107,-0.71564468,0.40121209,-0.99486221,0.29784589,-0.4983745,-0.99529114,-0.23354543,-0.99529114,-0.99994086,0.50539549,-0.99551717,29,"sitting"
0.14254814,0.19770938,-0.036451632,0.17413677,-0.92872617,-0.25485287,0.38665543,0.38498674,0.37417798,0.86197245,-0.42492466,0.58793356,-0.46921263,0.48045816,0.76653548,-0.98307704,-0.57266399,0.84018947,-0.49126303,-0.71537327,-0.051892836,-0.97916382,0.29668676,0.056247111,-0.98142546,-0.3699505,-0.98142546,-0.99963976,-0.12612679,-0.99699761,29,"sitting"
0.14183872,0.19497683,-0.035483072,0.17269346,-0.92978959,-0.2550607,0.38647379,0.38514807,0.37417798,0.86197245,-0.41324052,0.58757974,-0.56298725,0.56554094,0.76673418,-0.97971474,-0.57309076,0.84004296,-0.56754604,-0.71513121,-0.36876626,-0.9741843,0.29291665,0.32945649,-0.97874533,-0.49225305,-0.97874533,-0.99955942,-0.33093776,-0.99301998,29,"sitting"
0.14368546,0.19497683,-0.035738479,0.17296564,-0.929586,-0.25597167,0.38647379,0.3861693,0.37654941,0.85870312,-0.26542019,0.58415403,-0.61771008,0.61810277,0.76673418,-0.98632649,-0.5717552,0.83862235,-0.61812512,-0.71359144,-0.4702776,-0.98295153,0.29365284,0.43457342,-0.9868937,-0.56448532,-0.9868937,-0.9997813,-0.43323932,-0.98914026,29,"sitting"
0.14368652,0.19592742,-0.037000647,0.17478619,-0.9282416,-0.25690741,0.38802721,0.38743972,0.37654941,0.85870312,-0.224904,0.58147328,-0.48101252,0.48037481,0.7657932,-0.99252382,-0.56967161,0.83751149,-0.47958313,-0.71168066,-0.51592576,-0.98939015,0.29985527,0.49683307,-0.99224193,-0.49123133,-0.99224193,-0.99989108,-0.51027483,-0.99435053,29,"sitting"
0.14368652,0.19661619,-0.03645407,0.17420544,-0.928673,-0.25632399,0.38867715,0.38706556,0.37574281,0.8591042,-0.2408131,0.58637848,-0.40253915,0.42235602,0.76692973,-0.99690104,-0.57080009,0.83954463,-0.44257948,-0.71224627,-0.16808062,-0.99456757,0.30118804,0.15571518,-0.99497209,-0.25230673,-0.99497209,-0.99993604,-0.20081473,-0.99670753,29,"sitting"
0.15142816,0.13239554,-0.017693284,0.14666142,-0.94610408,-0.20857883,0.25987726,0.32181968,0.50348682,0.72707501,0.49193474,0.6737821,-0.96980423,0.96904683,0.84450503,-0.64028094,-0.64422883,0.87398941,-0.96788232,-0.79012726,-0.92991171,-0.67305715,0.11828274,0.93629345,-0.62409923,-0.96219516,-0.62409923,-0.92622975,-0.94797768,-0.95353397,29,"sitting"
0.15142816,0.16961277,-0.036641986,0.17530419,-0.92769564,-0.17133942,0.25987726,0.2732647,0.27632055,0.90815197,-0.47949518,0.73325894,-0.95644321,0.96202409,0.84450503,-0.95016532,-0.67381099,0.89898404,-0.96730528,-0.85808971,-0.95732979,-0.96707182,0.11438631,0.95294239,-0.95503095,-0.93323994,-0.95503095,-0.99854048,-0.95123835,-0.94454825,29,"sitting"
0.15115404,0.19798815,-0.038033194,0.17653512,-0.92692051,-0.18056266,0.27519663,0.2848956,0.27632055,0.90815197,-0.0805759,0.70582428,-0.9214363,0.92561376,0.81951248,-0.99230553,-0.66195493,0.88812449,-0.92947713,-0.84572608,-0.62076201,-0.99057313,0.12792535,0.58557012,-0.99249882,-0.75783921,-0.99249882,-0.99989563,-0.57443885,-0.95503833,29,"sitting"
0.14439946,0.19798815,-0.03724053,0.17552702,-0.92768979,-0.18168571,0.28878323,0.28662041,0.27627557,0.90888379,-0.40736322,0.70732654,-0.23844333,0.29139702,0.81472248,-0.98896331,-0.66133725,0.88872523,-0.34539522,-0.84384081,-0.18402168,-0.98796529,0.13095175,0.12487761,-0.98806879,-0.32734074,-0.98806879,-0.99980785,-0.1178371,-0.97838712,29,"sitting"
0.14554515,0.20011547,-0.037937567,0.17664087,-0.92685653,-0.18240177,0.28879297,0.28777092,0.27819768,0.90958157,-0.39926829,0.70766114,-0.19888173,0.27639015,0.81472248,-0.98991005,-0.6599008,0.8888589,-0.35530714,-0.84255692,-0.0072864646,-0.98848172,0.13730783,-0.058867878,-0.98864405,-0.39695868,-0.98864405,-0.99982022,0.061115403,-0.988945,29,"sitting"
0.14666064,0.20017853,-0.038562184,0.17747737,-0.92622655,-0.18265412,0.28820454,0.28803309,0.27819768,0.90916405,-0.090102922,0.70565435,-0.38487227,0.41742192,0.81453407,-0.99761864,-0.65906596,0.88805745,-0.45042595,-0.8422643,-0.047876244,-0.99650828,0.1387388,-0.028976459,-0.99726788,-0.36235826,-0.99726788,-0.9999681,0.044837857,-0.99566484,29,"sitting"
0.1478071,0.20183692,-0.039634338,0.17885341,-0.92518374,-0.18052711,0.2815936,0.28488567,0.27775694,0.90893315,-0.3211381,0.70470209,-0.41371952,0.41945111,0.81438576,-0.99412107,-0.66059674,0.88767701,-0.42498802,-0.84574716,-0.31037619,-0.99351107,0.13333394,0.26285216,-0.99479836,-0.44410666,-0.99479836,-0.99993315,-0.26003837,-0.9869461,29,"sitting"
0.14832836,0.20314189,-0.040354827,0.17986108,-0.92441777,-0.17808074,0.28112961,0.28149326,0.27437699,0.90893315,-0.24243227,0.70686902,-0.47544696,0.47789944,0.81509081,-0.99071155,-0.66278139,0.88854237,-0.48002715,-0.84947813,-0.338601,-0.99036475,0.12866964,0.28901569,-0.99112009,-0.40927966,-0.99112009,-0.99987027,-0.28187616,-0.99095539,29,"sitting"
0.14838638,0.20301875,-0.040355145,0.17999101,-0.92431823,-0.17892032,0.28112961,0.28282795,0.27439421,0.91017844,-0.30081535,0.70796935,-0.48053005,0.48771201,0.81509081,-0.99143456,-0.66181535,0.88898195,-0.49447586,-0.84801325,-0.083885272,-0.99032062,0.13343419,0.0023883514,-0.99044765,-0.23727437,-0.99044765,-0.99985741,0.021045505,-0.98909618,29,"sitting"
0.14838638,0.20276596,-0.039956548,0.17948507,-0.92470384,-0.1807356,0.28657865,0.28541367,0.27520039,0.90985399,-0.48640649,0.70703406,-0.3213279,0.32956085,0.81450615,-0.99106672,-0.66007289,0.88860857,-0.33688908,-0.84517883,-0.38600288,-0.98868452,0.13825145,0.33765455,-0.9906124,-0.35748064,-0.9906124,-0.99986058,-0.32828255,-0.99172552,29,"sitting"
0.14708601,0.20154001,-0.039277517,0.1784809,-0.92546752,-0.1802786,0.28483961,0.28474042,0.27520039,0.90985399,-0.51909418,0.70780508,-0.35766001,0.36453139,0.81526483,-0.99255213,-0.66119702,0.88891632,-0.37085622,-0.84591987,-0.30062504,-0.99050484,0.13431736,0.2451246,-0.99242832,-0.24292719,-0.99242832,-0.9998944,-0.23394113,-0.99168962,29,"sitting"
0.14692771,0.20154001,-0.039043035,0.17813492,-0.92572985,-0.17949228,0.28483961,0.28364532,0.27503228,0.90992049,-0.23116773,0.70893603,-0.44599316,0.48029087,0.81526483,-0.99114321,-0.66231167,0.88936781,-0.51494157,-0.8471281,-0.020764579,-0.98865331,0.13131979,-0.049810651,-0.98953346,-0.50458173,-0.98953346,-0.99983901,0.056881616,-0.99033693,29,"sitting"
0.1473807,0.2015738,-0.03949887,0.17877765,-0.92524223,-0.17958044,0.28499154,0.28375249,0.27360154,0.90935944,-0.21609641,0.7081749,-0.5186017,0.56776752,0.81523099,-0.98506611,-0.66180944,0.88906394,-0.61762485,-0.84701152,0.10301559,-0.98221077,0.13276725,-0.16257467,-0.98408017,-0.43678875,-0.98408017,-0.99971218,0.14955225,-0.9834677,29,"sitting"
0.72510704,0.76790951,-0.51711783,0.76425021,0.18076596,-0.48934893,0.66228757,0.66975202,0.67709123,-0.4972588,-0.72572698,-0.99765347,-0.90738906,0.92956783,-0.46704017,-0.83899096,0.59721228,-0.48141191,-0.95166317,-0.12746518,-0.87850599,-0.92205587,0.21875319,0.88778973,-0.85242484,-0.73003131,-0.85242484,-0.98771718,-0.90614549,-0.97844319,29,"laying"
0.71869695,0.77325616,-0.51964744,0.76072794,0.17010212,-0.48597448,0.66228757,0.66111886,0.65012764,-0.45918633,-0.58647243,-0.99728241,-0.98536186,0.98608525,-0.4733374,-0.93419236,0.55993489,-0.42893005,-0.98641668,-0.15022724,-0.40455812,-0.93752049,0.19602795,0.34491422,-0.93101831,-0.77191245,-0.93101831,-0.99694067,-0.32277468,-0.99776819,29,"laying"
0.71727018,0.77381246,-0.52040592,0.76309465,0.17722121,-0.48477286,0.66242535,0.66121218,0.64759098,-0.37519442,-0.78477893,-0.99696332,-0.94136441,0.94562103,-0.4733374,-0.98233118,0.55206282,-0.41774164,-0.94954966,-0.14998639,-0.49381677,-0.9824105,0.21523775,0.44601102,-0.98364207,-0.40974587,-0.98364207,-0.9997004,-0.4303443,-0.99821027,29,"laying"
0.71727018,0.77932527,-0.5215449,0.76426501,0.18074237,-0.48387866,0.66148801,0.66033794,0.64759098,-0.37537441,-0.15575864,-0.99775587,-0.8363388,0.84240602,-0.48919342,-0.99693131,0.55741338,-0.42527169,-0.84820345,-0.15225111,-0.51313619,-0.99623506,0.20160016,0.4851018,-0.99752728,-0.46981214,-0.99752728,-0.99997174,-0.48862941,-0.99861283,29,"laying"
0.7167555,0.77932527,-0.52202862,0.76409472,0.18022804,-0.48338895,0.66089308,0.65928887,0.6458189,-0.37537441,0.09178066,-0.99779435,-0.4330612,0.49441363,-0.49381004,-1,0.55767888,-0.42568436,-0.55560255,-0.15496664,0.12639355,-1,0.19754095,-0.18786755,-0.99999104,-0.32185713,-0.99999104,-0.99999987,0.17590558,-0.99807331,29,"laying"
0.7167555,0.77973975,-0.52245164,0.76441655,0.18119933,-0.48294794,0.66079591,0.65875164,0.64490721,-0.37552959,-0.055786545,-0.99779202,-0.32367049,0.36823756,-0.49381004,-0.99709111,0.55765763,-0.42565861,-0.41272429,-0.15635535,0.15979115,-0.9962919,0.19702893,-0.1981154,-0.99753398,-0.1590966,-0.99753398,-0.99997177,0.15856281,-0.99910382,29,"laying"
0.71675546,0.77918654,-0.52221781,0.76408253,0.18019138,-0.48319171,0.66079591,0.65891819,0.64580363,-0.37552959,-0.20876492,-0.99779409,-0.34435251,0.38812006,-0.493198,-0.99676986,0.55766918,-0.42568236,-0.43261914,-0.15592475,-0.21517281,-0.99579056,0.1965212,0.19510261,-0.99617711,-0.26854768,-0.99617711,-0.99995378,-0.22772483,-0.99826284,29,"laying"
0.71648108,0.77918654,-0.52154339,0.76387753,0.17957262,-0.48387135,0.66108979,0.66000685,0.64686194,-0.3755295,-0.13479379,-0.9977364,-0.57459202,0.58870607,-0.49254024,-0.997175,0.55723778,-0.42504876,-0.60273845,-0.15310826,-0.10832683,-0.99608445,0.20009187,0.085619662,-0.99692556,-0.23457793,-0.99692556,-0.99996382,-0.12304089,-0.99792961,29,"laying"
0.71650943,0.77932535,-0.52159206,0.7641507,0.18039686,-0.48383081,0.66143988,0.66015373,0.64686194,-0.37583892,-0.21863337,-0.99776032,-0.53886777,0.54953462,-0.49254024,-0.9974873,0.55743704,-0.42531498,-0.56001248,-0.15272837,0.62591463,-0.99597286,0.20071426,-0.61894746,-0.99721862,-0.26122294,-0.99721862,-0.99996775,0.49785483,-0.99877528,29,"laying"
0.71678822,0.77961418,-0.5220711,0.76417669,0.1804753,-0.48335329,0.66097269,0.65928583,0.64638701,-0.37583892,-0.23751547,-0.99781561,-0.39107756,0.41218993,-0.4935747,-0.99662201,0.55784959,-0.42592205,-0.43347419,-0.15497448,0.260448,-0.99518179,0.19729838,-0.31096331,-0.99621362,-0.30904355,-0.99621362,-0.99995417,0.27744853,-0.99817258,29,"laying"
0.7173408,0.77961418,-0.52268227,0.76455102,0.18160573,-0.48270536,0.65970122,0.65842226,0.64497215,-0.37556478,-0.093533918,-0.99778548,-0.38545539,0.44071947,-0.49349272,-0.9978652,0.55760308,-0.42558667,-0.49679734,-0.15720524,0.018831698,-0.99732627,0.19665231,-0.080063133,-0.99681282,-0.20982128,-0.99681282,-0.99996243,0.074889777,-0.99769619,29,"laying"
0.7173408,0.7800674,-0.52294697,0.76476403,0.18224874,-0.48242943,0.65970122,0.65809596,0.6446178,-0.37544185,-0.21355946,-0.99778401,-0.40919424,0.46085976,-0.4933228,-0.99845169,0.55759028,-0.42557052,-0.51327538,-0.15804793,0.042903142,-0.99853448,0.19638995,-0.10793135,-0.99907226,-0.24507361,-0.99907226,-0.99998992,0.10523537,-0.99929897,29,"laying"
0.71703954,0.77846381,-0.52242289,0.76410955,0.18027329,-0.48295555,0.65980556,0.65852572,0.64483429,-0.37544185,-0.27518743,-0.9977368,-0.47020075,0.53233783,-0.49254407,-0.99706264,0.55721545,-0.42505388,-0.59547487,-0.15693872,-0.066473469,-0.99620397,0.19675441,0.00041131809,-0.99654986,-0.047507927,-0.99654986,-0.99995865,0.0052550959,-0.99942726,29,"laying"
0.71663849,0.77842288,-0.52171728,0.76329088,0.17780393,-0.48366143,0.66090389,0.65915329,0.64562445,-0.37440912,-0.26288256,-0.99766756,-0.47602193,0.54358911,-0.49236157,-0.99704769,0.55666907,-0.42429594,-0.61202914,-0.15531702,-0.038100763,-0.99624554,0.19766562,-0.032363785,-0.99646274,-0.034026545,-0.99646274,-0.99995769,0.040879909,-0.9983337,29,"laying"
0.71607152,0.77842288,-0.52163443,0.76326312,0.17771991,-0.48373048,0.66079834,0.65926905,0.64562445,-0.37403594,-0.32888265,-0.9976236,-0.50659773,0.52666794,-0.49062605,-0.99672618,0.55633823,-0.42382729,-0.54677931,-0.15501789,0.1709504,-0.99577174,0.19880073,-0.20752871,-0.99693113,-0.14460242,-0.99693113,-0.99996405,0.16533759,-0.99833591,29,"laying"
0.71654265,0.77886184,-0.52225118,0.76378764,0.17930144,-0.48305512,0.66020199,0.65849723,0.64515388,-0.37403594,-0.28101833,-0.99753792,-0.48819364,0.50493817,-0.49051932,-0.99710319,0.55569176,-0.4229204,-0.52170258,-0.15701214,0.038556101,-0.99548334,0.19990664,-0.077459809,-0.99672867,0.06993852,-0.99672867,-0.9999613,0.046772517,-0.99925446,29,"laying"
0.71688816,0.77942493,-0.52273376,0.76426494,0.18074187,-0.48254721,0.66012732,0.65797155,0.64421661,-0.37296273,-0.21265123,-0.99752291,-0.40442765,0.43175794,-0.49051932,-0.99752042,0.55557846,-0.42275869,-0.45923997,-0.15836948,0.1707223,-0.99682847,0.20010912,-0.23244322,-0.99719471,-0.080081921,-0.99719471,-0.99996749,0.21721764,-0.99929309,29,"laying"
0.71702705,0.7800186,-0.52258137,0.7646145,0.18179701,-0.48269407,0.66012732,0.65854012,0.6458863,-0.37296273,-0.049007881,-0.99748998,-0.32306237,0.35264881,-0.48957582,-0.99735114,0.55536004,-0.42241869,-0.3826009,-0.15690048,0.40478878,-0.99643528,0.20323147,-0.47400878,-0.99716444,-0.064234616,-0.99716444,-0.99996711,0.45126565,-0.9992232,29,"laying"
0.78963592,0.80541437,-0.56624264,0.80192585,0.29756455,-0.43194027,0.59199999,0.60066187,0.62636427,-0.46976721,-0.93921626,-0.9789701,-0.97881507,0.98188235,-0.34675202,-0.78273386,0.50002793,-0.34482362,-0.98461171,-0.29938407,-0.92925234,-0.81273688,0.31008187,0.92351201,-0.77734,-0.8729739,-0.77734,-0.97319063,-0.92233334,-0.9661327,29,"laying"
0.75088008,0.80541437,-0.5617669,0.7951671,0.27588471,-0.43012743,0.59199999,0.59642476,0.58697388,-0.25609673,-0.54400238,-0.96887049,-0.95334352,0.95971233,-0.34675202,-0.97259087,0.46092541,-0.29082109,-0.96580387,-0.30965282,-0.8469746,-0.97703327,0.37327819,0.84296241,-0.97502331,-0.65602676,-0.97502331,-0.99943635,-0.84926312,-0.98188404,29,"laying"
0.75090793,0.81102834,-0.56277024,0.79882677,0.28737182,-0.43037817,0.59800479,0.59875149,0.58697388,-0.25547763,-0.34245743,-0.97188172,-0.69062747,0.68858906,-0.35613929,-0.99530705,0.46779411,-0.29977109,-0.68628079,-0.3042339,-0.35367078,-0.99314455,0.37222332,0.29815507,-0.99412634,-0.328065,-0.99412634,-0.99992275,-0.28401314,-0.99329911,29,"laying"
0.75090793,0.81400809,-0.56391396,0.79911153,0.28826792,-0.42915082,0.59798128,0.59683925,0.58588855,-0.25547668,-0.12376037,-0.97187812,-0.52688556,0.53306595,-0.36605259,-0.99701229,0.46765576,-0.29972514,-0.53913358,-0.30871606,-0.1145687,-0.99619457,0.36797536,0.086439581,-0.99618398,-0.10468007,-0.99618398,-0.99995384,-0.1174141,-0.99720635,29,"laying"
0.75126576,0.81400809,-0.56399563,0.7991334,0.28833695,-0.42894284,0.59798128,0.59656522,0.58337977,-0.25344236,-0.37945591,-0.97158869,-0.44322806,0.44667456,-0.36605259,-0.99628746,0.46699891,-0.29881925,-0.44994204,-0.30935878,-0.026439323,-0.99508144,0.36904448,-0.034237658,-0.99655622,-0.38913735,-0.99655622,-0.999959,0.031880599,-0.99857624,29,"laying"
0.75126682,0.81379103,-0.56384361,0.79934284,0.28899753,-0.42920853,0.59876308,0.59711632,0.58418521,-0.25344236,-0.46009949,-0.97182162,-0.52201917,0.53098396,-0.36591288,-0.99536029,0.46756842,-0.29954096,-0.5399556,-0.30807005,-0.035646663,-0.99331545,0.36969801,-0.031849559,-0.99536812,-0.3424375,-0.99536812,-0.99994212,0.037183878,-0.99615875,29,"laying"
0.75126682,0.81378385,-0.56360098,0.79912201,0.28830118,-0.42928172,0.59870948,0.59718994,0.58418521,-0.25340457,-0.31100495,-0.97138241,-0.46221208,0.47106758,-0.36547581,-0.99450384,0.46659256,-0.29818271,-0.4799308,-0.30789775,-0.036560657,-0.99463827,0.37190687,-0.022680266,-0.99521208,-0.17368087,-0.99521208,-0.99993982,0.018928717,-0.99861892,29,"laying"
0.75181095,0.81378385,-0.5642645,0.79952177,0.28956237,-0.42867165,0.59749533,0.59636848,0.58398836,-0.25376542,0.026929481,-0.97160346,-0.34100147,0.34763325,-0.36547581,-0.99637458,0.46705993,-0.29886984,-0.35422261,-0.30981801,-0.051621144,-0.99556266,0.36947617,0.022418453,-0.99656984,-0.019338917,-0.99656984,-0.99995918,-0.057442216,-0.99838544,29,"laying"
0.75272577,0.81478239,-0.5655723,0.80066972,0.29318603,-0.4275854,0.5964651,0.5951443,0.58259302,-0.25387663,0.047334317,-0.97229929,-0.30056112,0.31903361,-0.36760081,-0.99493008,0.46861382,-0.30102886,-0.33778459,-0.31267567,0.033829989,-0.99416854,0.3651708,-0.04966646,-0.99466707,-0.24973025,-0.99466707,-0.99993136,-0.0053469707,-0.99724472,29,"laying"
0.75272577,0.81572927,-0.56622087,0.80114676,0.29469278,-0.42697528,0.59622351,0.59438859,0.58162624,-0.25415371,0.071049144,-0.9724769,-0.33764365,0.36932119,-0.36988597,-0.99505054,0.46900158,-0.3015849,-0.40126785,-0.31443733,0.091776573,-0.99408016,0.36337771,-0.13420348,-0.99356104,-0.22672612,-0.99356104,-0.99991375,0.10380613,-0.99782503,29,"laying"
0.75293243,0.81602643,-0.56565411,0.80115224,0.2947101,-0.42748622,0.59622351,0.59532732,0.58311532,-0.25415371,0.037296835,-0.97223916,-0.27827867,0.29274818,-0.36857416,-0.99562707,0.46854221,-0.30084124,-0.30732795,-0.31224705,0.072527795,-0.99416517,0.36733097,-0.12942591,-0.99520887,-0.23082247,-0.99520887,-0.99993978,0.1158091,-0.99913801,29,"laying"
0.75299231,0.81602643,-0.56551797,0.80141405,0.29553783,-0.42750161,0.59582531,0.59561652,0.58311532,-0.2530864,-0.052620823,-0.97190553,-0.31893736,0.38852796,-0.36854226,-0.99630872,0.46785201,-0.29979739,-0.4593256,-0.31157282,0.13752141,-0.99486827,0.37082194,-0.20646857,-0.99509328,-0.39400482,-0.99509328,-0.99993784,0.20105876,-0.9989029,29,"laying"
0.75299231,0.81523918,-0.56607644,0.80102535,0.29430969,-0.42690351,0.59561019,0.5943061,0.58270577,-0.25250575,-0.14786306,-0.97193762,-0.28845698,0.43202756,-0.36854226,-0.99619655,0.46779189,-0.29989724,-0.57783765,-0.3146281,-0.031738931,-0.99542044,0.36607284,-0.011943938,-0.99499732,-0.34460783,-0.99499732,-0.99993659,-0.0089849059,-0.99871201,29,"laying"
0.7522652,0.81522459,-0.56532456,0.80041033,0.29236615,-0.42780318,0.59561019,0.5953598,0.58404755,-0.25423511,-0.3335644,-0.97220008,-0.42191749,0.46819417,-0.36878751,-0.99715832,0.46838326,-0.3007178,-0.5150679,-0.31216822,-0.18143666,-0.99561314,0.36564036,0.15436828,-0.9959558,-0.20396437,-0.9959558,-0.99995067,-0.18264937,-0.99800287,29,"laying"
0.75240545,0.81522459,-0.56448873,0.80068734,0.29324123,-0.42876355,0.59761406,0.59717924,0.58408218,-0.25423511,-0.43693816,-0.972332,-0.45854541,0.47879931,-0.36892691,-0.9965123,0.46882903,-0.30113092,-0.49917308,-0.30792241,-0.12894165,-0.99455261,0.37045986,0.093784016,-0.99613178,-0.33651415,-0.99613178,-0.9999529,-0.11670415,-0.99793841,29,"laying"
0.75240545,0.81575309,-0.56493821,0.80086807,0.29381202,-0.42823966,0.59686788,0.59642962,0.58408218,-0.25422155,-0.35655287,-0.97222058,-0.44190043,0.47078479,-0.36889944,-0.9969456,0.4685486,-0.30078179,-0.4999873,-0.30967365,0.040573906,-0.99615373,0.36961901,-0.076574266,-0.99671443,-0.28959568,-0.99671443,-0.99996115,0.043646398,-0.99846744,29,"laying"
0.75212043,0.81531115,-0.56544899,0.80067405,0.29319905,-0.42765925,0.59677971,0.59530779,0.58290835,-0.25379684,-0.35562159,-0.97215743,-0.46372081,0.47731741,-0.36772387,-0.9969787,0.46831193,-0.30058458,-0.49099353,-0.31229439,0.20596538,-0.9949865,0.36647373,-0.25547406,-0.99695049,-0.15471143,-0.99695049,-0.99996417,0.22463271,-0.99661733,29,"laying"
0.75212043,0.81517577,-0.56463183,0.80037489,0.29225427,-0.42830511,0.59677971,0.59633672,0.58402749,-0.25379684,-0.33918597,-0.97161322,-0.40368832,0.41218276,-0.36555892,-0.9975395,0.46716465,-0.29889955,-0.42075426,-0.30989011,0.31299446,-0.99592756,0.3716509,-0.37193334,-0.99672211,-0.12921546,-0.99672211,-0.99996112,0.34358596,-0.99693414,29,"laying"
0.75170267,0.81505818,-0.56415146,0.80021717,0.29175615,-0.42859628,0.59792121,0.59685324,0.58402749,-0.25093724,-0.20477075,-0.97108139,-0.35783647,0.37610107,-0.36555892,-0.99803883,0.46602258,-0.29725143,-0.39467149,-0.30868485,0.23252187,-0.99727067,0.37577201,-0.28815394,-0.99694025,-0.11181847,-0.99694025,-0.99996394,0.26234481,-0.9991673,29,"laying"
0.75170267,0.81370203,-0.5644864,0.79972698,0.29020979,-0.42832511,0.59783958,0.5959811,0.58343703,-0.25118281,-0.16945306,-0.97133123,-0.28932018,0.32513354,-0.36556435,-0.99737504,0.46645365,-0.29802051,-0.36155076,-0.31072354,0.066584831,-0.99664387,0.37063154,-0.1376726,-0.99732093,-0.15838104,-0.99732093,-0.99996904,0.13920927,-0.99890712,29,"laying"
0.75114581,0.81370124,-0.56408094,0.7990332,0.28802105,-0.42879507,0.59783958,0.59627015,0.58355734,-0.25118281,-0.35531108,-0.97146205,-0.31099571,0.37988194,-0.366881,-0.99672782,0.46668772,-0.29842251,-0.4497676,-0.3100481,-0.034847731,-0.99548839,0.36874683,-0.028101734,-0.99661321,-0.28352935,-0.99661321,-0.99995979,0.027997189,-0.99890791,29,"laying"
0.75192608,0.81370124,-0.56397311,0.79941597,0.28922852,-0.42886777,0.59795359,0.59669682,0.58355734,-0.2509412,-0.28375458,-0.97133073,-0.3676097,0.41982436,-0.3665995,-0.99626272,0.46647053,-0.29801721,-0.47276147,-0.30905129,-0.020876888,-0.99533713,0.37170576,-0.0055114419,-0.99544672,-0.15939514,-0.99544672,-0.99994324,-0.034829733,-0.99866214,29,"laying"
-0.12833605,-0.13258177,0.16646147,-0.12125483,-0.97907331,-0.041722725,0.05805019,0.091272481,0.1285153,0.96191439,-0.28627005,0.92078391,-0.65888241,0.70902648,0.91540804,-0.31235202,-0.87153932,0.97137336,-0.75919611,-0.9838278,-0.36049556,-0.19711419,-0.47767464,0.3468335,-0.16841574,-0.61747258,-0.16841574,-0.64931111,-0.37661028,-0.68605236,29,"walking"
-0.1325196,-0.12053069,0.17462271,-0.13245591,-0.97447537,-0.065511264,0.095320789,0.12457856,0.1285153,0.96191439,-0.2542595,0.87874706,-0.67157795,0.73794236,0.90303057,-0.34997364,-0.84021938,0.95549329,-0.80466655,-0.97167972,-0.17163842,-0.24308821,-0.38879703,0.18733878,-0.20787227,-0.51237094,-0.20787227,-0.68138715,-0.26082899,-0.61067751,29,"walking"
-0.14589642,-0.12053069,0.17971186,-0.1401636,-0.97112858,-0.065818179,0.11271823,0.12531962,0.12845537,0.96234976,-0.14461496,0.88492122,-0.6163942,0.67686033,0.89884685,-0.38029793,-0.83465061,0.95785353,-0.73640628,-0.97153205,-0.257699,-0.25569365,-0.36134718,0.28270665,-0.23489521,-0.42902571,-0.23489521,-0.70250846,-0.36044573,-0.53222558,29,"walking"
-0.14094582,-0.1203918,0.17132048,-0.12838452,-0.97625463,-0.063816663,0.11271823,0.12294791,0.12234567,0.97858999,0.015111346,0.90683839,-0.6352441,0.70016647,0.89895615,-0.37928054,-0.84527384,0.96617996,-0.76426043,-0.97269317,-0.14494381,-0.27479337,-0.38366077,0.16948816,-0.22897426,-0.42096256,-0.22897426,-0.69794833,-0.25431417,-0.57941226,29,"walking"
-0.14094582,-0.10328688,0.16775423,-0.12272392,-0.97882857,-0.062540547,0.10961131,0.12064186,0.12234567,0.97198799,-0.04141106,0.89384545,-0.60672035,0.67228178,0.89895615,-0.41696593,-0.85013748,0.96125449,-0.7368331,-0.97371939,0.11246986,-0.31698821,-0.41466608,-0.074332438,-0.26927917,-0.3803276,-0.26927917,-0.72830812,-0.039498278,-0.67988875,29,"walking"
-0.14524089,-0.10832283,0.17308122,-0.13009913,-0.97575911,-0.05964227,0.10961131,0.11612041,0.11616225,0.97067205,-0.14560071,0.87910856,-0.49937277,0.56867621,0.88534781,-0.45435586,-0.84762112,0.95566962,-0.63538714,-0.97581889,-0.0053764589,-0.40890243,-0.41745885,0.027855788,-0.31400035,-0.48009554,-0.31400035,-0.76011726,-0.11748298,-0.72576255,29,"walking"
-0.1511737,-0.10832283,0.17350964,-0.1306629,-0.97552991,-0.066289626,0.11241118,0.12549896,0.12753458,0.968594,-0.10616403,0.87304297,-0.45024612,0.51822497,0.88312382,-0.38977076,-0.84056189,0.95335873,-0.58277332,-0.97145255,-0.057920912,-0.31558948,-0.39531142,0.070281534,-0.28936684,-0.48455283,-0.28936684,-0.74280787,-0.14411952,-0.68570313,29,"walking"
-0.15047087,-0.10357482,0.1717426,-0.12839547,-0.97652011,-0.070936812,0.12958908,0.13243329,0.12753458,0.968594,-0.1591228,0.88142066,-0.57240003,0.63601691,0.89352952,-0.41361158,-0.83750741,0.9565356,-0.69838083,-0.96817946,0.12793524,-0.34102448,-0.37683095,-0.12086908,-0.29488347,-0.44812216,-0.29488347,-0.74676219,0.043237207,-0.80771365,29,"walking"
-0.15047087,-0.11245636,0.17338895,-0.13107342,-0.97534021,-0.067964099,0.12275548,0.12851143,0.12601776,0.97197266,-0.17986031,0.89167276,-0.57563548,0.63789699,0.89352952,-0.4212353,-0.83897573,0.96043704,-0.69911648,-0.9700843,-0.038082174,-0.3738868,-0.37253593,0.041532404,-0.31155396,-0.40812962,-0.31155396,-0.75841134,-0.10738746,-0.69973028,29,"walking"
-0.15358222,-0.11245636,0.17681007,-0.13588294,-0.97319494,-0.063823462,0.1156324,0.12242458,0.12258346,0.97225038,-0.18642664,0.8862022,-0.45120326,0.52241064,0.88882841,-0.43674128,-0.83963661,0.95836616,-0.59006399,-0.97296901,-0.13426241,-0.3570284,-0.37972179,0.15469772,-0.32358215,-0.47187352,-0.32358215,-0.76667944,-0.2341684,-0.66895274,29,"walking"
-0.14850778,-0.1121944,0.17460204,-0.13258686,-0.97463488,-0.062825479,0.1156324,0.12092294,0.116538,0.97225038,-0.1247255,0.88554275,-0.50965804,0.57467184,0.88741788,-0.46332947,-0.84291334,0.95811597,-0.63693683,-0.97368406,-0.097159934,-0.36863775,-0.39316626,0.12488636,-0.35089126,-0.46482706,-0.35089126,-0.78487207,-0.21423992,-0.61749415,29,"walking"
-0.14506117,-0.10134105,0.16986163,-0.1253605,-0.97778883,-0.063639571,0.11717189,0.12173414,0.11687736,0.96370443,-0.09862613,0.87664025,-0.57435673,0.6336291,0.88741788,-0.46836789,-0.84691661,0.95472046,-0.69125431,-0.97331524,-0.038281204,-0.39802931,-0.41715205,0.06905586,-0.38135323,-0.52688589,-0.38135323,-0.80429662,-0.16254542,-0.60467446,29,"walking"
-0.14447942,-0.097331791,0.16814838,-0.12273057,-0.97886765,-0.065870691,0.11717189,0.12474027,0.12313531,0.96370443,-0.076283875,0.87124813,-0.59276888,0.65869524,0.88841932,-0.45396131,-0.84629787,0.95266785,-0.72344981,-0.97188281,0.17248653,-0.35922866,-0.4202084,-0.17223282,-0.35232722,-0.44866478,-0.35232722,-0.78580171,0.099671507,-0.61463135,29,"walking"
-0.14696694,-0.11036166,0.17343068,-0.13113486,-0.97529524,-0.088316182,0.12831506,0.15747858,0.17479963,0.95869346,-0.084904288,0.87762258,-0.63564164,0.69571048,0.89412879,-0.39196004,-0.81707248,0.95507043,-0.75561074,-0.95361153,-0.33814415,-0.34401047,-0.30528649,0.37234029,-0.3007417,-0.6749259,-0.3007417,-0.75090246,-0.45257902,-0.69026455,29,"walking"
-0.157681,-0.1106065,0.17723966,-0.1369834,-0.97271846,-0.06790372,0.10851095,0.1287267,0.15836558,0.97579658,-0.13988984,0.8986024,-0.58100172,0.65006912,0.89412879,-0.39094547,-0.83515096,0.96306638,-0.71809122,-0.96934188,-0.083952799,-0.28848779,-0.35085542,0.10099365,-0.26923614,-0.64350428,-0.26923614,-0.72821931,-0.17681347,-0.64226991,29,"walking"
-0.14947809,-0.1106065,0.17507845,-0.13339598,-0.97429036,-0.059801285,0.10851095,0.11672745,0.11545005,0.97213267,-0.16449275,0.89076788,-0.49326392,0.56581925,0.89001091,-0.41832181,-0.84536675,0.96009802,-0.63537801,-0.97552625,-0.23382514,-0.30071701,-0.39836828,0.26694212,-0.25621812,-0.59571576,-0.25621812,-0.71856383,-0.3530826,-0.7202251,29,"walking"
-0.14947809,-0.11525615,0.17521567,-0.1335118,-0.97421604,-0.060148032,0.10885521,0.11714054,0.11418515,0.97213267,-0.17725943,0.88773293,-0.5252297,0.59441347,0.89418975,-0.41062521,-0.84488692,0.95894668,-0.6612813,-0.97537545,-0.20880234,-0.25481183,-0.39916389,0.23180392,-0.26242143,-0.42676589,-0.26242143,-0.72325986,-0.30966759,-0.78460881,29,"walking"
-0.14710081,-0.11525615,0.17681309,-0.13612276,-0.97303962,-0.057861224,0.10605022,0.11414382,0.111465,0.97545061,-0.089157216,0.8971594,-0.56325246,0.63347838,0.89441696,-0.39884633,-0.84536179,0.96252004,-0.70207204,-0.97666155,-0.094433944,-0.3003137,-0.39320963,0.12049485,-0.24608422,-0.37299323,-0.24608422,-0.71100669,-0.21000894,-0.71949024,29,"walking"
-0.14636682,-0.11333062,0.17218096,-0.12927355,-0.97606856,-0.058971842,0.10605022,0.11564511,0.11107359,0.97573058,-0.048292089,0.89644386,-0.5073678,0.58366047,0.89441696,-0.39508315,-0.84921673,0.96224934,-0.65759455,-0.97600896,-0.063195329,-0.32311916,-0.40831844,0.087786559,-0.23685985,-0.36320013,-0.23685985,-0.7039677,-0.17695253,-0.62561387,29,"walking"
-0.14636682,-0.10889018,0.17128309,-0.12780369,-0.97675108,-0.061238183,0.11670808,0.11871507,0.11422262,0.97533745,-0.13607299,0.89019019,-0.49095532,0.56221474,0.88898684,-0.4162286,-0.84790535,0.95988135,-0.63073232,-0.97468725,-0.18109788,-0.31464195,-0.40866036,0.20742112,-0.2926108,-0.40522575,-0.2926108,-0.74515617,-0.28918507,-0.70580918,29,"walking"
-0.15103174,-0.11311352,0.17575544,-0.13430432,-0.97389985,-0.061811086,0.11670808,0.11951597,0.11802651,0.97244632,-0.14618705,0.88665988,-0.53361592,0.59699591,0.88898684,-0.44669884,-0.84270558,0.95853994,-0.65816303,-0.97432484,-0.26997721,-0.35773792,-0.39144654,0.29348757,-0.35512123,-0.41987002,-0.35512123,-0.78759355,-0.36719601,-0.7931623,29,"walking"
-0.15564831,-0.11311352,0.17717519,-0.13638294,-0.97298639,-0.065363953,0.1185677,0.12458682,0.12416169,0.97244632,-0.065879617,0.88403996,-0.53879647,0.60287387,0.88657243,-0.42993622,-0.83774212,0.9575452,-0.66498257,-0.97194276,-0.059571432,-0.33314616,-0.37416498,0.064041178,-0.32481644,-0.38160401,-0.32481644,-0.76751421,-0.12892649,-0.83098641,29,"walking"
-0.14759322,-0.1087511,0.17489823,-0.13284401,-0.97457367,-0.069622083,0.12780563,0.13040522,0.12594257,0.96184763,-0.12243005,0.87556611,-0.5641855,0.62987715,0.88657243,-0.4563156,-0.83577342,0.95431232,-0.69397945,-0.96918621,-0.08386405,-0.39193562,-0.37444481,0.097377178,-0.34242978,-0.42127067,-0.34242978,-0.77929395,-0.17232762,-0.79447471,29,"walking"
-0.14465324,-0.10753794,0.17056669,-0.12612113,-0.97742552,-0.071180917,0.12780563,0.13212275,0.12797764,0.96184763,-0.16467057,0.86251118,-0.56431806,0.62939225,0.88270839,-0.44986747,-0.83838102,0.94933528,-0.69273805,-0.96832486,-0.13642669,-0.40148959,-0.39768276,0.16685243,-0.35373745,-0.45138771,-0.35373745,-0.7867292,-0.25629223,-0.73904416,29,"walking"
-0.14465324,-0.10081073,0.16883899,-0.12366398,-0.97847692,-0.072327295,0.12992604,0.13380058,0.1282977,0.96249033,-0.16118845,0.86440395,-0.50566311,0.56952155,0.87952352,-0.46221162,-0.83879458,0.95006166,-0.63069736,-0.96748653,-0.12011569,-0.38384726,-0.39847535,0.1552481,-0.36645219,-0.44050888,-0.36645219,-0.79489562,-0.24936751,-0.76471534,29,"walking"
-0.14553611,-0.10081073,0.16978287,-0.1251512,-0.97787555,-0.070982306,0.12374397,0.13203784,0.1282977,0.9678597,-0.14597255,0.86886534,-0.48280381,0.5559982,0.8825914,-0.47252922,-0.83933976,0.95176564,-0.62646866,-0.96836494,-0.076926614,-0.38789917,-0.39587015,0.084900823,-0.35745022,-0.37140009,-0.35745022,-0.78912842,-0.15310336,-0.77346539,29,"walking"
-0.085706425,-0.090571614,0.13530682,-0.073647913,-0.99362607,-0.073585387,0.11189927,0.13263665,0.13546927,0.92423099,-0.43173816,0.79422426,-0.64222457,0.70512636,0.88511759,-0.074718648,-0.86345395,0.92289448,-0.76790598,-0.9678032,-0.15996713,0.12174441,-0.5896507,0.12368342,0.091285153,-0.51501385,0.091285153,-0.3994087,-0.14311551,-0.78101929,29,"walking_downstairs"
-0.0844984,-0.044480527,0.13054088,-0.066900048,-0.99536823,-0.078680307,0.13335968,0.13976874,0.13815105,0.92423099,-0.32569098,0.79471541,-0.6645701,0.72730059,0.87417167,-0.037320045,-0.85948896,0.92310069,-0.78977099,-0.96436695,-0.093350221,-0.01411291,-0.58852132,0.062818183,0.082205157,-0.36266339,0.082205157,-0.40937053,-0.091385641,-0.25719317,29,"walking_downstairs"
-0.079001233,-0.056089154,0.12929007,-0.065836874,-0.99549656,-0.064300717,0.071144013,0.12161762,0.13815105,0.93840981,-0.24855499,0.85924153,-0.64251276,0.70152275,0.89603747,-0.049566059,-0.87882894,0.94802981,-0.76008336,-0.97219529,-0.21981426,0.12855231,-0.59197235,0.19081954,0.090577576,-0.47517114,0.090577576,-0.40030046,-0.21325292,0.21007914,29,"walking_downstairs"
-0.079001233,-0.087540023,0.14267843,-0.085452717,-0.99014994,-0.049743127,0.071134354,0.10149942,0.12509038,0.9558021,-0.38625926,0.87755598,-0.65325618,0.71449832,0.89712525,-0.094204754,-0.88714522,0.95503985,-0.77545301,-0.980949,0.0062517061,0.14184346,-0.57898064,-0.06883512,0.088436771,-0.61941277,0.088436771,-0.40257848,0.066025826,-0.31189916,29,"walking_downstairs"
-0.080342886,-0.087540023,0.15059811,-0.096392689,-0.98746028,-0.067109169,0.071134354,0.12521473,0.15257255,0.94024033,-0.22249339,0.83968691,-0.66167044,0.71282018,0.89712525,-0.053876757,-0.86061679,0.94050499,-0.76388325,-0.96996069,-0.26561955,0.12250898,-0.51385256,0.22959031,0.12518887,-0.61443981,0.12518887,-0.36201499,-0.24172884,0.091449482,29,"walking_downstairs"
-0.080342886,-0.080579791,0.14038313,-0.081797198,-0.99160202,-0.067262652,0.089511611,0.12564216,0.15257255,0.94024033,-0.22007992,0.84997961,-0.65485425,0.70450415,0.89096583,-0.096707717,-0.86811413,0.94445018,-0.75369099,-0.97005353,-0.28459961,0.079826115,-0.54475983,0.24853084,0.087787928,-0.53260346,0.087787928,-0.4033517,-0.25912715,0.14550413,29,"walking_downstairs"
-0.080847988,-0.068972691,0.14214915,-0.084809175,-0.99115787,-0.058754896,0.089511611,0.11444451,0.13518289,0.96889401,-0.44100384,0.88002042,-0.52083807,0.58314142,0.89096583,-0.2130133,-0.87710081,0.95601056,-0.64299141,-0.97593785,-0.15357545,-0.030861047,-0.54427146,0.11098739,-0.043082359,-0.6365,-0.043082359,-0.53705129,-0.12392658,-0.76572621,29,"walking_downstairs"
-0.085421143,-0.068972691,0.13927616,-0.080743978,-0.99212391,-0.07996515,0.10206473,0.14466644,0.16142948,0.96746704,-0.35995577,0.87441013,-0.56592978,0.61503052,0.89329921,-0.10901659,-0.85295042,0.9538724,-0.66256426,-0.9610231,-0.21672433,-0.089851485,-0.47866739,0.18909085,-0.017115572,-0.54633489,-0.017115572,-0.51191656,-0.21309257,-0.68984475,29,"walking_downstairs"
-0.080720882,-0.12355751,0.14179963,-0.083198719,-0.99002768,-0.084770445,0.10606683,0.14877535,0.15989331,0.92973766,-0.29065011,0.80216343,-0.68158549,0.73498422,0.88491564,-0.16967938,-0.84531184,0.92601746,-0.78822182,-0.95838812,0.11944992,-0.067444281,-0.51458534,-0.16959524,0.036035719,-0.54433354,0.036035719,-0.45817949,0.14507098,-0.73991742,29,"walking_downstairs"
-0.080720882,-0.041817964,0.12563462,-0.060247537,-0.99654523,-0.092522713,0.149868,0.16010332,0.15989331,0.92973766,-0.1906128,0.81490522,-0.62299821,0.68393717,0.87440303,-0.043102102,-0.84330545,0.93096075,-0.74384655,-0.95270179,0.16215726,0.0032636898,-0.53713712,-0.20252328,0.077986719,-0.40407044,0.077986719,-0.41394281,0.16655411,-0.69500693,29,"walking_downstairs"
-0.072991328,-0.03847265,0.12282421,-0.056692199,-0.9970496,-0.086211036,0.12581184,0.15316747,0.15279884,0.95336678,-0.36931919,0.8662948,-0.57666543,0.63353734,0.89355162,-0.065501285,-0.85287979,0.95075611,-0.68856181,-0.95679264,-0.093912111,0.025337763,-0.52725985,0.084748803,0.061899976,-0.37839753,0.061899976,-0.43114483,-0.13626554,0.098526316,29,"walking_downstairs"
-0.072991328,-0.072999685,0.13206974,-0.070271617,-0.99387787,-0.072416187,0.11420863,0.13404618,0.15279884,0.96197817,-0.29685198,0.88336187,-0.61833239,0.67659133,0.89867175,-0.093944811,-0.8668163,0.95726384,-0.73395264,-0.96658473,-0.19096548,0.053541301,-0.52896283,0.15595567,0.076654091,-0.48063511,0.076654091,-0.41538202,-0.17460405,0.4733459,29,"walking_downstairs"
-0.065150736,-0.072999685,0.13880635,-0.079671418,-0.99201891,-0.062954007,0.08954463,0.1198683,0.12923112,0.94985999,-0.20691711,0.86198656,-0.69126777,0.73975069,0.89867175,0.011167193,-0.87449777,0.94907747,-0.7878351,-0.973949,-0.3619973,0.046110128,-0.55706278,0.34471142,0.13911879,-0.5987928,0.13911879,-0.3462648,-0.37063916,0.051270879,29,"walking_downstairs"
-0.062319126,-0.065972276,0.12188427,-0.055196121,-0.99657236,-0.041050428,0.040276475,0.089024615,0.12923112,0.94985999,-0.43475823,0.87975012,-0.68523391,0.7383832,0.90021567,0.049609443,-0.91286992,0.95582388,-0.79128709,-0.98344487,-0.41740087,0.14337087,-0.69297181,0.40983135,0.20861539,-0.4612907,0.20861539,-0.26476297,-0.44200394,0.19375497,29,"walking_downstairs"
-0.062319126,-0.034291843,0.11833856,-0.050278764,-0.99778388,-0.041267553,0.040276475,0.089914123,0.15538121,0.97319474,-0.38686071,0.90636322,-0.58420161,0.64750058,0.90021567,-0.0081256641,-0.91458652,0.96599457,-0.70932133,-0.98268034,-0.084155623,0.14471619,-0.68439101,0.084330194,0.15807055,-0.61759053,0.15807055,-0.32452783,-0.14700527,-0.75469252,29,"walking_downstairs"
-0.077310959,-0.042417041,0.12558773,-0.061022737,-0.9964259,-0.079225672,0.07986305,0.14432756,0.16162709,0.96821926,-0.23445993,0.89806042,-0.62391182,0.6790488,0.89736049,-0.16163096,-0.86111234,0.96285399,-0.73290481,-0.96068993,0.011709258,-0.04088068,-0.51585714,-0.029068681,-0.024503541,-0.64785135,-0.024503541,-0.51915191,-0.021622503,-0.59195552,29,"walking_downstairs"
-0.099444273,-0.15064065,0.15853291,-0.10603828,-0.98260183,-0.051643801,0.067173885,0.10158338,0.12610631,0.91832374,-0.49902655,0.77259408,-0.69807581,0.76930806,0.87733992,0.011556073,-0.87045543,0.914448,-0.84108482,-0.98051475,-0.23547751,0.10534017,-0.60090953,0.2110938,0.1811683,-0.62328641,0.1811683,-0.29755064,-0.23839561,-0.76786425,29,"walking_downstairs"
-0.093581012,-0.060017795,0.13954295,-0.078882079,-0.99281747,-0.074247414,0.10148386,0.13190761,0.13414077,0.91820184,-0.22884458,0.74652349,-0.59198775,0.65829767,0.83722874,-0.019126183,-0.8599995,0.90427762,-0.72302944,-0.96818205,-0.16507124,0.09663191,-0.61318385,0.146583,0.16093181,-0.58394856,0.16093181,-0.32121425,-0.18409498,-0.40394815,29,"walking_downstairs"
-0.083152763,-0.061297229,0.13516775,-0.073586024,-0.99383683,-0.067824829,0.057560832,0.12496298,0.13556443,0.91820184,-0.19938929,0.8072566,-0.71406642,0.75635817,0.91223256,0.0061052266,-0.87084766,0.9276986,-0.79872008,-0.9703527,0.017321554,0.21735725,-0.60108532,-0.059614251,0.2006039,-0.67773127,0.2006039,-0.27444428,0.034536729,0.19250384,29,"walking_downstairs"
-0.083152763,-0.078127282,0.14192275,-0.083649211,-0.99101586,-0.042073369,0.047614996,0.089734976,0.13556443,0.92457128,-0.20429938,0.84192465,-0.77983306,0.82716438,0.91223256,-0.036007282,-0.89636808,0.94118875,-0.87496561,-0.98348946,0.15716098,0.20518001,-0.64194852,-0.22881699,0.14838817,-0.64938043,0.14838817,-0.33567769,0.22529742,0.047467516,29,"walking_downstairs"
-0.079308369,-0.078127282,0.14211086,-0.083283511,-0.99106234,-0.05588525,0.047614996,0.10807123,0.14955684,0.92457128,-0.3482368,0.79981452,-0.69209682,0.75622908,0.89306431,0.0903959,-0.88051419,0.92504441,-0.82107332,-0.97550016,-0.01074355,0.52863431,-0.62499044,-0.039191489,0.3521176,-0.57739896,0.3521176,-0.0814025,0.024179784,0.16031546,29,"walking_downstairs"
-0.079308369,-0.078471905,0.13967892,-0.080633156,-0.99180045,-0.071538404,0.10784061,0.13134668,0.14955684,0.92669526,-0.3900828,0.83911608,-0.63743186,0.69514915,0.89556368,0.033592067,-0.86329784,0.94019369,-0.75284202,-0.96803474,-0.030932192,0.34410405,-0.54086301,-0.012907598,0.28565263,-0.55475554,0.28565263,-0.16887168,-0.0072617549,0.13758648,29,"walking_downstairs"
-0.088181916,-0.078471905,0.14304796,-0.086036285,-0.99072351,-0.06472501,0.10784061,0.12275719,0.13471577,0.96097523,-0.40884854,0.87201008,-0.62465813,0.69632963,0.89556368,-0.029343099,-0.8692909,0.95294269,-0.7674031,-0.97255949,-0.10499339,0.049748019,-0.52462635,0.083508521,0.1198419,-0.47670532,0.1198419,-0.36800393,-0.12269372,-0.81100735,29,"walking_downstairs"
-0.087034726,-0.068817364,0.13261058,-0.07091062,-0.99447099,-0.075654564,0.11847451,0.13825527,0.14424238,0.96097523,-0.47175644,0.87048761,-0.59631505,0.65858477,0.88903208,-0.0038152697,-0.86233451,0.9523679,-0.71904237,-0.96493678,-0.24426144,0.013879224,-0.52539517,0.23950206,0.13496684,-0.44921967,0.13496684,-0.35096471,-0.2866023,-0.79811025,29,"walking_downstairs"
-0.1593109,-0.17601363,0.19568197,-0.1624668,-0.95866898,-0.094394413,0.073430582,0.16491125,0.2305463,0.93587022,-0.38962259,0.83003102,-0.68036554,0.72287054,0.89189633,-0.27756755,-0.78957944,0.93678378,-0.76499656,-0.94484211,-0.5337899,-0.10184201,-0.2355045,0.52994307,-0.16043952,-0.87705944,-0.16043952,-0.64263276,-0.55824978,-0.58084217,29,"walking_upstairs"
-0.16941245,-0.18307678,0.21959336,-0.19523745,-0.93865882,-0.047884454,0.047064039,0.098278312,0.21020539,0.93587022,-0.31566424,0.80534837,-0.61402795,0.65502883,0.86377034,-0.2791538,-0.80177614,0.9273051,-0.69495408,-0.97756494,-0.48856085,-0.15662851,-0.34278686,0.50500581,-0.16305602,-0.88293173,-0.16305602,-0.64482986,-0.55825485,-0.48300487,29,"walking_upstairs"
-0.22798235,-0.19830412,0.23343764,-0.21531059,-0.92484632,-0.019910835,0.047064039,0.058997142,0.069204965,0.93857492,-0.30023701,0.80985128,-0.55903897,0.60022023,0.86585068,-0.16001291,-0.79724766,0.92905187,-0.64004996,-0.99413846,-0.4498711,-0.18656395,-0.38987905,0.46548003,-0.089173419,-0.78476159,-0.089173419,-0.58017752,-0.51927974,-0.56039027,29,"walking_upstairs"
-0.23334073,-0.20754015,0.24142377,-0.22696318,-0.91570284,-0.024856486,0.04786731,0.066079449,0.080753533,0.93379596,-0.2189346,0.80571245,-0.54553487,0.585179,0.86585068,-0.1758989,-0.78420751,0.92743574,-0.62338477,-0.99233595,-0.52549052,-0.053290416,-0.34241841,0.54831101,-0.077604726,-0.74062741,-0.077604726,-0.56955655,-0.60473971,-0.39947737,29,"walking_upstairs"
-0.24660565,-0.20754015,0.24472761,-0.23136696,-0.91222016,-0.029625994,0.049237468,0.072737626,0.080753533,0.93100258,-0.30165647,0.79582651,-0.58519967,0.62389668,0.86345849,-0.13538944,-0.77767432,0.92359303,-0.66126471,-0.99075343,-0.49609321,-0.091465625,-0.3200576,0.52036029,-0.061147921,-0.79416609,-0.061147921,-0.55422078,-0.57993106,-0.38024008,29,"walking_upstairs"
-0.24660565,-0.2202754,0.24671977,-0.23390663,-0.91004054,-0.01990335,0.037102679,0.058931239,0.075866829,0.93100258,-0.083268248,0.79188274,-0.61177437,0.65348741,0.85730704,-0.12818979,-0.77857713,0.92206683,-0.69416124,-0.99370492,-0.57072637,-0.10048344,-0.35298726,0.563654,-0.044877293,-0.82437471,-0.044877293,-0.53882271,-0.58495658,0.18352008,29,"walking_upstairs"
-0.21716753,-0.2202754,0.23605278,-0.21974423,-0.92075733,-0.016872065,0.037102679,0.054879021,0.084969829,0.9347068,-0.017962088,0.82104464,-0.67475955,0.71330558,0.87745731,-0.27541115,-0.7946307,0.93334781,-0.75136933,-0.99432901,-0.68174907,-0.20053495,-0.38058204,0.68279629,-0.19076287,-0.83700446,-0.19076287,-0.66768417,-0.70568541,0.24886679,29,"walking_upstairs"
-0.21716753,-0.2293774,0.23440928,-0.21789882,-0.92201213,-0.026889957,0.040196925,0.069241698,0.084969829,0.93655009,-0.35876098,0.82895027,-0.72034494,0.75837784,0.87745731,-0.36114912,-0.79313346,0.93641049,-0.79609907,-0.99144975,-0.50776181,-0.26216931,-0.34132605,0.49671091,-0.28911133,-0.82974584,-0.28911133,-0.74265358,-0.51913424,-0.74346588,29,"walking_upstairs"
-0.22379512,-0.23244022,0.25477395,-0.24635147,-0.8988235,-0.019983105,0.039026356,0.059298166,0.073533222,0.93113517,-0.41264609,0.79969269,-0.64240507,0.67955194,0.86806902,-0.19200254,-0.76718211,0.92509265,-0.7158683,-0.99395368,-0.42833899,-0.15635719,-0.31239296,0.43681185,-0.12368388,-0.7906253,-0.12368388,-0.61103591,-0.48574591,-0.69844284,29,"walking_upstairs"
-0.19713055,-0.1969418,0.21510362,-0.19174833,-0.94124662,-0.055368617,-0.0093476265,0.11054886,0.15760648,0.94291555,-0.38283432,0.86781085,-0.62910569,0.68616582,0.89829285,-0.19090316,-0.80236216,0.95126592,-0.74288354,-0.97173087,-0.44242697,-0.088383258,-0.26795662,0.45753299,-0.089281019,-0.88522574,-0.089281019,-0.58025881,-0.5123032,-0.61001492,29,"walking_upstairs"
-0.20262252,-0.20859759,0.23619714,-0.22017979,-0.92051749,-0.044356572,0.018051625,0.093921433,0.15715201,0.93704724,-0.24924358,0.81551188,-0.6296619,0.68384578,0.88318008,-0.22034646,-0.78205664,0.93121406,-0.73751399,-0.97939705,-0.48342224,-0.12586339,-0.27917823,0.51281976,-0.12969117,-0.83333054,-0.12969117,-0.61630264,-0.5801887,-0.48808811,29,"walking_upstairs"
-0.24894765,-0.21911738,0.25136867,-0.24104047,-0.90402412,-0.0022426643,0.015649964,0.034060381,0.073432315,0.93704724,-0.28259669,0.79942599,-0.55610996,0.60971088,0.85627257,-0.12986408,-0.77649795,0.92500894,-0.661665,-0.99767475,-0.45768784,0.10708208,-0.39441368,0.50713349,-0.012385988,-0.82942787,-0.012385988,-0.50722149,-0.59649349,-0.048999748,29,"walking_upstairs"
-0.25969947,-0.22296784,0.25648514,-0.24873632,-0.89734678,-0.0041191899,0.015649964,0.036781598,0.06033573,0.93789046,-0.3299635,0.80041418,-0.59709023,0.65084987,0.85785729,-0.098103132,-0.76880014,0.92539321,-0.70322993,-0.99746459,-0.35826344,0.05366662,-0.36550451,0.39231934,-0.012702619,-0.79334664,-0.012702619,-0.50755941,-0.47094013,0.1522945,29,"walking_upstairs"
-0.25844515,-0.22542351,0.25618091,-0.24890871,-0.89715913,-0.020734995,0.028032876,0.060499107,0.07124236,0.93794117,-0.15080266,0.80663003,-0.60047616,0.65041332,0.86438394,-0.13854885,-0.76495039,0.92780023,-0.69922192,-0.99374293,-0.39055723,-0.016538739,-0.29703295,0.39666854,-0.018750777,-0.79651431,-0.018750777,-0.51352279,-0.44364399,-0.20211385,29,"walking_upstairs"
-0.21722239,-0.22542351,0.24725179,-0.23591278,-0.90791262,-0.032809005,0.056249357,0.077554381,0.097722428,0.93600983,0.0058151987,0.80803784,-0.56201779,0.60296649,0.86438394,-0.19594612,-0.77280779,0.92834368,-0.64259115,-0.98946123,-0.58674623,-0.11091039,-0.28570699,0.59888975,-0.062390412,-0.78436466,-0.062390412,-0.55537971,-0.64039419,0.025543228,29,"walking_upstairs"
-0.20139869,-0.21467781,0.22714916,-0.20676431,-0.93032505,-0.038022718,0.061666341,0.084735209,0.10270434,0.93600983,-0.1240378,0.81768843,-0.63840454,0.67365672,0.87193953,-0.23969169,-0.79766945,0.93207346,-0.70805728,-0.98713563,-0.45823645,-0.11984826,-0.33850319,0.43856563,-0.10759295,-0.80490427,-0.10759295,-0.59678106,-0.4550487,-0.67048871,29,"walking_upstairs"
-0.20139869,-0.21248676,0.22758259,-0.20757238,-0.92986104,-0.019657963,0.021177579,0.058802842,0.10270434,0.94195307,-0.20783264,0.82699843,-0.68416747,0.72241865,0.87193953,-0.16454825,-0.8055391,0.93568189,-0.76012134,-0.99270343,-0.39776581,0.018101052,-0.39866311,0.37664222,-0.038621091,-0.8073087,-0.038621091,-0.53282599,-0.3956593,-0.57693094,29,"walking_upstairs"
-0.12619521,-0.20119004,0.18766958,-0.15197039,-0.96238613,-0.025798698,0.054085038,0.068255887,0.071678052,0.93115527,-0.19572215,0.90490712,-0.66279946,0.70155613,0.92822139,-0.13651457,-0.85712775,0.96521602,-0.74038562,-0.99205847,-0.63195384,0.033522907,-0.46760516,0.60889191,0.035969182,-0.68887281,0.035969182,-0.45829481,-0.60984107,-0.71072705,29,"walking_upstairs"
-0.15092021,-0.20555338,0.22734518,-0.20633169,-0.92936173,-0.020069613,0.04437486,0.059129944,0.071228493,0.92682571,-0.32601058,0.81006659,-0.64089427,0.68787692,0.90411101,-0.032316202,-0.80571457,0.9290038,-0.73476307,-0.99411225,-0.53561591,0.07876948,-0.41399985,0.54592068,0.092909457,-0.69579805,0.092909457,-0.3977586,-0.58942147,-0.68272955,29,"walking_upstairs"
-0.20660713,-0.20047943,0.2245637,-0.20233345,-0.93399659,-0.036533364,0.055732025,0.082319313,0.10781853,0.92309257,-0.18420183,0.80621548,-0.61405244,0.65124583,0.86655617,-0.092255652,-0.80194671,0.92760453,-0.68769175,-0.98751627,-0.63435057,0.048971743,-0.36558462,0.63376478,0.011367703,-0.78456888,0.011367703,-0.48351646,-0.65822177,0.076562237,29,"walking_upstairs"
-0.20660713,-0.20207012,0.22756668,-0.20704642,-0.9303493,-0.040294493,0.046913659,0.087810499,0.10781853,0.93028212,-0.28014695,0.81036528,-0.57802973,0.61787191,0.86655617,-0.14884645,-0.7958616,0.92923376,-0.65651637,-0.98582766,-0.62550539,-0.095695716,-0.33498026,0.63285973,-0.064101041,-0.8334644,-0.064101041,-0.5569964,-0.66652727,-0.40649097,29,"walking_upstairs"
-0.22472595,-0.20207012,0.2392695,-0.22332361,-0.91863472,-0.02671535,0.046913659,0.068530623,0.082442549,0.93028212,-0.19900796,0.79722918,-0.60015695,0.63782501,0.8587277,-0.22609187,-0.78646336,0.92414357,-0.67450136,-0.99170973,-0.59429137,-0.18372786,-0.352083,0.60203509,-0.14709325,-0.82107395,-0.14709325,-0.63131933,-0.63822577,-0.40952778,29,"walking_upstairs"
-0.23510597,-0.1993892,0.23892567,-0.22268763,-0.91918261,-0.025383764,0.047961351,0.066607725,0.076147269,0.93159955,-0.2848193,0.79537706,-0.58796376,0.62748497,0.8587277,-0.19003116,-0.78748193,0.92342652,-0.66572851,-0.9924204,-0.45090623,-0.16061349,-0.36032705,0.46713431,-0.12407701,-0.65091061,-0.12407701,-0.61138081,-0.52152479,-0.43598219,29,"walking_upstairs"
-0.23533099,-0.20745633,0.24381131,-0.23016519,-0.91313885,-0.026192314,0.053152308,0.067915284,0.076147269,0.93159955,-0.33816593,0.79957968,-0.63412326,0.67438843,0.86847403,-0.17484388,-0.78035199,0.92504829,-0.71378673,-0.99210385,-0.38484335,-0.15150016,-0.33340842,0.40403228,-0.097698154,-0.62304139,-0.097698154,-0.58790803,-0.46625993,-0.49358528,29,"walking_upstairs"
-0.22498418,-0.21049416,0.24389917,-0.23076204,-0.91249943,-0.025275538,0.05004435,0.066755238,0.073209645,0.93464076,-0.19025769,0.80778799,-0.57729032,0.61291693,0.86847403,-0.2683091,-0.78058856,0.92823701,-0.64749053,-0.99239995,-0.52985199,-0.072076944,-0.32875561,0.51745173,-0.1020704,-0.78896898,-0.1020704,-0.59183736,-0.53645857,-0.76238462,29,"walking_upstairs"
-0.12331079,-0.081387922,0.15368652,-0.10229063,-0.98629153,0.0090562666,0.0083092219,0.018216596,0.017826888,0.99269285,0.11805002,0.92930883,-0.37451919,0.37986542,0.90118614,-0.96470948,-0.91889755,0.97465142,-0.38505617,-0.99955489,-0.6779989,-0.96792953,-0.71808103,0.65312366,-0.96577521,-0.80889556,-0.96577521,-0.99907119,-0.64885539,-0.93962916,29,"standing"
-0.12331079,-0.078157053,0.15374519,-0.1024239,-0.98625815,0.016010449,0.0081002368,0.0082320115,0.010893951,0.99474565,0.18376599,0.93171939,-0.45536868,0.46418228,0.90118614,-0.98538146,-0.91967149,0.97555709,-0.47284065,-0.99995487,-0.48425813,-0.98647752,-0.74248669,0.43789156,-0.98716934,-0.89905964,-0.98716934,-0.99978765,-0.42426942,-0.99009522,29,"standing"
-0.12722225,-0.078157053,0.15594288,-0.10566907,-0.98519904,0.017360109,0.0081002368,0.0062929883,-0.0015978081,0.99501265,-0.22505975,0.93189326,-0.59052866,0.60704543,0.90140946,-0.99837681,-0.91652407,0.97562234,-0.62346714,-0.99999923,-0.24711068,-0.99728776,-0.7387298,0.18366054,-0.9984314,-0.45359555,-0.9984314,-0.99998278,-0.16844712,-0.99654636,29,"standing"
-0.13024817,-0.078188805,0.15613577,-0.10598397,-0.98509395,0.01694019,0.00888076,0.006896994,-0.0015978081,0.99510025,-0.33654236,0.93322381,-0.40531486,0.4219054,0.90142968,-0.99427721,-0.91623825,0.97612172,-0.43829873,-0.99999759,-0.19106573,-0.99265427,-0.73547081,0.20294175,-0.99342064,-0.42165211,-0.99342064,-0.99991137,-0.27179033,-0.99114868,29,"standing"
-0.12694032,-0.078208374,0.15577506,-0.10545614,-0.98527009,0.016555974,0.009189897,0.0074494308,-0.00045782743,0.99552869,-0.32217212,0.93342168,-0.12934767,0.16156216,0.90143612,-0.99232835,-0.91675134,0.97619599,-0.19385521,-0.99999344,-0.45053822,-0.98993893,-0.73528524,0.42076826,-0.99131116,-0.36929321,-0.99131116,-0.99987373,-0.42737971,-0.98520885,29,"standing"
-0.12476981,-0.078208374,0.15391992,-0.10270332,-0.98617402,0.016367442,0.0094795219,0.0077196574,-0.00045782743,0.99551109,-0.12381497,0.93271733,0.054607578,-0.026059754,0.90143612,-0.99441851,-0.91943214,0.97593168,-0.002590958,-0.9999918,-0.29806307,-0.99345833,-0.74254703,0.23498952,-0.99433498,-0.17149003,-0.99433498,-0.99992621,-0.21660917,-0.98705094,29,"standing"
-0.12476981,-0.073788578,0.15255974,-0.10069864,-0.98683229,0.016651133,0.0094857137,0.0073116898,-0.00084362316,0.99551109,-0.04514599,0.93278036,-0.12751539,0.1551574,0.90156643,-0.99597066,-0.9214109,0.97595533,-0.18280071,-0.99999526,-0.43813432,-0.99519441,-0.74903561,0.40263134,-0.99610639,-0.16185796,-0.99610639,-0.9999528,-0.4036957,-0.99264192,29,"standing"
-0.12508344,-0.075108224,0.15280903,-0.10108416,-0.98670857,0.01718829,0.0076676771,0.0065400071,-0.0014986837,0.99571628,-0.076028246,0.9336181,-0.28972802,0.31030943,0.90157564,-0.9934413,-0.92106145,0.97626969,-0.33043464,-0.99999824,-0.459479,-0.99089862,-0.74913661,0.43154026,-0.99292488,-0.35727146,-0.99292488,-0.99990298,-0.43933072,-0.98488958,29,"standing"
-0.12508344,-0.079739524,0.15439802,-0.10342846,-0.98593633,0.018258091,0.0057097998,0.0050021871,-0.0022248818,0.99593367,-0.013049269,0.93362598,-0.21880493,0.25233803,0.90157564,-0.99172977,-0.9187623,0.97627265,-0.28481469,-0.99999805,-0.52456254,-0.99011111,-0.74285779,0.50345836,-0.99127577,-0.35871742,-0.99127577,-0.99987303,-0.51416929,-0.98135553,29,"standing"
-0.12822912,-0.084772733,0.1578559,-0.10852466,-0.98419949,0.01925728,0.0055030578,0.0035650287,-0.004029153,0.99582153,0.043628467,0.93327304,-0.19143881,0.24555339,0.90127688,-0.98943742,-0.91373289,0.97614023,-0.29916663,-0.99999166,-0.60864695,-0.9875995,-0.72644856,0.58346928,-0.98914631,-0.38829247,-0.98914631,-0.99983077,-0.58390396,-0.98650646,29,"standing"
-0.12985573,-0.084772733,0.1590423,-0.11026013,-0.98359695,0.019126505,0.0054885042,0.0037531547,-0.002568304,0.99492215,0.0058194839,0.93257556,-0.30634348,0.35842231,0.90127688,-0.98540529,-0.91201849,0.97587846,-0.41132397,-0.99999147,-0.49013906,-0.98582512,-0.72238662,0.44469896,-0.98519569,-0.41330294,-0.98519569,-0.9997405,-0.43175749,-0.99174333,29,"standing"
-0.12843608,-0.084527307,0.15659414,-0.10660139,-0.98486549,0.017894578,0.0054885042,0.0055248388,-0.0020054201,0.99435523,-0.19864627,0.93064518,-0.31939975,0.33784196,0.90096276,-0.987082,-0.91558305,0.97515376,-0.35641612,-0.99999715,-0.39055731,-0.98913973,-0.73593211,0.33669433,-0.98783079,-0.36714795,-0.98783079,-0.99980258,-0.32175606,-0.99377085,29,"standing"
-0.12843608,-0.078239897,0.1552486,-0.10462223,-0.98555075,0.017944562,0.0066446328,0.0054530331,-0.0020054201,0.99435523,-0.1833935,0.93088661,-0.30890064,0.3279823,0.90133707,-0.99577037,-0.91753213,0.97524436,-0.34728549,-0.99999827,-0.36841196,-0.9951135,-0.74129578,0.31629064,-0.99494744,-0.14739596,-0.99494744,-0.99993513,-0.30442047,-0.99309171,29,"standing"
-0.12751149,-0.078239897,0.15543752,-0.10495742,-0.98543771,0.01824261,0.0066446328,0.0050244049,-0.0025000995,0.99488342,-0.10155216,0.933403,-0.31454218,0.36997027,0.90168641,-0.99655356,-0.91725665,0.97618892,-0.4264783,-0.99999882,-0.4313548,-0.99510321,-0.73896941,0.37820762,-0.99461832,-0.13633754,-0.99461832,-0.99993033,-0.36101064,-0.99565464,29,"standing"
-0.12719353,-0.078232459,0.15461869,-0.10376466,-0.98583381,0.017402263,0.0070699811,0.0062326552,-0.0012420354,0.99599793,-0.043408477,0.93410426,-0.11389876,0.1947412,0.90168641,-0.99750043,-0.9184427,0.97645209,-0.27681314,-0.9999991,-0.4934633,-0.9956715,-0.74186834,0.44996617,-0.99660679,-0.39328706,-0.99660679,-0.9999597,-0.43869318,-0.99655214,29,"standing"
-0.13482507,-0.14933884,0.17305361,-0.13019384,-0.97481591,0.019137028,-0.0067645219,0.0037476036,0.0027961776,0.95364051,0.83775038,0.90557299,-0.80471352,0.8033997,0.90508666,-0.93398585,-0.89172434,0.96562329,-0.80176854,-0.99988761,-0.92069456,-0.93906269,-0.67701639,0.91493359,-0.93241693,-0.87336995,-0.93241693,-0.99704958,-0.91432723,-0.96032096,29,"standing"
-0.13482507,-0.097397967,0.16340879,-0.1167627,-0.98115929,0.019774789,-0.0071399245,0.0028178223,0.0027961776,0.99340091,0.21782085,0.93454863,-0.90770577,0.91260282,0.90508666,-0.97368363,-0.9056731,0.97661695,-0.91718247,-0.9998739,-0.870025,-0.97618449,-0.69050806,0.86045181,-0.97527796,-0.70983663,-0.97527796,-0.99944533,-0.85926133,-0.97910877,29,"standing"
-0.1383465,-0.09756818,0.16745952,-0.12261872,-0.97889696,0.026379026,-0.0079103547,-0.0066802781,-0.0049589916,0.99365236,0.1710615,0.92913658,-0.272077,0.27941283,0.90222026,-0.96231955,-0.89915196,0.97458707,-0.28683738,-0.99966853,-0.7273424,-0.96270195,-0.66378497,0.72888158,-0.9610197,-0.63193497,-0.9610197,-0.99885035,-0.74959482,-0.93932192,29,"standing"
-0.14438189,-0.09756818,0.16736741,-0.12250481,-0.97895624,0.028029988,-0.0079103547,-0.0090580112,-0.016651931,0.99370992,0.08932035,0.92984751,-0.13590609,0.22507536,0.90056417,-0.96225619,-0.89899288,0.97485421,-0.31598877,-0.99957304,-0.67639199,-0.95991269,-0.65722714,0.6850176,-0.96019367,-0.66295265,-0.96019367,-0.99880956,-0.71657335,-0.92725196,29,"standing"
-0.14405686,-0.093226636,0.1662894,-0.12094678,-0.97958669,0.02833077,-0.0077318455,-0.009493744,-0.016651931,0.99478643,-0.020804254,0.93119033,-0.40760983,0.48358708,0.90056891,-0.98501997,-0.90048028,0.97535852,-0.56071188,-0.99954711,-0.50212541,-0.98285947,-0.65932408,0.47408354,-0.98517543,-0.56044776,-0.98517543,-0.99974001,-0.47847084,-0.96125335,29,"standing"
-0.14372542,-0.09337922,0.16606242,-0.12059712,-0.97972452,0.028868554,-0.0081217662,-0.010264931,-0.018805866,0.9943277,0.087212217,0.93062494,-0.33418134,0.41751871,0.90056891,-0.99200315,-0.90069491,0.97514622,-0.50218519,-0.99950184,-0.2721687,-0.9905714,-0.65862121,0.22524386,-0.99157027,-0.33539757,-0.99157027,-0.99987882,-0.22575859,-0.98930536,29,"standing"
-0.14369188,-0.094393058,0.1664073,-0.121057,-0.97954038,0.028632729,-0.0081417111,-0.0099188299,-0.016133558,0.99354069,0.0364771,0.92876175,-0.064533257,0.159532,0.90025617,-0.97073718,-0.90024996,0.9744464,-0.25646662,-0.99952209,-0.64617543,-0.96940967,-0.65964286,0.62869231,-0.97135423,-0.60245873,-0.97135423,-0.99930168,-0.63453867,-0.98307054,29,"standing"
-0.1307547,-0.094393058,0.16355263,-0.11680535,-0.9811274,0.02506702,-0.0081417111,-0.0047832204,-0.0029320687,0.99349104,-0.1077136,0.92771549,-0.11507681,0.12752172,0.90038278,-0.96317273,-0.90497869,0.97405332,-0.14018562,-0.99972115,-0.70220573,-0.97304485,-0.68560355,0.67551501,-0.96573004,-0.6651087,-0.96573004,-0.99906902,-0.66779841,-0.96439118,29,"standing"
-0.13072785,-0.090655667,0.15946726,-0.11083688,-0.98337386,0.020544583,-0.0043984711,0.0017157848,-0.0026621899,0.99349104,0.26662803,0.93043782,-0.14771189,0.14815508,0.90125004,-0.96902029,-0.91134227,0.9750756,-0.14842915,-0.99993977,-0.30244876,-0.96671054,-0.71673434,0.2331181,-0.96770758,-0.71241697,-0.96770758,-0.9991545,-0.20779415,-0.97785145,29,"standing"
-0.13072785,-0.090827296,0.1617847,-0.11430526,-0.98209271,0.022235947,-0.003132301,-0.00072028484,-0.0026621899,0.99463065,-0.045071824,0.93225659,-0.026122606,0.031670856,0.90125004,-0.97885742,-0.90786402,0.97575872,-0.037029188,-0.99987987,-0.36185547,-0.97601906,-0.69955636,0.30116966,-0.97634765,-0.24560132,-0.97634765,-0.99948186,-0.28085541,-0.99091578,29,"standing"
-0.13835715,-0.090827296,0.16353971,-0.11685156,-0.98117292,0.02469104,-0.003132301,-0.0042493948,-0.011043179,0.99436281,-0.096805087,0.93028584,0.072942314,-0.037150113,0.90096532,-0.99336733,-0.90505021,0.97501883,0.0006274896,-0.99980597,-0.48053557,-0.99246821,-0.68511162,0.43641219,-0.99265705,-0.36016487,-0.99265705,-0.99989818,-0.42537781,-0.98685682,29,"standing"
-0.13835715,-0.08917397,0.16245964,-0.11523645,-0.9817888,0.024292862,-0.0025103122,-0.0036735707,-0.011587524,0.99436281,-0.087478278,0.92953998,0.033880083,-0.0010646098,0.90003155,-0.9955553,-0.9066611,0.9747388,-0.031388736,-0.9998291,-0.31081384,-0.99337548,-0.69157475,0.25861697,-0.99532377,-0.40961054,-0.99532377,-0.99994149,-0.25103411,-0.98796909,29,"standing"
-0.13846582,-0.089724105,0.16337012,-0.11658062,-0.98127952,0.024347573,-0.0018419578,-0.003753307,-0.011587524,0.99425359,0.01757678,0.92950565,-0.31672259,0.33049903,0.90003155,-0.99705058,-0.90534071,0.9747259,-0.34388642,-0.9998267,-0.27174275,-0.99630686,-0.68773625,0.23313751,-0.99751226,-0.38895581,-0.99751226,-0.99997149,-0.24288966,-0.99602671,29,"standing"
-0.14118236,-0.090084719,0.16442204,-0.11814046,-0.98068567,0.024535314,-0.0018028535,-0.0040251653,-0.012485131,0.99425359,0.031344959,0.92970983,-0.42993129,0.44195687,0.90015666,-0.99947642,-0.90379887,0.97480257,-0.45371644,-0.99981686,-0.2593359,-0.99977185,-0.68262645,0.22977323,-0.99949156,-0.32096273,-0.99949156,-0.9999947,-0.24985334,-0.99506986,29,"standing"
-0.14249802,-0.09037275,0.16470085,-0.11856417,-0.980522,0.02465129,-0.0018028535,-0.0041934626,-0.012701988,0.99464717,0.30137878,0.93015122,-0.27295669,0.2968362,0.90015666,-0.99545298,-0.90338135,0.97496836,-0.3206798,-0.99981049,-0.012708962,-0.99397604,-0.68070731,-0.03478583,-0.99356987,-0.079057068,-0.99356987,-0.99991339,0.017108066,-0.99334302,29,"standing"
-0.14188228,-0.090417593,0.16451665,-0.11830406,-0.98062231,0.024197489,-0.0017175007,-0.0035416524,-0.011183621,0.99464717,0.2375849,0.93064218,-0.25407853,0.29005556,0.9005449,-0.99304142,-0.90370592,0.9751527,-0.32615187,-0.99983388,-0.15389937,-0.99086405,-0.68280088,0.092757607,-0.99050984,0.067422311,-0.99050984,-0.99985857,-0.086093292,-0.99324385,29,"standing"
-0.14188228,-0.093865405,0.16539907,-0.11960659,-0.98010891,0.025037038,-0.0048763648,-0.0047503272,-0.011183621,0.99421488,0.072060606,0.93052026,-0.19523615,0.23192813,0.9005449,-0.99110595,-0.90232185,0.97510689,-0.2693002,-0.99978028,-0.31423457,-0.98899959,-0.67612215,0.25441622,-0.99114639,-0.35042906,-0.99114639,-0.99987074,-0.23828755,-0.99259822,29,"standing"
-0.14038254,-0.093865405,0.16604429,-0.12052061,-0.97974999,0.025680732,-0.0048763648,-0.0056729148,-0.010944352,0.99408084,0.20342528,0.92897398,-0.15839238,0.19989454,0.90036012,-0.98782629,-0.90129847,0.97452616,-0.24227476,-0.99974325,-0.53412466,-0.98575267,-0.67229148,0.49081839,-0.98907677,-0.43718524,-0.98907677,-0.99982953,-0.47716692,-0.99606734,29,"standing"
-0.13486058,-0.093736162,0.16297919,-0.11599131,-0.98147291,0.023405224,-0.0047019873,-0.0023970375,-0.0081209651,0.99408084,0.10255851,0.92908348,-0.047262581,0.091471922,0.90010147,-0.9913243,-0.90601942,0.9745673,-0.13644694,-0.99985939,-0.45991293,-0.9895126,-0.69326559,0.40888503,-0.99165983,-0.31750332,-0.99165983,-0.99988046,-0.39216457,-0.99670009,29,"standing"
0.1220385,-0.006168776,0.0083458178,0.11055182,-0.96427968,-0.14614344,0.18610124,0.23874205,0.24745179,0.94478903,-0.73057031,0.80987883,-0.91212806,0.91453627,0.87107027,-0.87988947,-0.74024434,0.92906428,-0.91662985,-0.89195422,-0.99381173,-0.86820021,-0.094706566,0.99389781,-0.85732231,-0.98514916,-0.85732231,-0.98846528,-0.99442114,-0.98829917,29,"sitting"
0.12082766,0.11340906,0.010890261,0.10657009,-0.96915322,-0.14217062,0.22831382,0.23267821,0.24341541,0.94481576,-0.56938207,0.80801643,-0.26490003,0.26161265,0.85547895,-0.91780259,-0.74696088,0.92835182,-0.25816287,-0.89790467,-0.96159967,-0.92697692,-0.12424651,0.95898236,-0.917717,-0.78079792,-0.917717,-0.99580935,-0.95887049,-0.995191,29,"sitting"
0.066111865,0.11340906,0.020612756,0.092305481,-0.97647747,-0.1404277,0.22831382,0.22997536,0.22302896,0.95024405,-0.24491057,0.8117084,-0.37420556,0.38505324,0.85547895,-0.98873814,-0.75587009,0.92978524,-0.39531549,-0.90043617,-0.9037615,-0.98890486,-0.16744954,0.90622514,-0.98877065,-0.49086762,-0.98877065,-0.99982305,-0.91553186,-0.99758286,29,"sitting"
0.066111865,0.11702768,0.018749112,0.09512551,-0.97527715,-0.14281424,0.23287374,0.23353081,0.22368485,0.95024405,-0.19986612,0.8115329,-0.068671145,0.10614983,0.85522605,-0.99636579,-0.75163751,0.92971722,-0.14323485,-0.89727173,-0.40166197,-0.99573538,-0.15042181,0.3477032,-0.99581827,-0.33742744,-0.99581827,-0.99994793,-0.33182914,-0.99871378,29,"sitting"
0.065979209,0.12000698,0.018738152,0.095162153,-0.97526285,-0.14331778,0.23641857,0.23427534,0.22416643,0.94966912,-0.1560816,0.81161991,-0.04115754,0.081831798,0.85523303,-0.99582774,-0.75099952,0.92975093,-0.12334099,-0.89660164,-0.037647032,-0.9939945,-0.14826803,-0.018946293,-0.99523162,-0.21816619,-0.99523162,-0.99993977,0.012213519,-0.99831033,29,"sitting"
0.066183809,0.12000698,0.018438053,0.095558561,-0.97508894,-0.14379385,0.23641857,0.23485907,0.22585212,0.94886074,0.0004075123,0.80962487,-0.39320856,0.41510626,0.85523303,-0.99450811,-0.75020263,0.92897725,-0.43726084,-0.89607209,0.117152,-0.99236676,-0.14711953,-0.20334461,-0.9948089,-0.41825853,-0.9948089,-0.9999337,0.21800786,-0.99756989,29,"sitting"
0.066183809,0.12050663,0.018190617,0.095899503,-0.97493983,-0.14530452,0.23758475,0.23692798,0.22797035,0.94843312,-0.19381409,0.80715908,-0.42352266,0.45660176,0.85397832,-0.98109115,-0.74814403,0.92802074,-0.48990275,-0.89418423,-0.35554001,-0.97796275,-0.1425047,0.4336212,-0.98064988,-0.46850223,-0.98064988,-0.99961722,-0.56154428,-0.99599471,29,"sitting"
0.067420766,0.12033388,0.018377642,0.095672642,-0.97503895,-0.14660444,0.23935275,0.23883207,0.22882291,0.94843312,-0.41836551,0.80720854,-0.29237465,0.31297502,0.85382046,-0.98073108,-0.74663595,0.92803993,-0.33351514,-0.89243867,-0.41926978,-0.97630101,-0.13799601,0.44679656,-0.97876569,-0.46263585,-0.97876569,-0.99956025,-0.51673374,-0.99729317,29,"sitting"
0.071257489,0.12033388,0.017065988,0.097589884,-0.97418224,-0.14724379,0.24122025,0.23974415,0.23029196,0.94653965,-0.31109969,0.80599055,-0.2806274,0.30018923,0.85382046,-0.99070861,-0.74496267,0.92756688,-0.32016704,-0.89159589,-0.45053621,-0.98909033,-0.13126201,0.42607854,-0.98954953,-0.27646046,-0.98954953,-0.99983936,-0.438408,-0.99429253,29,"sitting"
0.075410222,0.12294957,0.014104197,0.10186783,-0.97223318,-0.14867624,0.24226105,0.24168745,0.2331968,0.94574837,-0.40291646,0.80165778,-0.33351637,0.34333105,0.85316101,-0.99448773,-0.74117207,0.92588374,-0.35330083,-0.88978402,-0.58375394,-0.99348586,-0.1176887,0.55382849,-0.99394804,-0.11342212,-0.99394804,-0.99992008,-0.5509907,-0.99102634,29,"sitting"
0.075410222,0.12683836,0.012360876,0.10444908,-0.97103686,-0.14948931,0.24379986,0.24291471,0.2331968,0.94574837,-0.01070535,0.80102068,-0.13223026,0.13266665,0.85187165,-0.99603397,-0.73896168,0.92563627,-0.13273903,-0.88863923,-0.49056511,-0.99442429,-0.10787558,0.44777359,-0.9948018,-0.33445161,-0.9948018,-0.99993359,-0.43767811,-0.99640507,29,"sitting"
0.07538774,0.12637082,0.013177477,0.10324911,-0.97159878,-0.14893956,0.24380068,0.24212259,0.23291041,0.94611771,0.15517455,0.80179599,-0.27209138,0.28144298,0.85187165,-0.99546868,-0.74020889,0.92593774,-0.29079841,-0.88938182,-0.40508294,-0.99373278,-0.11267111,0.36960031,-0.99524739,-0.34132826,-0.99524739,-0.99994035,-0.37329442,-0.99573255,29,"sitting"
0.073068623,0.12637082,0.014109048,0.10183915,-0.97225926,-0.14910625,0.24380068,0.24224374,0.23220013,0.94607836,-0.0067622213,0.80050829,-0.29811219,0.3569952,0.85153553,-0.99755687,-0.7406389,0.9254372,-0.41702313,-0.88926851,-0.27904563,-0.99683139,-0.1171388,0.22373421,-0.9965578,-0.031940396,-0.9965578,-0.99995869,-0.2147704,-0.99595449,29,"sitting"
0.073322152,0.12639442,0.013937328,0.10209006,-0.9721432,-0.14914803,0.2439646,0.24230485,0.23220013,0.94575598,-0.23781239,0.80039428,-0.27564043,0.29768023,0.85111232,-0.99686233,-0.74046968,0.92539287,-0.31986633,-0.88921148,0.040920801,-0.99602235,-0.11637936,-0.13135286,-0.99502608,0.027133685,-0.99502608,-0.9999367,0.15579354,-0.99522947,29,"sitting"
0.073951455,0.12713474,0.013270347,0.10302084,-0.9717091,-0.14882337,0.24386949,0.24177868,0.23161502,0.94516297,-0.2087479,0.79921745,-0.26161033,0.27579364,0.85111232,-0.99686084,-0.74041742,0.92493509,-0.2899136,-0.88970416,-0.058438726,-0.99583801,-0.11613798,-0.024018634,-0.99550656,-0.08062623,-0.99550656,-0.99994405,0.046725788,-0.9958106,29,"sitting"
0.073951455,0.12707589,0.013374212,0.1028772,-0.97177596,-0.14887219,0.24372806,0.24186063,0.23225008,0.94516297,-0.058038123,0.79944056,-0.41473532,0.42058557,0.85194762,-0.99418862,-0.740428,0.92502175,-0.42634092,-0.88962722,-0.11532761,-0.9927057,-0.11614244,0.0426494,-0.99381333,-0.1366864,-0.99381333,-0.99991763,-0.026277277,-0.99824782,29,"sitting"
0.17600831,0.18273255,-0.031538849,0.16961484,-0.93183673,-0.152302,0.21091797,0.24898879,0.38516675,0.82953246,-0.83219494,0.79452934,-0.98596206,0.98919305,0.88776288,-0.84492682,-0.69995767,0.92269326,-0.99208269,-0.87810029,-0.92972667,-0.83205067,0.079660694,0.93665798,-0.81781183,-1,-0.81781183,-0.98170798,-0.94895826,-0.9766387,29,"sitting"
0.14476764,0.18687018,-0.03560656,0.17334397,-0.92928052,-0.14505624,0.21091797,0.23618228,0.24064527,0.91724093,-0.58620534,0.758025,-0.97578801,0.97651861,0.87688501,-0.94064416,-0.70411495,0.90872766,-0.97686788,-0.89437836,-0.7142327,-0.94504556,0.028712682,0.68963793,-0.9411077,-0.93797991,-0.9411077,-0.99768264,-0.68338521,-0.97124453,29,"sitting"
0.14476764,0.19845832,-0.037379718,0.17557863,-0.92765136,-0.15327651,0.24572211,0.24722484,0.24064527,0.91724093,-0.43601712,0.74089832,-0.90017794,0.90434363,0.83205617,-0.99003793,-0.69344094,0.90205825,-0.90816991,-0.88453939,-0.42401251,-0.98866251,0.051462785,0.37508585,-0.98994512,-0.86654017,-0.98994512,-0.99984739,-0.36271186,-0.98156577,29,"sitting"
0.14394259,0.19845832,-0.036915695,0.17520896,-0.92792827,-0.15064941,0.24429642,0.24394523,0.23783052,0.92488906,-0.50082116,0.74977826,-0.70575728,0.70805924,0.83205617,-0.99273936,-0.69676621,0.90557144,-0.71000634,-0.88766608,-0.076354994,-0.99116329,0.048451211,-0.0081795165,-0.99223062,-0.49355668,-0.99223062,-0.99989063,0.034479161,-0.98813895,29,"sitting"
0.14394259,0.19795287,-0.03675179,0.17495258,-0.92811869,-0.14984907,0.24402847,0.24280687,0.23383377,0.92610603,-0.42669997,0.75049401,-0.50564324,0.50771722,0.83213875,-0.99487903,-0.69779835,0.90585374,-0.50931381,-0.88874021,-0.12125192,-0.99326975,0.045256039,0.040433308,-0.99423059,-0.35960001,-0.99423059,-0.99992441,-0.014981539,-0.99319386,29,"sitting"
0.14404105,0.19732469,-0.036562113,0.17477107,-0.92825354,-0.14989618,0.24135263,0.24298359,0.23440715,0.92710159,-0.60579758,0.75227331,-0.40620645,0.4054636,0.83397213,-0.98590166,-0.69792673,0.9065552,-0.40444538,-0.88857034,-0.35183667,-0.98608291,0.046584187,0.29122053,-0.98729481,-0.33591147,-0.98729481,-0.99979051,-0.27146316,-0.99418715,29,"sitting"
0.14404105,0.19566762,-0.035776116,0.17362754,-0.92909705,-0.14734741,0.23682162,0.23941937,0.23440715,0.92710159,-0.74395445,0.75573568,-0.43393795,0.43236875,0.83511127,-0.98641402,-0.70145989,0.90791853,-0.43048851,-0.89186029,-0.30786534,-0.9861057,0.036576545,0.24186775,-0.98740837,-0.37288387,-0.98740837,-0.99979308,-0.21940567,-0.99656479,29,"sitting"
0.14273903,0.19566762,-0.035483439,0.17309685,-0.92949251,-0.14554797,0.23682162,0.23678135,0.22837751,0.92772061,-0.68104566,0.75605782,-0.47765131,0.47729123,0.83511127,-0.99365901,-0.70369882,0.9080456,-0.47649961,-0.89431658,-0.47455475,-0.99208103,0.028330781,0.42655244,-0.99390182,-0.48018116,-0.99390182,-0.9999194,-0.41165882,-0.99381332,29,"sitting"
0.14273903,0.19645027,-0.035760565,0.17353276,-0.92917204,-0.14664368,0.23802852,0.23835225,0.23013581,0.92772061,-0.62999474,0.75523239,-0.48614201,0.48705209,0.83419926,-0.99384619,-0.70224179,0.90772086,-0.48750049,-0.89287905,-0.33210988,-0.99183017,0.033087666,0.27031127,-0.99350442,-0.46530276,-0.99350442,-0.99991285,-0.2505432,-0.99370257,29,"sitting"
0.14318165,0.19645027,-0.035919423,0.17388615,-0.92890955,-0.14767912,0.24003419,0.23994556,0.23121041,0.9287803,-0.51202088,0.75617694,-0.48441416,0.4903931,0.83419926,-0.99314709,-0.70096145,0.90809298,-0.49594813,-0.8914046,-0.36471879,-0.99100584,0.039020315,0.30991341,-0.99230255,-0.10728968,-0.99230255,-0.99989186,-0.29522105,-0.99645427,29,"sitting"
0.14564158,0.19864611,-0.037047018,0.17549727,-0.92771204,-0.14807167,0.24163735,0.24048391,0.23121041,0.92734793,-0.50200287,0.75446359,-0.46600158,0.47025111,0.83337178,-0.9949259,-0.69945774,0.90741825,-0.47411351,-0.8909083,-0.40047035,-0.99275968,0.043536567,0.34835327,-0.99280815,0.14252932,-0.99280815,-0.99990103,-0.33423857,-0.99549106,29,"sitting"
0.14574066,0.19877296,-0.037690493,0.17637784,-0.9270522,-0.14740373,0.23915691,0.23950377,0.23006948,0.92732476,-0.55046209,0.75381816,-0.4826186,0.48362277,0.83369017,-0.99240937,-0.69956736,0.9071639,-0.48421795,-0.89181669,-0.11709433,-0.9907337,0.042819736,0.031989252,-0.99216512,-0.095586859,-0.99216512,-0.99988967,-0.0024836144,-0.99579016,29,"sitting"
0.14589299,0.19885763,-0.037650523,0.17625666,-0.92714279,-0.14643645,0.23840246,0.23808153,0.23006948,0.92692246,-0.56749797,0.75381926,-0.49741902,0.497526,0.83371555,-0.9913434,-0.70065437,0.90716425,-0.49728714,-0.89312476,-0.15888708,-0.98986754,0.038690982,0.077168219,-0.99198143,-0.24639732,-0.99198143,-0.99988623,-0.048364,-0.99550777,29,"sitting"
0.1465373,0.19885763,-0.038028029,0.17674832,-0.9267723,-0.1460818,0.23840246,0.23752938,0.22842395,0.92676169,-0.66543911,0.75295187,-0.43974045,0.43851174,0.83371555,-0.99212315,-0.70067388,0.90682238,-0.43698394,-0.89363494,-0.47674313,-0.99263543,0.037893408,0.42717141,-0.99294757,0.079954869,-0.99294757,-0.99990345,-0.41061466,-0.99577309,29,"sitting"
0.1465373,0.19808239,-0.037564933,0.17612416,-0.92723854,-0.14597463,0.23813325,0.23742731,0.22842395,0.92676169,-0.70852426,0.75425878,-0.37385129,0.37125085,0.83418897,-0.99265959,-0.70123667,0.90733714,-0.36830054,-0.89372804,-0.54933376,-0.99001515,0.036915528,0.5081004,-0.99224595,-0.082984007,-0.99224595,-0.99989109,-0.49531399,-0.99512982,29,"sitting"
0.14525487,0.19808239,-0.037307634,0.1757495,-0.92752201,-0.14615419,0.23813325,0.23767005,0.22872313,0.92727346,-0.72046173,0.75420835,-0.33529093,0.33261107,0.83418897,-0.9912903,-0.70129023,0.90731741,-0.32946176,-0.89350478,-0.46914085,-0.9893542,0.036508744,0.4221748,-0.99100338,-0.39770206,-0.99100338,-0.99986807,-0.40869394,-0.99544219,29,"sitting"
0.81937597,0.85405797,-0.62075623,0.85473119,0.46982423,-0.37914707,0.51474577,0.54411506,0.63555143,-0.47565261,-0.61772837,-0.98851359,-0.98267444,0.98475512,-0.3847108,-0.75189857,0.53654012,-0.39520658,-0.98646976,-0.42362614,-0.93862661,-0.80582184,0.22929084,0.94409281,-0.75012583,-0.98723213,-0.75012583,-0.9665488,-0.95420373,-0.95208402,29,"laying"
0.80772923,0.85403292,-0.62012582,0.84342205,0.43180633,-0.37398141,0.51474577,0.53119464,0.53115812,-0.31545011,-0.54149301,-0.98102467,-0.9849382,0.9876812,-0.3847108,-0.95424914,0.49028588,-0.33144544,-0.99007253,-0.45341794,-0.6173636,-0.96676546,0.25190244,0.5784223,-0.95714663,-0.95217121,-0.95714663,-0.99865384,-0.56359242,-0.97138394,29,"laying"
0.79349741,0.85403292,-0.61403917,0.84217755,0.42763333,-0.38135362,0.53717768,0.54218267,0.53115812,-0.29648418,-0.56053087,-0.9831957,-0.77027727,0.76846662,-0.39061627,-0.99148224,0.49648607,-0.33958215,-0.76635066,-0.43061567,-0.2740199,-0.98924281,0.26223723,0.20954687,-0.99164026,-0.77702112,-0.99164026,-0.99988015,-0.19113067,-0.98769253,29,"laying"
0.79349741,0.85556268,-0.61492045,0.8427081,0.4293921,-0.38046646,0.5417053,0.54102241,0.53094753,-0.29648418,-0.06098185,-0.9833144,-0.59245848,0.59324774,-0.40378603,-0.99546286,0.49673779,-0.33995784,-0.59381838,-0.4330797,-0.20485334,-0.99403566,0.25985527,0.15206107,-0.99585384,-0.33258757,-0.99585384,-0.99994921,-0.15117358,-0.99532655,29,"laying"
0.79319292,0.85530703,-0.61499744,0.84162829,0.42580814,-0.37992656,0.5417053,0.53966296,0.52725563,-0.29083657,-0.41526912,-0.9823198,-0.51265287,0.52934982,-0.40366686,-0.99553041,0.49375356,-0.33595464,-0.54628273,-0.43596006,-0.03971745,-0.99454759,0.26098829,-0.037710561,-0.9963082,-0.38608662,-0.9963082,-0.99995561,0.0533494,-0.99709327,29,"laying"
0.79271592,0.85530703,-0.61468166,0.84174081,0.42618127,-0.38024843,0.54187526,0.54027102,0.52785042,-0.28793284,-0.19281765,-0.98228361,-0.3732077,0.41922372,-0.40366686,-0.99637023,0.49369014,-0.33580871,-0.46581409,-0.43467436,-0.1906654,-0.99446879,0.26319925,0.12288065,-0.99581371,-0.069506524,-0.99581371,-0.99994863,-0.10654936,-0.99772757,29,"laying"
0.79289053,0.85625439,-0.61438157,0.84219288,0.42768065,-0.38065362,0.54276687,0.54118401,0.52845009,-0.2885846,-0.19974067,-0.98246204,-0.31936152,0.35599906,-0.4047127,-0.99524777,0.4942676,-0.33650864,-0.39293369,-0.43274239,-0.069169061,-0.99273346,0.26552055,-0.0037820529,-0.99304806,0.22697501,-0.99304806,-0.99990436,0.017343987,-0.99805742,29,"laying"
0.79317023,0.85625439,-0.61442789,0.84239182,0.42834126,-0.38064888,0.54325117,0.54128009,0.52845009,-0.28871201,-0.29534023,-0.98255608,-0.33388061,0.37964124,-0.40513052,-0.99573994,0.49455087,-0.33687981,-0.4257766,-0.43253897,-0.080096857,-0.99435697,0.26560378,0.017178907,-0.99456926,0.51559237,-0.99456926,-0.99992941,-0.013795298,-0.99866787,29,"laying"
0.79317023,0.85601868,-0.61443738,0.84217974,0.42763759,-0.38061737,0.54325117,0.54110551,0.52818218,-0.28871201,-0.073564921,-0.98251543,-0.3131894,0.38348289,-0.40437679,-0.99679036,0.49441178,-0.33671984,-0.45500188,-0.4329089,-0.12307229,-0.99562006,0.264869,0.073568899,-0.99715132,0.18934015,-0.99715132,-0.99996694,-0.081521457,-0.99855605,29,"laying"
0.79215948,0.85601868,-0.6141814,0.84171006,0.4260784,-0.38079759,0.54282595,0.54115241,0.52818959,-0.28819667,-0.041806096,-0.98232331,-0.35485303,0.37850804,-0.40405964,-0.99881105,0.4938413,-0.33596388,-0.40243082,-0.43280948,0.030110578,-0.99731596,0.2651725,-0.04438507,-0.99919986,-0.14793933,-0.99919986,-0.99999154,-0.011972169,-0.99864489,29,"laying"
0.79216652,0.855739,-0.61456784,0.84177728,0.42630144,-0.38040822,0.54220784,0.54054059,0.52818959,-0.28833205,-0.51973024,-0.98237062,-0.4879596,0.51231471,-0.40405964,-0.99751887,0.49394788,-0.33615007,-0.53675792,-0.43410409,-0.23441637,-0.99671961,0.26336217,0.23566688,-0.99744219,-0.19501855,-0.99744219,-0.99997069,-0.29027165,-0.99904586,29,"laying"
0.79216652,0.85566471,-0.61478594,0.84151907,0.42544503,-0.38019375,0.54220784,0.54001769,0.52711019,-0.28833205,-0.67009303,-0.98242178,-0.50278413,0.53511647,-0.40461686,-0.99689768,0.49404205,-0.33635044,-0.56753163,-0.43521065,-0.29926683,-0.99518124,0.26087846,0.29190439,-0.99610152,-0.14375234,-0.99610152,-0.99995272,-0.33267361,-0.99845633,29,"laying"
0.79190335,0.85566471,-0.61454698,0.84143165,0.42515501,-0.38040597,0.54236177,0.54033276,0.52736613,-0.28790383,-0.3655406,-0.98232911,-0.44336784,0.47458606,-0.40408707,-0.99745654,0.49379296,-0.33598611,-0.50585304,-0.43454437,-0.20674655,-0.99662944,0.26218352,0.16413108,-0.99738817,-0.2656447,-0.99738817,-0.99997,-0.17262551,-0.99786036,29,"laying"
0.79211232,0.85582821,-0.61449667,0.84163153,0.42581792,-0.38044344,0.54274695,0.54052622,0.52736613,-0.28790383,0.06182457,-0.98228401,-0.38655683,0.4249759,-0.40404615,-0.99868773,0.49369435,-0.33580946,-0.46381647,-0.43413526,-0.1470602,-0.99831342,0.26358295,0.094549487,-0.99920307,-0.27675156,-0.99920307,-0.99999137,-0.096747297,-0.99759204,29,"laying"
0.79213843,0.8558531,-0.6144435,0.84178891,0.42634,-0.38049396,0.54274606,0.54071039,0.52839728,-0.28785302,-0.14884155,-0.98226357,-0.40695038,0.4423481,-0.40345307,-0.99742443,0.4936602,-0.33572959,-0.47819778,-0.43374522,-0.048331098,-0.99586158,0.26465604,0.037424535,-0.99703965,-0.17099563,-0.99703965,-0.99996542,-0.09196394,-0.9985049,29,"laying"
0.79675644,0.83925899,-0.60001031,0.83226763,0.3949901,-0.39974197,0.5391395,0.56485989,0.586435,-0.44351389,0.30766048,-0.98681784,-0.98322787,0.98479595,-0.3675305,-0.74716331,0.52558448,-0.38035868,-0.98598695,-0.38031177,-0.94505531,-0.81813411,0.22890194,0.94420699,-0.75421063,-0.95529055,-0.75421063,-0.96759386,-0.94712665,-0.92998352,29,"laying"
0.78970498,0.84255613,-0.60984099,0.8368274,0.40994692,-0.38257697,0.5391395,0.54232629,0.5463978,-0.31043447,0.70790988,-0.975834,-0.98642462,0.98746703,-0.3675305,-0.97648291,0.47729773,-0.3130797,-0.98812436,-0.43026637,-0.56498471,-0.97371695,0.29905465,0.52387781,-0.97287135,-0.93530214,-0.97287135,-0.99935859,-0.51042028,-0.95266812,29,"laying"
0.78970498,0.85190465,-0.60977592,0.83809857,0.41412444,-0.38326326,0.53997297,0.54398233,0.53296897,-0.2767621,0.25398489,-0.97729746,-0.78975105,0.78839283,-0.36885227,-0.98541968,0.48076029,-0.31767615,-0.78672191,-0.42678466,-0.20668778,-0.98701265,0.29809304,0.14556503,-0.9873596,-0.17173996,-0.9873596,-0.99979189,-0.13503393,-0.97661621,29,"laying"
0.78831989,0.85190465,-0.60920063,0.83772774,0.41289863,-0.38430972,0.54631743,0.54528803,0.53296897,-0.2767621,-0.068945997,-0.97835897,-0.78889914,0.79178691,-0.38670986,-0.9963643,0.48329978,-0.32121843,-0.79429359,-0.42401434,-0.12867506,-0.99540223,0.2937633,0.10977726,-0.99671653,-0.34526201,-0.99671653,-0.99996086,-0.14945615,-0.99288376,29,"laying"
0.78831989,0.85204036,-0.60958268,0.83783191,0.41324252,-0.38352723,0.54598709,0.54422619,0.5320162,-0.27275448,-0.25487826,-0.97750041,-0.51305514,0.51480652,-0.38518595,-0.99700354,0.48110508,-0.3181803,-0.51627922,-0.42627947,0.27876002,-0.99536456,0.29705104,-0.30899769,-0.99697853,-0.25120949,-0.99697853,-0.99996467,0.25293575,-0.99764945,29,"laying"
0.78836756,0.85190295,-0.60901565,0.83757348,0.41238922,-0.38393845,0.54598709,0.54483426,0.53271432,-0.27029603,-0.45582532,-0.97706237,-0.30979769,0.31589551,-0.38414081,-0.99584395,0.48004695,-0.31666608,-0.32189622,-0.4249818,0.12252322,-0.99449475,0.3008858,-0.2018279,-0.99576071,-0.1750707,-0.99576071,-0.99994783,0.20869501,-0.99683784,29,"laying"
0.78976086,0.85190295,-0.60894842,0.83830486,0.41480626,-0.38400887,0.54710453,0.54541278,0.53271432,-0.26998847,-0.29119785,-0.97701969,-0.41234977,0.41323954,-0.38414081,-0.99495729,0.48004466,-0.31651818,-0.41376664,-0.4237488,-0.031650569,-0.99327476,0.30470221,-0.040033034,-0.99444053,-0.27556895,-0.99444053,-0.99992781,0.049271423,-0.99879776,29,"laying"
0.78976086,0.85276052,-0.60942156,0.83900294,0.41711247,-0.38356927,0.54691212,0.54509219,0.53234992,-0.26998847,-0.12650125,-0.97713778,-0.50420058,0.50710865,-0.38429084,-0.99358633,0.48037801,-0.31692416,-0.50979099,-0.4244334,0.01157657,-0.99150331,0.3049606,-0.072806173,-0.99300284,-0.41600735,-0.99300284,-0.99990423,0.067714935,-0.99862566,29,"laying"
0.78960765,0.85304211,-0.6097797,0.8387329,0.4162195,-0.38308775,0.54512164,0.54416789,0.5320154,-0.26968159,-0.047449076,-0.97692731,-0.41695245,0.42955024,-0.38429084,-0.9958023,0.47978797,-0.31619829,-0.44226447,-0.42640199,0.25898438,-0.99354908,0.30315328,-0.29599896,-0.99509489,-0.35767378,-0.99509489,-0.99993801,0.24768107,-0.99747138,29,"laying"
0.78907835,0.85304211,-0.61014881,0.83866157,0.41598363,-0.3827269,0.54512164,0.54350926,0.53113505,-0.26904475,-0.11553037,-0.97701102,-0.34665006,0.36440763,-0.38431615,-0.99854139,0.47994619,-0.31648573,-0.38224539,-0.42780573,0.11800136,-0.99761287,0.30064697,-0.13128096,-0.99793901,-0.24175763,-0.99793901,-0.99997672,0.068108943,-0.99764743,29,"laying"
0.78907835,0.85294207,-0.60996925,0.83856988,0.41568057,-0.38290211,0.54555837,0.5437498,0.53090257,-0.26904475,-0.19911003,-0.97697631,-0.25582345,0.26074661,-0.38426858,-0.99766733,0.47986735,-0.31636667,-0.26528864,-0.42729414,0.21721068,-0.99645996,0.30126962,-0.18204672,-0.99713091,-0.32716406,-0.99713091,-0.99996657,0.060386769,-0.99860302,29,"laying"
0.78870269,0.85271522,-0.60995091,0.83837965,0.41505187,-0.38289974,0.54555837,0.54363635,0.53088909,-0.26882804,-0.38633432,-0.97693604,-0.18054179,0.18386159,-0.38426858,-0.99712543,0.47974493,-0.31622782,-0.18675753,-0.42753565,0.38150726,-0.99641517,0.30071691,-0.36579641,-0.99732674,-0.43233156,-0.99732674,-0.99996918,0.25369599,-0.9991686,29,"laying"
0.78868052,0.85222732,-0.61007588,0.83807811,0.41405578,-0.38275586,0.54490844,0.54321313,0.53056435,-0.26882804,-0.29609167,-0.97692943,-0.4834944,0.50385802,-0.38437498,-0.99751277,0.47967606,-0.31620509,-0.52420392,-0.42843568,-0.062862911,-0.99771459,0.29881087,0.028706294,-0.99844944,-0.31456265,-0.99844944,-0.99998293,-0.056760528,-0.99841867,29,"laying"
0.78893474,0.85222732,-0.6100555,0.8381036,0.41414007,-0.38271575,0.54490844,0.54319071,0.53057236,-0.26806653,-0.19820403,-0.97678595,-0.486661,0.5053292,-0.38360175,-0.99880545,0.47932954,-0.31571255,-0.52396562,-0.42848335,-0.20619758,-0.99787467,0.29976731,0.18124559,-0.99887266,-0.10816013,-0.99887266,-0.99998788,-0.20970688,-0.99663278,29,"laying"
-0.13888394,-0.099937371,0.16581608,-0.11998692,-0.97993078,-0.067294044,0.061225491,0.12752434,0.16199123,0.9700814,-0.11582259,0.89547057,-0.60866351,0.67169541,0.89957522,-0.33714157,-0.84702863,0.96187179,-0.73414859,-0.96843363,-0.18746583,-0.227932,-0.40252122,0.20307314,-0.20749189,-0.72271488,-0.20749189,-0.68107874,-0.27341824,-0.49345649,29,"walking"
-0.14165041,-0.10552729,0.170196,-0.12640317,-0.9773238,-0.041069384,0.048815021,0.090083195,0.15249911,0.97768003,-0.13249186,0.90738649,-0.46859665,0.53680543,0.89729458,-0.3006773,-0.86785133,0.96638717,-0.60202615,-0.98300644,-0.032690506,-0.14972832,-0.47645971,0.05750832,-0.15619138,-0.59190302,-0.15619138,-0.63895449,-0.14840872,-0.49710318,29,"walking"
-0.14139676,-0.10552729,0.16903704,-0.12438343,-0.97813534,-0.02016676,0.048815021,0.059974802,0.064535596,0.97645176,-0.14415079,0.90369982,-0.46452941,0.5325813,0.89729458,-0.36525886,-0.88491863,0.96499186,-0.59738429,-0.9940421,-0.067647219,-0.26747306,-0.5650794,0.086087263,-0.23429174,-0.61564934,-0.23429174,-0.70205291,-0.16703755,-0.58898051,29,"walking"
-0.14139676,-0.093598717,0.16560191,-0.11912506,-0.98029971,-0.024868286,0.051343739,0.066539361,0.065833506,0.97617515,-0.091898868,0.8946239,-0.54587992,0.61450294,0.89678608,-0.35100946,-0.8861295,0.96155922,-0.68154994,-0.99258486,0.0028245801,-0.24447652,-0.56841891,0.022136883,-0.23496642,-0.3540069,-0.23496642,-0.70254799,-0.11093349,-0.61015031,29,"walking"
-0.14189123,-0.096067788,0.16604847,-0.12022479,-0.97986738,-0.025925042,0.06321635,0.068322114,0.065833506,0.97617515,-0.099432878,0.91090867,-0.53099398,0.60276609,0.9027885,-0.34910093,-0.88481333,0.96770999,-0.67306912,-0.99218865,0.079741871,-0.21963922,-0.54884123,-0.076629981,-0.19302464,-0.22294285,-0.19302464,-0.66943753,0.0058752493,-0.68619876,29,"walking"
-0.14399283,-0.10508975,0.16892579,-0.1245537,-0.97809663,-0.024935726,0.06321635,0.066981235,0.063018724,0.98039046,-0.1128834,0.91429147,-0.49949583,0.57266771,0.9027885,-0.36713676,-0.88190956,0.96899264,-0.64385595,-0.99253205,-0.15272932,-0.23910135,-0.53820206,0.17593437,-0.22255033,-0.26364296,-0.22255033,-0.69288017,-0.25480716,-0.6490819,29,"walking"
-0.1476492,-0.10508975,0.17209264,-0.12922604,-0.97615012,-0.025252176,0.062464153,0.067461462,0.068072834,0.98039046,-0.16435162,0.91400303,-0.50589026,0.57204652,0.90251537,-0.3818928,-0.87767907,0.96888311,-0.63586359,-0.99239385,-0.17338569,-0.25762651,-0.5244412,0.20067617,-0.26434719,-0.30337117,-0.26434719,-0.72468929,-0.28383331,-0.57629608,29,"walking"
-0.1404315,-0.10392455,0.17004522,-0.12619923,-0.97739935,-0.028341118,0.062464153,0.071867778,0.071168965,0.98049794,-0.062249916,0.91292489,-0.54054788,0.6032703,0.90251537,-0.43259761,-0.8780978,0.96847572,-0.66387593,-0.99123966,0.0062352411,-0.34292519,-0.52167028,0.010906531,-0.32128753,-0.5122695,-0.32128753,-0.76508531,-0.094782225,-0.59446941,29,"walking"
-0.1404315,-0.097332177,0.16629285,-0.12034342,-0.9798108,-0.025819103,0.052604313,0.068025227,0.071168965,0.98047096,-0.048923191,0.90191265,-0.48856065,0.55272171,0.89487918,-0.45139232,-0.88458605,0.96432279,-0.6137781,-0.99213044,0.0098817728,-0.32106376,-0.55582577,0.011099271,-0.34295362,-0.60354072,-0.34295362,-0.7796398,-0.0980741,-0.71047437,29,"walking"
-0.13840976,-0.093675933,0.16468797,-0.1180472,-0.9807132,-0.021456069,0.051869464,0.061816415,0.063619434,0.98047096,-0.08708057,0.90564309,-0.52376372,0.59452565,0.89612534,-0.38821592,-0.88965607,0.96573233,-0.66290146,-0.99365165,0.081245352,-0.26869639,-0.57594136,-0.076571387,-0.27752639,-0.47946998,-0.27752639,-0.73429909,0.0039544984,-0.75754079,29,"walking"
-0.13840976,-0.10118094,0.1667432,-0.12094688,-0.97953713,-0.023620864,0.051869464,0.064855702,0.063490211,0.97555214,-0.062189131,0.90042702,-0.48497656,0.56105866,0.89612534,-0.34662026,-0.88557315,0.9637559,-0.63486,-0.99295993,-0.042123467,-0.29214935,-0.5637463,0.062203573,-0.2266517,-0.52558739,-0.2266517,-0.69615021,-0.14706211,-0.66900171,29,"walking"
-0.13602952,-0.10224144,0.16875935,-0.12382971,-0.97836397,-0.022137749,0.058145626,0.062711039,0.06148561,0.97555214,-0.074683445,0.897921,-0.4565177,0.53101314,0.89270639,-0.40566007,-0.88400802,0.96280983,-0.60265896,-0.9934996,-0.17441437,-0.33716241,-0.56346759,0.17823312,-0.28730557,-0.54594018,-0.28730557,-0.74123202,-0.23839912,-0.70617331,29,"walking"
-0.12974308,-0.10224144,0.16275423,-0.11520601,-0.98164134,-0.026183551,0.058145626,0.068556044,0.078552856,0.9815965,-0.062065122,0.90430515,-0.37874111,0.44878903,0.89379187,-0.41857409,-0.88868483,0.96522827,-0.51391847,-0.99197121,-0.19317164,-0.35334716,-0.56661746,0.21243678,-0.30289453,-0.54797354,-0.30289453,-0.75240123,-0.28766875,-0.69267085,29,"walking"
-0.12974308,-0.089406912,0.15786044,-0.10807077,-0.98436248,-0.034169128,0.066818603,0.079954859,0.082531957,0.97869633,-0.12696092,0.90385236,-0.44385666,0.51148457,0.89602837,-0.39417182,-0.88790624,0.96505489,-0.57551093,-0.98897515,-0.26921626,-0.3218447,-0.55586899,0.30186633,-0.27855844,-0.52664231,-0.27855844,-0.73501304,-0.38601332,-0.51498714,29,"walking"
-0.14345804,-0.12615326,0.17333803,-0.13137884,-0.97510748,-0.0056269566,0.0077177017,0.039403152,0.065414244,0.97884159,-0.079002767,0.92944921,-0.61575308,0.67966825,0.91356798,-0.36009458,-0.88660283,0.97467297,-0.74358475,-0.99652611,-0.38892137,-0.20342451,-0.58232995,0.37770042,-0.23486925,-0.66378173,-0.23486925,-0.70240915,-0.40780492,-0.58917974,29,"walking"
-0.15034672,-0.11174482,0.17519107,-0.13346635,-0.97429383,-0.02280485,0.042902459,0.06380894,0.065414244,0.97884159,-0.05948792,0.90349579,-0.49201096,0.57119044,0.90283667,-0.32846812,-0.87527907,0.96491402,-0.64837133,-0.99311505,-0.03452124,-0.22482287,-0.53031827,0.038010786,-0.14026935,-0.52969725,-0.14026935,-0.62540648,-0.10635109,-0.64346003,29,"walking"
-0.15334546,-0.10474455,0.1739295,-0.13129168,-0.97527229,-0.021502334,0.05617839,0.061778171,0.062194114,0.97425678,-0.071774435,0.89333362,-0.43195675,0.50980144,0.89342104,-0.35750707,-0.87772785,0.96107009,-0.58467785,-0.99368848,0.40122839,-0.24006124,-0.54904183,-0.40204708,-0.14082482,-0.26926156,-0.14082482,-0.62571751,0.31875537,-0.68539632,29,"walking"
-0.14257929,-0.10474455,0.17185318,-0.12808047,-0.97661456,-0.01988592,0.05617839,0.059376743,0.058969295,0.97316079,-0.073808401,0.88830035,-0.49513661,0.56889177,0.89176746,-0.35825508,-0.88142661,0.95915997,-0.64055176,-0.9942469,-0.19410036,-0.23502635,-0.56785208,0.22154391,-0.16428785,-0.27743687,-0.16428785,-0.64552533,-0.30390824,-0.62389303,29,"walking"
-0.13945549,-0.10336205,0.1677659,-0.12246868,-0.978921,-0.02050026,0.056714599,0.06041798,0.061526809,0.97316079,-0.16020745,0.90201399,-0.46394688,0.5382983,0.9004613,-0.29370294,-0.88634926,0.96434788,-0.60963769,-0.99401205,-0.33077093,-0.18213916,-0.57033325,0.35610957,-0.11655433,-0.33571567,-0.11655433,-0.60472589,-0.4285085,-0.70496639,29,"walking"
-0.13945549,-0.1072917,0.17037487,-0.12696415,-0.97700929,-0.022893591,0.057195024,0.064212436,0.063888782,0.98422284,-0.2064937,0.92446401,-0.51228103,0.58145207,0.90633866,-0.3477706,-0.88144106,0.97282338,-0.64860037,-0.99313878,-0.23251019,-0.18576811,-0.53168836,0.25712584,-0.18569726,-0.30824886,-0.18569726,-0.66352802,-0.33484549,-0.67666944,29,"walking"
-0.14467091,-0.1072917,0.17180463,-0.12886532,-0.97626131,-0.024062354,0.062548479,0.065787944,0.063888782,0.97782375,-0.11778165,0.91663885,-0.47328766,0.5480292,0.90633866,-0.37820406,-0.8788402,0.96986814,-0.62031309,-0.99280714,-0.17538348,-0.20791951,-0.5279984,0.21765368,-0.22723721,-0.3898479,-0.22723721,-0.69646418,-0.31741538,-0.50693124,29,"walking"
-0.14467091,-0.10221993,0.16891879,-0.12410751,-0.97830291,-0.021732379,0.058838144,0.062157064,0.060244274,0.97782375,-0.024535023,0.89959209,-0.39912995,0.47879974,0.89469167,-0.38490872,-0.88406863,0.96344364,-0.55380378,-0.99365879,-0.086546689,-0.2574043,-0.56297467,0.11998425,-0.23239615,-0.45166878,-0.23239615,-0.70055593,-0.2158872,-0.69355363,29,"walking"
-0.14498133,-0.10030795,0.16980591,-0.12551691,-0.97772768,-0.023052449,0.058838144,0.06410647,0.061234512,0.98067167,-0.060619401,0.90292126,-0.48662102,0.56828932,0.89871034,-0.31788065,-0.88206506,0.96470242,-0.6476327,-0.99319908,0.018477282,-0.23105358,-0.55151776,-0.0056298626,-0.18447341,-0.33538213,-0.18447341,-0.66249898,-0.07199562,-0.72061182,29,"walking"
-0.1491008,-0.10661858,0.17158353,-0.12878442,-0.97633984,-0.023286655,0.061213989,0.064804492,0.061234512,0.98206666,-0.14934946,0.9254273,-0.46158651,0.5373759,0.90844126,-0.27622287,-0.87963298,0.97317422,-0.6108886,-0.9930499,-0.22930219,-0.21721381,-0.52448853,0.25929358,-0.13103425,-0.25313845,-0.13103425,-0.61742027,-0.34151855,-0.70514991,29,"walking"
-0.14916652,-0.10661858,0.17176166,-0.12938085,-0.97608805,-0.028406312,0.061213989,0.072366032,0.077252543,0.98891423,-0.16869369,0.93529782,-0.48409211,0.55007421,0.90844126,-0.37765734,-0.87591114,0.97689304,-0.61318655,-0.99099727,-0.091474376,-0.26344389,-0.49551285,0.10461211,-0.24282107,-0.35382501,-0.24282107,-0.70854741,-0.17705107,-0.6616765,29,"walking"
-0.14465864,-0.10149356,0.16909575,-0.1250266,-0.97791717,-0.031400554,0.066102224,0.076392962,0.077252543,0.98216825,-0.14862948,0.92008475,-0.5704515,0.63835542,0.90537013,-0.42831788,-0.8769889,0.97117563,-0.7046595,-0.98998116,0.0069303871,-0.36823349,-0.5075713,0.0028452735,-0.33051987,-0.48210925,-0.33051987,-0.77137616,-0.07750699,-0.68628894,29,"walking"
-0.14465864,-0.11417246,0.17095376,-0.12751187,-0.97680846,-0.025801079,0.062043343,0.068219494,0.071974621,0.98144118,-0.19662723,0.91271755,-0.54798906,0.61245834,0.89909159,-0.46439502,-0.87875072,0.96840316,-0.6752365,-0.99217929,-0.27482087,-0.40311971,-0.52799362,0.29186634,-0.35023748,-0.49826682,-0.35023748,-0.7844273,-0.3583139,-0.7148913,29,"walking"
-0.080433043,-0.12820197,0.1489409,-0.09299215,-0.98692838,-0.025872579,0.025532797,0.066430625,0.079455874,0.92245729,-0.30124324,0.80972663,-0.68396075,0.7424829,0.8931148,0.020009267,-0.90526825,0.92888555,-0.8014202,-0.99188442,-0.14422937,0.27631539,-0.70250586,0.11947315,0.2407258,-0.42733609,0.2407258,-0.22556733,-0.15279285,-0.75464677,29,"walking_downstairs"
-0.076252095,-0.052053821,0.12435827,-0.058352067,-0.99675773,-0.036791496,0.077974203,0.082186205,0.079455874,0.92245729,-0.28928184,0.84163904,-0.69959465,0.76010922,0.89097144,-0.023409228,-0.91661089,0.94117119,-0.82098357,-0.98837203,-0.04426702,0.20578335,-0.73085043,0.039987836,0.21536162,-0.2751114,0.21536162,-0.25665474,-0.10055014,-0.68822327,29,"walking_downstairs"
-0.069067952,-0.038752304,0.11956155,-0.051650627,-0.99777649,-0.01984337,-0.01097928,0.058735655,0.077994149,0.9540646,-0.34076101,0.86739233,-0.68248881,0.73513722,0.89097144,-0.026809267,-0.94053657,0.9511749,-0.78714122,-0.99238508,-0.056897271,0.027987105,-0.78552486,0.035794079,0.10204075,-0.4697061,0.10204075,-0.38776356,-0.07743896,0.051562196,29,"walking_downstairs"
-0.069067952,-0.053833088,0.12775913,-0.063650528,-0.99558776,0.0059773915,-0.0195107,0.022403011,0.068262041,0.9540646,-0.40070508,0.88530392,-0.61666787,0.67163316,0.9050528,0.037552546,-0.95445178,0.95795378,-0.7252671,-0.99732276,-0.17248645,0.13677125,-0.80742016,0.1568289,0.17337764,-0.43255169,0.17337764,-0.3067027,-0.19663391,0.24275192,29,"walking_downstairs"
-0.091656707,-0.061480841,0.13541224,-0.075239063,-0.9936341,-0.0072662455,-0.0195107,0.041476917,0.07013663,0.97312684,-0.47125656,0.91581942,-0.5578239,0.62047447,0.9050528,-0.071432155,-0.93632832,0.96955925,-0.68171504,-0.99455576,-0.087439137,0.1576757,-0.70961583,0.0786002,0.15048344,-0.43964572,0.15048344,-0.33326959,-0.13187881,-0.038350902,29,"walking_downstairs"
-0.091656707,-0.10154799,0.1495295,-0.09531929,-0.98738301,-0.02417104,0.054223481,0.065216173,0.07013663,0.9562519,-0.44512783,0.88178063,-0.527361,0.59154698,0.90321251,-0.035178983,-0.90605553,0.95662458,-0.65371143,-0.99280536,-0.028482426,0.04359081,-0.64609087,-0.031153263,0.15725282,-0.36268632,0.15725282,-0.32529393,0.027608188,0.14208736,29,"walking_downstairs"
-0.091359349,-0.10154799,0.1536406,-0.10065023,-0.98597095,-0.02526628,0.054223481,0.066312442,0.072222598,0.95444331,-0.24928397,0.85166536,-0.63845071,0.69860885,0.89523651,-0.014269848,-0.90035048,0.94516319,-0.75814421,-0.99249858,-0.12108604,0.12934238,-0.65072434,0.065982431,0.15246752,-0.32239729,0.15246752,-0.33089735,-0.068195657,-0.67353428,29,"walking_downstairs"
-0.091359349,-0.084118424,0.1375469,-0.07790224,-0.99281117,-0.03163043,0.064147824,0.075720164,0.073795773,0.95444331,-0.18448215,0.88020748,-0.69880331,0.75821945,0.90198616,-0.001998922,-0.91165436,0.95601716,-0.81790542,-0.99021405,0.029082877,0.24308823,-0.6664895,-0.065762189,0.16543883,-0.32971343,0.16543883,-0.31577895,0.03358954,-0.59597307,29,"walking_downstairs"
-0.064309817,-0.14950629,0.13843577,-0.078539998,-0.98896501,-0.0297651,0.00022576921,0.072363179,0.084477086,0.94068764,-0.26231107,0.84088599,-0.75036345,0.8044196,0.89690567,-0.061339414,-0.91273632,0.94094553,-0.85883586,-0.99011942,-0.22415403,0.21037079,-0.70204448,0.17032642,0.1205101,-0.45716714,0.1205101,-0.3671786,-0.16688627,-0.7056565,29,"walking_downstairs"
-0.064309817,-0.05000116,0.12218041,-0.055476795,-0.99694479,-0.030824321,0.067469007,0.074289846,0.084477086,0.94310609,-0.31787964,0.86865036,-0.74239123,0.79759225,0.89690567,0.0092428673,-0.92543288,0.95162153,-0.85297908,-0.99048851,-0.1514821,-0.0093773547,-0.73966281,0.13490598,0.16477174,-0.28103518,0.16477174,-0.31648157,-0.17538688,-0.56039756,29,"walking_downstairs"
-0.081193387,-0.051732809,0.1300511,-0.066996479,-0.99528198,-0.019944378,0.017973791,0.059123343,0.063723596,0.96400279,-0.31396642,0.88227914,-0.65772934,0.71366225,0.89523805,-0.015721429,-0.93106028,0.95686057,-0.76857117,-0.99376411,-0.087511076,0.17429119,-0.73883139,0.047820767,0.15916317,-0.364343,0.15916317,-0.32314664,-0.067613504,0.21067601,29,"walking_downstairs"
-0.081437563,-0.068402728,0.13822113,-0.078861215,-0.99247226,-0.0025902681,0.0028404129,0.034570353,0.063723596,0.96719983,-0.3014903,0.88596827,-0.51701052,0.57612506,0.89523805,-0.020728755,-0.93585052,0.95827053,-0.63263342,-0.99721242,-0.12066014,0.20391939,-0.76655224,0.083572555,0.16605092,-0.26204639,0.16605092,-0.31526878,-0.10416132,0.474469,29,"walking_downstairs"
-0.080224772,-0.068402728,0.1364375,-0.076315406,-0.99293185,-0.011804695,0.0028404129,0.047655353,0.073497504,0.96958404,-0.36284307,0.88730721,-0.60741352,0.67239837,0.90725615,0.024061643,-0.93158743,0.95876365,-0.73678982,-0.99460819,0.17095531,0.070988802,-0.73755341,-0.20570102,0.18669084,-0.39804414,0.18669084,-0.29101323,0.16183571,0.078789763,29,"walking_downstairs"
-0.080224772,-0.078022465,0.1358072,-0.075966474,-0.99282562,-0.028298991,0.062284222,0.071671259,0.073497504,0.96958404,-0.32408476,0.92045435,-0.72683765,0.78189106,0.92213732,0.020690247,-0.9168148,0.97124148,-0.83711936,-0.99129549,0.098680298,-0.040141805,-0.6532898,-0.1528014,0.12490776,-0.49110363,0.12490776,-0.36226345,0.13469749,0.15441241,29,"walking_downstairs"
-0.086984034,-0.078022465,0.14527062,-0.089746539,-0.98978082,-0.026854337,0.064841604,0.069550191,0.067935772,0.97043892,-0.19003547,0.91435227,-0.6728173,0.72433638,0.92213732,-0.076219852,-0.90847222,0.96893993,-0.77532364,-0.99188407,-0.057424804,-0.14824756,-0.62596184,0.011413228,0.0209481,-0.20030753,0.0209481,-0.47378101,-0.027687465,-0.79804563,29,"walking_downstairs"
-0.090604917,-0.073268391,0.13737264,-0.077795949,-0.99281248,-0.02829329,0.064841604,0.071157153,0.067935772,0.97043892,-0.31063611,0.89049159,-0.56977631,0.63118356,0.90041972,-0.03649967,-0.91529288,0.9599796,-0.69051948,-0.99147657,0.1682766,0.02503161,-0.6713513,-0.20456507,0.13981891,-0.052590003,0.13981891,-0.34545974,0.16240974,-0.76136332,29,"walking_downstairs"
-0.077308653,-0.14739598,0.15256246,-0.099251305,-0.98337843,-0.013167477,-0.031626264,0.049366153,0.078793821,0.9608129,-0.088641322,0.86212817,-0.6541662,0.71827698,0.88739268,-0.069574455,-0.9106436,0.9491788,-0.78150697,-0.9936179,0.030157054,0.15688434,-0.67221018,-0.089823799,0.12718699,-0.53039701,0.12718699,-0.35976756,0.08168984,-0.66190295,29,"walking_downstairs"
-0.077308653,-0.056906958,0.12827042,-0.064272965,-0.99573924,-0.03492491,0.058762355,0.080076468,0.078793821,0.96362685,-0.20269007,0.86611667,-0.45047659,0.51909871,0.88386719,0.030032933,-0.91600437,0.9507132,-0.5831767,-0.98894856,0.10861993,0.20763724,-0.70206021,-0.15049725,0.21471204,-0.12286841,0.21471204,-0.25744258,0.11886347,-0.60944734,29,"walking_downstairs"
-0.059427562,-0.045510608,0.12384585,-0.058157176,-0.9965241,-0.031749541,0.036609649,0.076079015,0.079995738,0.96804798,-0.24587549,0.89395615,-0.63651464,0.69668085,0.91206337,0.13086645,-0.92311905,0.96125963,-0.75589879,-0.98976725,-0.11864114,0.23285417,-0.70906966,0.081896734,0.27320197,-0.40011456,0.27320197,-0.18482139,-0.10283447,0.17796298,29,"walking_downstairs"
-0.059427562,-0.081872085,0.13153538,-0.069462162,-0.99357488,-0.0084839503,0.003637009,0.043130118,0.079995738,0.95660449,-0.25861278,0.90812707,-0.68480374,0.74197767,0.91206337,-0.001572632,-0.9400641,0.96659372,-0.79925472,-0.99527022,-0.32618951,0.16847085,-0.7539265,0.29754799,0.17496582,-0.49704277,0.17496582,-0.30479186,-0.31346093,0.17418488,29,"walking_downstairs"
-0.082676892,-0.081872085,0.14229725,-0.084635068,-0.99087369,-0.003106325,0.003637009,0.035245549,0.054482212,0.95098654,-0.40234977,0.87763571,-0.68347159,0.7385929,0.90977828,0.024850878,-0.9301722,0.95500144,-0.79399254,-0.9973359,-0.33453645,0.18821866,-0.75608209,0.30494992,0.16554093,-0.4739138,0.16554093,-0.31584849,-0.31939186,-0.027744433,29,"walking_downstairs"
-0.086812416,-0.086435515,0.14463466,-0.088377185,-0.98981265,-0.010024076,0.032129356,0.045237252,0.054482212,0.95098654,-0.40411909,0.89529936,-0.67055005,0.72522631,0.91182955,-0.050540044,-0.92284203,0.9617031,-0.77991236,-0.99662115,-0.041742778,0.080764705,-0.70856234,-0.0141219,0.12594644,-0.3985468,0.12594644,-0.36107457,0.0076869321,0.23950772,29,"walking_downstairs"
-0.083091812,-0.086435515,0.14494238,-0.088727438,-0.98978337,-0.011240345,0.032129356,0.046909992,0.063481309,0.95407209,-0.28793984,0.88977367,-0.67997374,0.74530321,0.91182955,-0.13753935,-0.92161806,0.95960668,-0.81072415,-0.99613941,0.1646172,-0.064699038,-0.70717281,-0.22552705,0.01880122,-0.42751944,0.01880122,-0.47595889,0.20961018,-0.76651918,29,"walking_downstairs"
-0.081189827,-0.076910887,0.1316769,-0.069104952,-0.99462388,-0.025065791,0.037698731,0.06607926,0.070661516,0.95407209,-0.20941945,0.86248677,-0.68167623,0.74686104,0.89452748,-0.086365758,-0.92415753,0.94929664,-0.81199045,-0.99242208,-0.0027181694,0.050505688,-0.72906387,-0.035777746,0.091897471,-0.43205509,0.091897471,-0.39887611,0.0076459212,-0.69471733,29,"walking_downstairs"
-0.20235897,-0.20871394,0.22154911,-0.2008796,-0.93491327,-0.0035709056,-0.096584851,0.036311088,0.10620295,0.93841367,-0.42090204,0.87558452,-0.61555548,0.67099286,0.89507341,-0.068880217,-0.81900124,0.95424674,-0.72615582,-0.98668367,-0.57137055,0.21487177,-0.31682912,0.57257885,0.086966519,-0.87837443,0.086966519,-0.40422812,-0.60350716,-0.67062292,29,"walking_upstairs"
-0.20268797,-0.21292512,0.23945944,-0.22457652,-0.91685533,-0.015445597,0.001122126,0.052851972,0.10620295,0.93311273,-0.2250151,0.8176517,-0.64800224,0.69783596,0.88893163,-0.20892831,-0.79027841,0.93197425,-0.74733983,-0.99159233,-0.48747958,-0.09267906,-0.37071234,0.49360248,-0.072798804,-0.88237729,-0.072798804,-0.56504764,-0.53574372,-0.51641871,29,"walking_upstairs"
-0.25120315,-0.21544548,0.24981012,-0.23837231,-0.90633754,0.020706215,-0.014207895,0.0015501902,0.042354271,0.93311273,-0.34009526,0.79507572,-0.59086395,0.63829597,0.85802608,-0.25337342,-0.7805104,0.92331011,-0.6844187,-0.99957788,-0.42949916,-0.01596713,-0.45161847,0.4503169,-0.12161373,-0.78925001,-0.12161373,-0.60919835,-0.51111737,-0.055080407,29,"walking_upstairs"
-0.24410829,-0.21669664,0.24832626,-0.23633125,-0.908018,0.024188095,-0.025132278,-0.0033759943,0.015737364,0.93113301,-0.44456767,0.79754741,-0.52490607,0.57047263,0.85802608,-0.12516753,-0.78251332,0.92427056,-0.61421409,-0.99935069,-0.52001637,-0.010070197,-0.44145145,0.54972819,-0.005443681,-0.77357096,-0.005443681,-0.50036988,-0.61415793,0.15853641,29,"walking_upstairs"
-0.24341002,-0.21669664,0.24673127,-0.23360565,-0.91028195,0.014095548,-0.025132278,0.010888695,0.023517476,0.93113301,-0.402071,0.791585,-0.51696479,0.56541459,0.85466436,-0.057812529,-0.7849439,0.92194999,-0.61190139,-0.99923454,-0.46039316,0.13272006,-0.44899298,0.47893451,0.1077835,-0.80972233,0.1077835,-0.38125224,-0.53527784,-0.58022392,29,"walking_upstairs"
-0.24341002,-0.22199898,0.24918587,-0.23715388,-0.90727439,0.012422513,-0.0038948346,0.0132531,0.023517476,0.93125657,-0.2796509,0.79020816,-0.58185734,0.63480326,0.86018357,-0.052592651,-0.7813199,0.92141033,-0.68671527,-0.99963104,-0.43286294,-0.023855342,-0.45835047,0.43235243,0.072275208,-0.77456979,0.072275208,-0.41995879,-0.46996763,0.074880169,29,"walking_upstairs"
-0.24876102,-0.22199898,0.24808077,-0.236506,-0.90783063,0.010585845,-0.0038948346,0.015889216,0.031265999,0.93125657,-0.21850803,0.80644792,-0.54493438,0.59379496,0.86622342,-0.21777988,-0.78281413,0.92771095,-0.64119375,-0.99943121,-0.44804039,-0.11440484,-0.44252883,0.45478869,-0.035270799,-0.76592053,-0.035270799,-0.5295166,-0.49913852,0.054521593,29,"walking_upstairs"
-0.24876102,-0.22319681,0.24879599,-0.23810343,-0.90643901,0.0091668561,-0.0048906757,0.017933829,0.031265999,0.93968141,-0.3346396,0.81513377,-0.52766592,0.57715276,0.86622342,-0.21277644,-0.78167683,0.93109863,-0.62469903,-0.9993416,-0.34377255,-0.12589406,-0.42472808,0.36773664,-0.084972527,-0.74586166,-0.084972527,-0.57633862,-0.4379999,-0.61792816,29,"walking_upstairs"
-0.20514383,-0.2259116,0.2275399,-0.20746821,-0.92957419,-0.027392366,-0.051837138,0.069748315,0.13044117,0.92182026,-0.4913773,0.82440404,-0.62524728,0.67603899,0.89713336,-0.18344357,-0.80240213,0.93449576,-0.72672683,-0.98573849,-0.56348765,-0.054186503,-0.34457649,0.56836524,-0.04480978,-0.89083447,-0.04480978,-0.53863168,-0.60390525,-0.72497411,29,"walking_upstairs"
-0.212533,-0.23698455,0.25488708,-0.24468649,-0.89989374,-0.0030832692,-0.015554676,0.035078705,0.12192516,0.92182026,-0.44760156,0.7744114,-0.55361015,0.6058777,0.86017938,-0.075731635,-0.77128838,0.91522435,-0.65732464,-0.99337864,-0.50336451,0.061226078,-0.36503351,0.51844431,0.048300433,-0.87430326,0.048300433,-0.44549645,-0.56921114,-0.74077541,29,"walking_upstairs"
-0.25054914,-0.23698455,0.26060545,-0.25350323,-0.89285363,0.021413899,-0.015554676,0.00055122168,0.013081037,0.92873371,-0.27584061,0.78108909,-0.58209595,0.62660059,0.8534037,-0.13738493,-0.76485492,0.91784779,-0.66993826,-0.99967193,-0.49476179,-0.069736002,-0.4203811,0.52131651,0.0080212267,-0.81534904,0.0080212267,-0.48674877,-0.58433574,-0.47581597,29,"walking_upstairs"
-0.24284721,-0.22435847,0.24755311,-0.23467842,-0.90921318,0.011460333,-0.012401454,0.014604513,0.020462264,0.92875175,-0.3356824,0.78914464,-0.59991703,0.64994722,0.85289798,-0.062548508,-0.78363209,0.92099932,-0.69897142,-0.99962603,-0.54765556,0.084713626,-0.46346355,0.57777329,0.022697158,-0.77245916,0.022697158,-0.47199281,-0.64091079,-0.085780179,29,"walking_upstairs"
-0.24284721,-0.23599552,0.2478929,-0.23633682,-0.90776557,0.012587944,-0.016256538,0.013053787,0.020462264,0.93533209,-0.21542864,0.80834979,-0.5974803,0.65092807,0.87085262,-0.092515349,-0.78319991,0.92845129,-0.7034462,-0.99939268,-0.57074495,0.095605462,-0.43310557,0.59468126,0.042132419,-0.80934995,0.042132419,-0.45188603,-0.64972721,0.04599594,29,"walking_upstairs"
-0.25372879,-0.24788855,0.25928988,-0.2542458,-0.89206953,0.022791693,-0.016256538,-0.0014744244,0.019318472,0.93942927,-0.12782433,0.82246976,-0.614002,0.6574863,0.87085262,-0.10622022,-0.76671005,0.93392006,-0.70021603,-0.99938449,-0.62403678,0.017349839,-0.37313652,0.63396374,-0.012379975,-0.80510433,-0.012379975,-0.5072459,-0.67035,0.17231455,29,"walking_upstairs"
-0.24774389,-0.24788855,0.25346398,-0.24591597,-0.89923219,0.016454017,-0.0120945,0.0075841624,0.022012654,0.93942927,-0.27330174,0.82905143,-0.60896482,0.65522945,0.87243392,-0.086540651,-0.77524637,0.93646733,-0.70087973,-0.99938823,-0.56204083,0.052262419,-0.39024679,0.55845017,0.023417679,-0.80371922,0.023417679,-0.47119409,-0.58453234,-0.6641915,29,"walking_upstairs"
-0.24774389,-0.24117159,0.2534463,-0.24475254,-0.90044363,0.01186594,-0.0077741395,0.014098632,0.022012654,0.92768743,-0.40445673,0.81078056,-0.58097669,0.63214775,0.87243392,-0.087486196,-0.77512358,0.92937801,-0.6825088,-0.99950204,-0.46798338,0.04038709,-0.41348705,0.47850037,0.031143485,-0.8084255,0.031143485,-0.4633159,-0.52639622,-0.65901442,29,"walking_upstairs"
-0.17987972,-0.24231199,0.22289658,-0.20406057,-0.9300464,0.035759851,-0.031239488,-0.020270729,-0.01916561,0.93494501,-0.36958932,0.90046868,-0.70182343,0.74251922,0.92641453,-0.09123265,-0.81780349,0.96349376,-0.7832915,-0.99857471,-0.55935142,0.074905241,-0.42763738,0.54798754,0.017679434,-0.63315909,0.017679434,-0.47708501,-0.56655063,-0.59563799,29,"walking_upstairs"
-0.21345324,-0.24521892,0.26187461,-0.25634428,-0.88925693,0.033369847,-0.025170806,-0.016446893,-0.010186772,0.91499112,-0.29899684,0.79500761,-0.6535576,0.70837021,0.89112,-0.071697834,-0.76205768,0.92312454,-0.76335471,-0.99890969,-0.45100379,0.098629971,-0.3735001,0.45811588,0.036284499,-0.62386998,0.036284499,-0.45790647,-0.50409756,-0.6341576,29,"walking_upstairs"
-0.26326082,-0.24521892,0.26980664,-0.26520055,-0.88202982,0.026645437,-0.025169685,-0.0067828489,0.011417631,0.91499112,-0.14585549,0.7520291,-0.55747734,0.60337722,0.84524653,-0.061345645,-0.75126742,0.90644071,-0.64809556,-0.99922216,-0.50299496,0.050730215,-0.39331544,0.52406206,0.036509166,-0.8068698,0.036509166,-0.45770978,-0.58040325,-0.30850818,29,"walking_upstairs"
-0.2528124,-0.23364084,0.25567632,-0.24587921,-0.89959728,0.0079327563,-0.019809416,0.019566837,0.045428469,0.91859381,-0.20744386,0.77603674,-0.57267746,0.62861176,0.86024656,-0.061801324,-0.77162396,0.91584663,-0.68351962,-0.99850835,-0.55650813,0.14823822,-0.41089494,0.57769064,0.077640643,-0.81256317,0.077640643,-0.41433133,-0.63042184,0.12551342,29,"walking_upstairs"
-0.2528124,-0.22485068,0.2517909,-0.24197212,-0.90315192,0.0037938728,-0.0043362886,0.025537734,0.045428469,0.93917296,-0.30879228,0.80507566,-0.5427558,0.59672463,0.86321443,-0.080812604,-0.77680263,0.92719888,-0.64934354,-0.99865555,-0.56683497,0.068159238,-0.4047563,0.58347674,0.044330815,-0.74642351,0.044330815,-0.44964748,-0.63068173,-0.1357159,29,"walking_upstairs"
-0.25032222,-0.22485068,0.25213885,-0.24267147,-0.90253949,0.010655318,-0.0043362886,0.01580982,0.020822604,0.93941976,-0.27256636,0.80851426,-0.55358427,0.60229136,0.86321443,-0.17308631,-0.77694574,0.92853474,-0.64963713,-0.99957546,-0.50877251,-0.015538108,-0.42335218,0.52172748,-0.043457984,-0.77778179,-0.043457984,-0.53745198,-0.56909076,-0.15403772,29,"walking_upstairs"
-0.25032222,-0.21628284,0.24921122,-0.23760064,-0.90698746,0.0084679505,-0.0033429797,0.018861511,0.023734723,0.93176049,-0.4147172,0.79669221,-0.56780471,0.62021465,0.86185335,-0.20139108,-0.78101929,0.92393742,-0.67131643,-0.999411,-0.31825233,-0.091414984,-0.44191127,0.33346588,-0.08987367,-0.75829423,-0.08987367,-0.58075573,-0.39616232,-0.58051233,29,"walking_upstairs"
-0.25242956,-0.22135987,0.25321763,-0.24331154,-0.9020878,0.0132158,-0.0035731597,0.012146792,0.023734723,0.93176049,-0.29937313,0.7931865,-0.55091774,0.59769008,0.85878353,-0.24120873,-0.77551763,0.9225744,-0.64293722,-0.9996357,-0.29077707,-0.076747106,-0.44081791,0.3090837,-0.11050537,-0.6815402,-0.11050537,-0.59935646,-0.37672181,-0.53943643,29,"walking_upstairs"
-0.27924413,-0.26215956,0.27680104,-0.28271916,-0.8646206,-0.057978304,-0.076161676,0.11528825,0.15289519,0.9444614,0.076988933,0.82929682,-0.43025357,0.43104828,0.90608259,-0.711074,-0.72000927,0.93648925,-0.43183892,-0.96779531,-0.79546772,-0.72670699,-0.01782692,0.78131389,-0.70519112,-0.98441024,-0.70519112,-0.95398356,-0.78039147,-0.90479801,2,"standing"
-0.30487004,-0.26215956,0.28134292,-0.28921515,-0.85816306,-0.083898014,0.14901318,0.15256831,0.15289519,0.9444614,-0.1049829,0.80557472,-0.50988188,0.52542419,0.85617578,-0.95974581,-0.69809082,0.92740359,-0.54024472,-0.95723959,-0.74568691,-0.96067959,0.057676487,0.73317067,-0.95390243,-0.8451508,-0.95390243,-0.99847624,-0.73739047,-0.90351102,2,"standing"
-0.30487004,-0.26166084,0.28008303,-0.28751284,-0.85994675,-0.079346197,0.14496859,0.14608559,0.1394543,0.94870433,0.3056533,0.81204402,-0.29498626,0.30501153,0.85626909,-0.98378426,-0.70277146,0.92991503,-0.31523938,-0.96096499,-0.2316402,-0.9771762,0.040560726,0.16870044,-0.97908345,-0.42945923,-0.97908345,-0.99957012,-0.15520339,-0.97198717,2,"standing"
-0.3051008,-0.27291573,0.28411379,-0.29339576,-0.85371325,-0.077108002,0.1421073,0.14292592,0.13612413,0.94730895,-0.063792012,0.80937944,-0.34301596,0.35897486,0.85626909,-0.98211956,-0.69895383,0.92888137,-0.37519077,-0.96271302,-0.23303596,-0.97679597,0.046105932,0.17624095,-0.97701589,-0.29657267,-0.97701589,-0.99950382,-0.16936807,-0.95895029,2,"standing"
-0.31255214,-0.2791896,0.29072202,-0.30296094,-0.84337839,-0.07385681,0.13093136,0.13830674,0.1335407,0.94622096,0.23515128,0.80350015,-0.48174187,0.53851022,0.85394172,-0.9788381,-0.69224496,0.92659966,-0.59632116,-0.96513659,-0.49333082,-0.97570556,0.055350903,0.46267719,-0.97689339,-0.53554547,-0.97689339,-0.99950002,-0.46546345,-0.97350227,2,"standing"
-0.32370024,-0.27941631,0.29489576,-0.30893973,-0.83679049,-0.068470704,0.12892889,0.1305608,0.12929849,0.94619965,0.32285286,0.80108949,-0.52620824,0.58236195,0.85157325,-0.97987556,-0.68981607,0.92566317,-0.63931169,-0.96909175,-0.5885098,-0.97322118,0.049088504,0.57404071,-0.97770393,-0.57368235,-0.97770393,-0.99952651,-0.58731299,-0.98275965,2,"standing"
-0.32796467,-0.27941631,0.29528184,-0.30956386,-0.83609454,-0.067065291,0.12892889,0.12856658,0.12128124,0.94619965,0.24272242,0.80230786,-0.45715255,0.49082033,0.85255212,-0.98728087,-0.6900849,0.92613663,-0.52482601,-0.97010054,-0.49329563,-0.98087666,0.046365143,0.48529369,-0.98527343,-0.56170802,-0.98527343,-0.99974229,-0.51118317,-0.99217249,2,"standing"
-0.32796467,-0.28495663,0.29598103,-0.3107735,-0.83472129,-0.067705706,0.12824614,0.12958012,0.12128124,0.94596407,0.13712098,0.80346491,-0.44323988,0.4504302,0.85260921,-0.9907674,-0.68878544,0.92658621,-0.45751294,-0.96960725,-0.51188724,-0.98734972,0.053222813,0.47497571,-0.99075599,-0.37897193,-0.99075599,-0.99986339,-0.46972645,-0.99462715,2,"standing"
-0.32850166,-0.28847057,0.29939413,-0.31573741,-0.82905365,-0.065491372,0.12594389,0.12642607,0.12126266,0.94536571,0.049340205,0.80081301,-0.45441992,0.46013355,0.85260921,-0.9906142,-0.68539006,0.92555526,-0.46564834,-0.97112278,-0.32996535,-0.99071803,0.056292582,0.26484414,-0.9916242,-0.35899564,-0.9916242,-0.99987985,-0.24214599,-0.99767832,2,"standing"
-0.33207944,-0.28847057,0.30082171,-0.3175966,-0.82692917,-0.064263125,0.12594389,0.1245839,0.11805617,0.94442809,0.012899289,0.79725941,-0.4430079,0.46643649,0.85020163,-0.99294329,-0.68410997,0.92417336,-0.48988673,-0.97200939,-0.2778256,-0.99105963,0.053761724,0.20762595,-0.99320918,-0.32368703,-0.99320918,-0.99990786,-0.18315639,-0.99666747,2,"standing"
-0.33037597,-0.28782218,0.29847844,-0.31398567,-0.83107101,-0.066625166,0.12609141,0.12787786,0.12182302,0.94442809,-0.082045196,0.79609163,-0.18215341,0.20650795,0.849609,-0.99370311,-0.68601293,0.92371888,-0.23125939,-0.97042471,-0.1332974,-0.99304728,0.05188358,0.051813154,-0.99367767,-0.30268353,-0.99367767,-0.99991574,-0.02541594,-0.99499903,2,"standing"
-0.33037597,-0.28447663,0.29768742,-0.31295562,-0.83225451,-0.069092065,0.13076235,0.1314731,0.12282772,0.94443144,-0.058110832,0.79691015,-0.17658609,0.21868475,0.84987995,-0.99601109,-0.68570989,0.92403746,-0.26128084,-0.96867393,0.11008301,-0.99440504,0.059305717,-0.21496033,-0.99518342,-0.14224386,-0.99518342,-0.99993879,0.2496085,-0.99565979,2,"standing"
-0.33162241,-0.28741586,0.29940116,-0.31568266,-0.82913604,-0.068703555,0.13097265,0.13103466,0.12282772,0.94487147,0.282449,0.79799387,-0.1830444,0.20049237,0.84993008,-0.99530622,-0.68361865,0.92445923,-0.21770929,-0.96888957,-0.055841037,-0.9929696,0.066350772,-0.0036664678,-0.99412726,-0.052727064,-0.99412726,-0.99992192,0.0010186052,-0.99649581,2,"standing"
-0.3350033,-0.29523672,0.30228943,-0.31981835,-0.82434046,-0.067274448,0.13041651,0.12898325,0.12178876,0.94071289,0.3984418,0.79469507,-0.26369722,0.27198002,0.84993008,-0.98793678,-0.68050255,0.92317418,-0.28054432,-0.9699021,-0.14337615,-0.98466667,0.06962914,0.083362225,-0.98770276,-0.43923586,-0.98770276,-0.99979967,-0.079360873,-0.99301116,2,"standing"
-0.33794487,-0.29772735,0.30635075,-0.32552855,-0.81762586,-0.067372589,0.13037359,0.12910023,0.12369832,0.9397476,0.60253431,0.78747902,-0.12637186,0.1241997,0.84907428,-0.98950494,-0.67494352,0.92036099,-0.12214089,-0.96984231,-0.28472467,-0.9857991,0.080038812,0.21711367,-0.98813206,-0.51393365,-0.98813206,-0.99980923,-0.1949081,-0.99336829,2,"standing"
-0.33655778,-0.29772735,0.30646033,-0.32576314,-0.81734739,-0.070758517,0.13037359,0.13401665,0.13228229,0.9397476,0.26865667,0.78603868,-0.13401154,0.16865736,0.84755628,-0.96746788,-0.67294828,0.91979943,-0.20404638,-0.96735469,-0.5384076,-0.9661624,0.092733075,0.51736485,-0.96608028,-0.72365378,-0.96608028,-0.9990845,-0.52719792,-0.87526703,2,"standing"
-0.42100876,-0.46204695,0.37925791,-0.42668132,-0.67677982,-0.0046550534,-0.02963184,0.038234377,0.053468903,0.8255536,0.90985752,0.67590591,-0.91445327,0.91414144,0.82509068,-0.85576029,-0.59169013,0.87581327,-0.91347052,-0.99647109,-0.87468166,-0.85963541,0.043469539,0.86201366,-0.84259528,-0.91799878,-0.84259528,-0.98612989,-0.85724706,-0.98463873,2,"standing"
-0.42100876,-0.39978167,0.37409474,-0.42265611,-0.68403137,-0.008467778,0.033685921,0.044050888,0.053468903,0.90435809,0.79816383,0.71050278,-0.91961226,0.92581849,0.82509068,-0.93797575,-0.598653,0.88997692,-0.9317205,-0.99679349,-0.83369426,-0.95243988,0.058115337,0.81946745,-0.93970043,-0.87728464,-0.93970043,-0.99758518,-0.81582625,-0.98812879,2,"standing"
-0.43323703,-0.39978167,0.37713126,-0.42609871,-0.67877842,-0.0047211516,0.033685921,0.038517398,0.040028902,0.90435809,0.19333143,0.69874313,-0.50849733,0.50515164,0.81506191,-0.97284557,-0.59475516,0.88529186,-0.50153157,-0.99778698,-0.74119679,-0.97741285,0.043669168,0.71850572,-0.97474348,-0.74894444,-0.97474348,-0.99942668,-0.71227514,-0.98779641,2,"standing"
-0.43240732,-0.39426422,0.37197819,-0.41889767,-0.69005573,-0.01046071,0.038488707,0.046875908,0.041220499,0.90517944,0.37277671,0.70723083,-0.2806391,0.29271688,0.81683546,-0.92558908,-0.6014156,0.88868488,-0.30467829,-0.99659771,-0.44040831,-0.93594808,0.052972998,0.4185207,-0.92293487,-0.57926511,-0.92293487,-0.99627484,-0.43419397,-0.97204758,2,"standing"
-0.43240732,-0.41152031,0.37591329,-0.42463213,-0.680966,-0.012193259,0.042924576,0.049435445,0.042223917,0.89777189,0.26711506,0.7015192,-0.15295051,0.16049007,0.81683546,-0.9450127,-0.59547026,0.88639445,-0.16824854,-0.99619304,-0.45423547,-0.9391745,0.070980495,0.41901199,-0.93678778,-0.58587339,-0.93678778,-0.99737756,-0.41961639,-0.95386345,2,"standing"
-0.43634887,-0.41830792,0.38769496,-0.44115702,-0.65449345,-0.0052648038,0.028695444,0.039357117,0.042223917,0.89561771,0.25468402,0.68131857,0.25038462,-0.240795,0.81482051,-0.95342129,-0.57942588,0.8782922,0.23063605,-0.9975485,-0.28121168,-0.95012341,0.073345592,0.23233871,-0.93474524,-0.29054071,-0.93474524,-0.99721362,-0.23051422,-0.96434032,2,"standing"
-0.44549851,-0.41830792,0.39173059,-0.44715997,-0.64476584,-0.0051761577,0.028695444,0.039266249,0.061559893,0.89561771,0.34101952,0.67656475,-0.043086944,0.082478616,0.80793633,-0.88231245,-0.57360437,0.87638473,-0.12247185,-0.99743008,-0.32400858,-0.8663095,0.085736552,0.27944814,-0.85899127,-0.64537015,-0.85899127,-0.98870746,-0.27910189,-0.95433979,2,"standing"
-0.42741652,-0.41830056,0.37984261,-0.43031319,-0.67170505,-0.023735867,0.033180444,0.066307063,0.078354118,0.89795409,0.51822647,0.69260637,-0.21466584,0.24979367,0.81523913,-0.85484132,-0.58763766,0.88282593,-0.28566995,-0.99193155,-0.43602162,-0.85824635,0.12462818,0.3903545,-0.84884008,-0.75769298,-0.84884008,-0.9871492,-0.38100129,-0.96924942,2,"standing"
-0.42737207,-0.39575415,0.36830468,-0.41368431,-0.69804518,-0.034341978,0.074478129,0.081629881,0.078354118,0.90459085,0.16729511,0.70613557,-0.42452267,0.43156313,0.8152424,-0.98508439,-0.60152966,0.88824855,-0.43867758,-0.98853363,-0.62783972,-0.97895157,0.13084155,0.59373872,-0.98002125,-0.68688912,-0.98002125,-0.99959825,-0.58330547,-0.96954542,2,"standing"
-0.42735611,-0.38394094,0.36732106,-0.41194179,-0.7007349,-0.03016987,0.068691314,0.075492335,0.075724798,0.90885565,0.14360917,0.70633984,-0.42681194,0.45291422,0.8152424,-0.97575665,-0.60405909,0.88833105,-0.47912003,-0.99030176,-0.40264644,-0.9703508,0.10986822,0.35949949,-0.97340407,-0.48652263,-0.97340407,-0.99937852,-0.35511795,-0.9845292,2,"standing"
-0.42735611,-0.39204413,0.37119548,-0.41739217,-0.69234533,-0.023182437,0.058148649,0.065348552,0.065785372,0.90648018,0.55855072,0.70184888,-0.45639789,0.46670571,0.81322108,-0.9738442,-0.60017709,0.88653599,-0.47677655,-0.9928471,-0.54330863,-0.97167163,0.094112644,0.50320852,-0.97369118,-0.41502913,-0.97369118,-0.99938909,-0.49231093,-0.98853202,2,"standing"
-0.43340552,-0.39204413,0.37429781,-0.42208281,-0.68511948,-0.018805838,0.058148649,0.05903586,0.056301448,0.90648018,0.4430778,0.70039479,-0.1438422,0.14422171,0.81323567,-0.98674105,-0.5966253,0.88595445,-0.14451699,-0.99434188,-0.36931192,-0.98408318,0.088864402,0.30844842,-0.98596967,-0.39700434,-0.98596967,-0.99975945,-0.28750198,-0.98979431,2,"standing"
-0.4347102,-0.39200999,0.37329644,-0.42075175,-0.68719309,-0.020333072,0.058259775,0.061267268,0.054759092,0.90657758,0.31153785,0.70240254,-0.074755178,0.075118597,0.81326465,-0.98677206,-0.59776122,0.88675759,-0.075402633,-0.9938615,-0.31025525,-0.98288068,0.092756624,0.24601223,-0.98543415,-0.39610906,-0.98543415,-0.99974642,-0.22540649,-0.99348839,2,"standing"
-0.43044536,-0.38893667,0.3724099,-0.41949043,-0.68915088,-0.02093498,0.062879965,0.062138516,0.054759092,0.90806982,0.7038226,0.70368726,-0.43263854,0.43070178,0.81583646,-0.98126903,-0.59891206,0.88727114,-0.42856336,-0.99367984,-0.35027059,-0.98183467,0.09264694,0.28735383,-0.98288288,-0.2650356,-0.98288288,-0.99968026,-0.26546136,-0.99430895,2,"standing"
-0.42418592,-0.38893667,0.3686363,-0.41431632,-0.69705947,-0.021573807,0.062879965,0.063073539,0.05736918,0.90806982,0.67173432,0.71137943,-0.61553291,0.61513739,0.81951537,-0.98232817,-0.60420037,0.89033905,-0.61448384,-0.99346107,-0.39562115,-0.98878605,0.086993913,0.33630204,-0.98298022,-0.13558437,-0.98298022,-0.99968255,-0.31513094,-0.98683459,2,"standing"
-0.13100866,-0.15921216,0.17074661,-0.12719693,-0.97600025,-0.099450737,0.15174048,0.17324768,0.17563166,0.9650941,0.150919,0.86953796,-0.48237006,0.47912878,0.88465125,-0.91278824,-0.80660067,0.95201324,-0.47567126,-0.94423325,-0.90098522,-0.89597592,-0.27972304,0.89201787,-0.89838027,-0.89720059,-0.89838027,-0.9938511,-0.88935079,-0.98794501,2,"sitting"
-0.13100866,-0.10076801,0.16648313,-0.12120449,-0.97934327,-0.094444482,0.16251074,0.16651548,0.17429105,0.97261869,-0.36019198,0.88460768,-0.52494283,0.5217289,0.88465125,-0.95814272,-0.81589732,0.95776214,-0.51829937,-0.9486816,-0.88503827,-0.96727511,-0.30293031,0.87832495,-0.96122618,-0.73343328,-0.96122618,-0.99886043,-0.87913668,-0.98428816,2,"sitting"
-0.14914596,-0.10076801,0.17052513,-0.12711834,-0.97705941,-0.09101897,0.16251074,0.16163958,0.15283304,0.9774229,-0.3076527,0.88494692,-0.36998197,0.37452285,0.88463574,-0.99408438,-0.81653306,0.95789199,-0.3788409,-0.95185812,-0.85314316,-0.99282671,-0.29964963,0.84854692,-0.99413634,-0.65649269,-0.99413634,-0.99992273,-0.85379898,-0.99576092,2,"sitting"
-0.14230161,-0.09890195,0.16876519,-0.12454962,-0.978123,-0.092503207,0.16456624,0.16376124,0.15750938,0.9774229,-0.030991411,0.88503401,-0.42707747,0.46347083,0.88363233,-0.97224027,-0.81630166,0.95792518,-0.50009979,-0.95053776,-0.71346919,-0.97586742,-0.30089223,0.69212575,-0.97430484,-0.50986036,-0.97430484,-0.99941041,-0.68931086,-0.99679409,2,"sitting"
-0.13610347,-0.097006042,0.1646853,-0.11858919,-0.98046005,-0.094625396,0.16571353,0.16680067,0.15909301,0.97810295,0.11420366,0.88609492,-0.34093928,0.39063054,0.88363233,-0.97579019,-0.81710909,0.95832834,-0.44091979,-0.948613,-0.63142216,-0.97765245,-0.30818164,0.60246945,-0.97653588,-0.55512664,-0.97653588,-0.99948813,-0.59727923,-0.9960921,2,"sitting"
-0.13577218,-0.089239402,0.16099192,-0.11314063,-0.98256274,-0.095224918,0.16844841,0.16759019,0.15909301,0.97838464,-0.12871664,0.8860801,-0.038704647,0.14411236,0.8837541,-0.98886268,-0.81923121,0.95832272,-0.2514875,-0.9481152,-0.42514104,-0.9848568,-0.320879,0.37651643,-0.98682484,-0.51655498,-0.98682484,-0.99977971,-0.36469574,-0.99654403,2,"sitting"
-0.13577218,-0.092180934,0.16286024,-0.1158856,-0.98151989,-0.094111326,0.16762171,0.1660208,0.15735499,0.97785825,-0.45775913,0.88633371,-0.16342675,0.19674661,0.88386696,-0.98747473,-0.81914,0.95841903,-0.23058457,-0.94911806,-0.54084329,-0.98500297,-0.31743302,0.50169249,-0.98664528,-0.49821563,-0.98664528,-0.99977546,-0.49187827,-0.99743626,2,"sitting"
-0.14000448,-0.092180934,0.16543267,-0.11965332,-0.98009484,-0.095038291,0.16762171,0.16733906,0.1613844,0.97671668,-0.36984495,0.88421929,-0.19662498,0.21222277,0.88386696,-0.99300967,-0.81603304,0.95761533,-0.22801312,-0.94827095,-0.40356316,-0.99052306,-0.30522434,0.35108183,-0.99193657,-0.42628415,-0.99193657,-0.99988557,-0.33661585,-0.99721521,2,"sitting"
-0.14304944,-0.091841766,0.16529709,-0.11945235,-0.98017561,-0.097449744,0.16953392,0.17076173,0.1625567,0.97671668,-0.11999664,0.88221531,-0.3445095,0.35827663,0.88264745,-0.99556168,-0.81328296,0.95685371,-0.37215525,-0.94605887,-0.32615911,-0.99315211,-0.29808903,0.30227953,-0.99470667,-0.15859132,-0.99470667,-0.99993215,-0.32347902,-0.99700235,2,"sitting"
-0.14239661,-0.090966943,0.16489585,-0.11889701,-0.98039266,-0.098398665,0.17380799,0.17216278,0.16296815,0.97673975,-0.24672041,0.88284212,-0.50433924,0.5238997,0.88260635,-0.99622836,-0.81246328,0.95709207,-0.54352253,-0.94514684,-0.27179685,-0.99591507,-0.29539507,0.23221765,-0.99544433,-0.35303877,-0.99544433,-0.99994306,-0.24051714,-0.99716719,2,"sitting"
-0.14202037,-0.090656943,0.16457484,-0.11843093,-0.98057312,-0.098686839,0.17380799,0.17257908,0.16346906,0.97699206,-0.31994118,0.88292869,-0.58703611,0.61736506,0.88260635,-0.99239429,-0.81236543,0.957125,-0.64764692,-0.94487126,-0.11507561,-0.99019664,-0.29548505,0.058022607,-0.99087672,-0.41829105,-0.99087672,-0.99986557,-0.058523408,-0.99565991,2,"sitting"
-0.14134953,-0.090600962,0.16448246,-0.11826838,-0.98063593,-0.098613818,0.17342972,0.17243002,0.16346906,0.97619832,-0.2319363,0.88201729,-0.46957389,0.50550077,0.88238462,-0.98904718,-0.81252335,0.9567784,-0.54175962,-0.94496903,-0.33152995,-0.98616591,-0.29699126,0.28500149,-0.98890189,-0.41282549,-0.98890189,-0.99982584,-0.28174924,-0.99214609,2,"sitting"
-0.14010282,-0.090600962,0.16398324,-0.11752757,-0.98091889,-0.099164964,0.17342972,0.17319654,0.16526775,0.97614254,-0.34970241,0.88145559,-0.43587295,0.44911407,0.88305105,-0.98676218,-0.81224359,0.95656471,-0.4624253,-0.94445816,-0.21532213,-0.98845612,-0.29736575,0.14267864,-0.98765605,-0.38782555,-0.98765605,-0.99979865,-0.11955249,-0.99367118,2,"sitting"
-0.078510807,-0.14329905,0.18373087,-0.14664468,-0.96669672,-0.026895472,0.039874236,0.070036345,0.15715211,0.93633822,-0.74797369,0.91932281,-0.64658782,0.64306663,0.91096446,-0.84956542,-0.86162564,0.97078586,-0.63927736,-0.98894981,-0.9683286,-0.84611691,-0.46659975,0.96705282,-0.83813635,-0.97609089,-0.83813635,-0.98538005,-0.96790231,-0.91268816,2,"sitting"
-0.1532427,-0.14078875,0.18022531,-0.14167883,-0.97019945,-0.010719026,0.039874236,0.04680685,0.045642585,0.99047646,-0.51120119,0.93087652,-0.47450802,0.47319559,0.91096446,-0.94510476,-0.87494844,0.97523081,-0.47159031,-0.99656163,-0.85752984,-0.96165947,-0.53360856,0.843862,-0.94777267,-0.91734335,-0.94777267,-0.99811724,-0.83923152,-0.92615627,2,"sitting"
-0.1532427,-0.11439921,0.17643031,-0.13578742,-0.97322309,-0.013582326,0.047176766,0.050809506,0.045642585,0.99047646,-0.32301834,0.9219519,-0.60223352,0.60950839,0.8981933,-0.98545405,-0.87880243,0.97188567,-0.61636735,-0.99594159,-0.86877601,-0.98559696,-0.54534447,0.86007678,-0.98638468,-0.56925776,-0.98638468,-0.99976933,-0.8598934,-0.95229175,2,"sitting"
-0.15902753,-0.11453062,0.18039514,-0.14172722,-0.97049748,-0.0097746881,0.04250418,0.0453806,0.044282784,0.99184247,-0.16130945,0.92468669,-0.053635456,0.099098439,0.8981933,-0.99189473,-0.87512052,0.97291478,-0.14537996,-0.99683846,-0.46122482,-0.98986621,-0.54174178,0.41382396,-0.99004513,-0.33620269,-0.99004513,-0.99984913,-0.40090387,-0.98012591,2,"sitting"
-0.1607367,-0.11453062,0.18027308,-0.14153892,-0.97058836,-0.0066738552,0.042004942,0.04091304,0.035074939,0.99278574,0.2176942,0.92505882,0.052884573,0.14872546,0.89822104,-0.96910415,-0.87653614,0.97305475,-0.35141292,-0.99753469,-0.46528789,-0.96577124,-0.55392161,0.43532022,-0.96695181,-0.58987559,-0.96695181,-0.99912238,-0.44059087,-0.99121836,2,"sitting"
-0.15681833,-0.11365364,0.17762187,-0.13761653,-0.97241923,-0.0052651324,0.038513083,0.038872702,0.031735989,0.99278574,0.15537276,0.92565287,-0.075743325,0.25010905,0.89862574,-0.96958959,-0.88076754,0.97327809,-0.42635895,-0.9978088,-0.52400571,-0.96767871,-0.56959576,0.50527952,-0.96792516,-0.58025055,-0.96792516,-0.99916334,-0.51851593,-0.9890039,2,"sitting"
-0.15654499,-0.11855014,0.17667629,-0.13624316,-0.97304075,-0.0035035322,0.037068476,0.036339561,0.031151701,0.99313832,0.063391294,0.92687713,-0.25575988,0.3065178,0.89910179,-0.96055103,-0.88272488,0.9737383,-0.35718914,-0.99812969,-0.71319469,-0.96810688,-0.57920908,0.68774407,-0.96349439,-0.47357223,-0.96349439,-0.99896803,-0.68059171,-0.99058669,2,"sitting"
-0.15654499,-0.13600727,0.18459864,-0.14797011,-0.96718473,-0.0026957825,0.037004483,0.03520866,0.027580579,0.99157826,-0.026293944,0.92590501,-0.24091026,0.27815888,0.89910179,-0.96388178,-0.87182359,0.9733727,-0.31614536,-0.99826881,-0.73464761,-0.97534569,-0.55108808,0.70762414,-0.9669498,-0.33484681,-0.9669498,-0.99912194,-0.69732446,-0.99620511,2,"sitting"
-0.17148919,-0.13632347,0.19371662,-0.16143042,-0.96031561,-0.0028755193,0.035882371,0.035495106,0.027618654,0.99138738,0.079019454,0.92273474,-0.12169018,0.14907739,0.89889602,-0.98991368,-0.85885017,0.97218035,-0.17707999,-0.99823388,-0.56619639,-0.98867768,-0.51606247,0.52311336,-0.99001835,-0.33456406,-0.99001835,-0.99984864,-0.50747294,-0.99806719,2,"sitting"
-0.18215284,-0.13632347,0.19422446,-0.16212082,-0.95996496,-0.0018599145,0.034346436,0.034019738,0.027618654,0.99121436,-0.18586724,0.92110854,-0.13595732,0.16097775,0.89679103,-0.99052787,-0.85840806,0.97156856,-0.18519976,-0.99839902,-0.4538187,-0.98918079,-0.51930631,0.40803285,-0.99068099,-0.48306208,-0.99068099,-0.99986194,-0.39715085,-0.99901644,2,"sitting"
-0.18193138,-0.13267095,0.1924314,-0.15944776,-0.96144561,-0.0029492914,0.034346436,0.035579575,0.03228912,0.99121415,-0.10671355,0.92088698,-0.10383927,0.15418629,0.89679103,-0.985299,-0.86065314,0.97148516,-0.20444529,-0.99819952,-0.37465545,-0.98495556,-0.52255771,0.34586213,-0.98621185,-0.62887086,-0.98621185,-0.99976518,-0.35880397,-0.99636036,2,"sitting"
0.67676635,0.73349484,-0.48492763,0.72141371,0.054944816,-0.50500027,0.67450068,0.67577988,0.6672438,-0.67747582,-0.068182758,-0.95337166,-0.5904798,0.58930218,-0.65034883,-0.85730185,0.75146504,-0.69553313,-0.58800402,-0.11177442,-0.42697346,-0.84910495,0.45611117,0.40723083,-0.8434728,-0.79818665,-0.8434728,-0.98627289,-0.42579833,-0.95955156,2,"laying"
0.6752476,0.73033867,-0.4777379,0.71743485,0.043631744,-0.5071373,0.67633179,0.68079188,0.6707921,-0.67747582,-0.26626389,-0.9412147,-0.9043131,0.90696148,-0.78326747,-0.98075362,0.77405349,-0.72762928,-0.90927425,-0.098430755,-0.50591816,-0.97480229,0.5204175,0.50861951,-0.97908161,-0.33609639,-0.97908161,-0.99956992,-0.54613032,-0.98899427,2,"laying"
0.67049983,0.7278468,-0.47454684,0.71396105,0.033785182,-0.51168069,0.68409576,0.68526411,0.67410524,-0.67445601,0.14722432,-0.94432632,-0.45087682,0.44784883,-0.78343313,-0.99485329,0.76922237,-0.72085621,-0.4447335,-0.086467588,-0.38957278,-0.99219404,0.50990988,0.34495286,-0.99348713,-0.025549506,-0.99348713,-0.99991252,-0.33998728,-0.99436216,2,"laying"
0.66746776,0.72415376,-0.47179748,0.71111133,0.025757671,-0.51500862,0.68758886,0.68862349,0.67740538,-0.6631726,-0.24484203,-0.94551903,-0.56352498,0.56912467,-0.78343313,-0.99565194,0.76736275,-0.71824729,-0.57434049,-0.077410232,-0.23257363,-0.99586342,0.50613085,0.17015303,-0.99580527,-0.087249661,-0.99580527,-0.99994843,-0.15725398,-0.99459809,2,"laying"
0.6649491,0.72409163,-0.46910421,0.70859517,0.018684314,-0.51755066,0.69097429,0.69142117,0.67823439,-0.6633399,-0.26065453,-0.94481267,-0.18274828,0.22603417,-0.78512956,-0.99619873,0.7684684,-0.71982373,-0.27027744,-0.069844218,-0.25802159,-0.99482419,0.50980493,0.19253982,-0.99606864,-0.41246652,-0.99606864,-0.99995211,-0.17451206,-0.99846669,2,"laying"
0.66210538,0.72409163,-0.46801997,0.7081513,0.017438319,-0.51867231,0.69425115,0.69318963,0.68045934,-0.6633399,-0.22781831,-0.94469064,-0.21550405,0.26601972,-0.78678807,-0.99606117,0.76850983,-0.72009525,-0.3160554,-0.065040746,-0.19937608,-0.99437706,0.51384714,0.15355557,-0.9961654,-0.31884894,-0.9961654,-0.9999535,-0.15937451,-0.99931895,2,"laying"
0.66210538,0.72328048,-0.46745477,0.70791099,0.01676544,-0.5193305,0.69510132,0.69418107,0.68048241,-0.66316186,-0.1637505,-0.94481496,-0.36736445,0.41488566,-0.7865666,-0.99660012,0.76823087,-0.71981933,-0.46150837,-0.062343904,0.11112932,-0.99624683,0.51531316,-0.13240391,-0.99597466,-0.29687208,-0.99597466,-0.99995093,0.077290795,-0.99912262,2,"laying"
0.66196886,0.72296407,-0.46760962,0.70722564,0.014846727,-0.51935742,0.69383816,0.69341273,0.68048241,-0.66284203,0.37249338,-0.94541783,-0.55073942,0.55819532,-0.78057045,-0.99446875,0.76745833,-0.71847033,-0.56569107,-0.064434372,-0.11568558,-0.99266412,0.50880491,0.040320408,-0.99426977,-0.38358592,-0.99426977,-0.99992526,-0.021482311,-0.9982666,2,"laying"
0.6661201,0.72296407,-0.46991662,0.70885242,0.019412565,-0.51785124,0.69104546,0.6912159,0.6785464,-0.66261428,0.49690207,-0.94778302,-0.58968945,0.58828113,-0.77334464,-0.99479161,0.76371827,-0.71309112,-0.58667136,-0.070398404,-0.42644189,-0.99386005,0.49700862,0.37524492,-0.9943943,-0.16507772,-0.9943943,-0.99992728,-0.3606557,-0.99379769,2,"laying"
0.66616929,0.72482487,-0.47193093,0.71106611,0.025624916,-0.51643732,0.69104463,0.68994861,0.67791646,-0.65659123,0.57263884,-0.94951071,-0.60884041,0.60650528,-0.77334464,-0.99530731,0.76080887,-0.70914868,-0.60392044,-0.073834451,-0.34394983,-0.99463375,0.4920528,0.28061857,-0.99508494,-0.12184038,-0.99508494,-0.99993782,-0.25885207,-0.99346882,2,"laying"
0.66616929,0.72357813,-0.47023905,0.70956997,0.021425028,-0.51800576,0.69104463,0.69175181,0.67943094,-0.65642896,0.80722349,-0.94898497,-0.55044203,0.54690249,-0.77321047,-0.98115209,0.7616483,-0.71036516,-0.54308565,-0.068942173,-0.42583969,-0.98523601,0.49514736,0.37183488,-0.98382787,-0.35666349,-0.98382787,-0.9997056,-0.35404714,-0.98863415,2,"laying"
0.76817992,0.78120736,-0.54259223,0.7846827,0.24389036,-0.45808015,0.57988084,0.63285929,0.63316963,-0.59718055,0.74275622,-0.98359752,-0.97879745,0.98474189,-0.42313906,-0.87507951,0.67364632,-0.58922506,-0.99039251,-0.22143998,-0.91716582,-0.86495029,0.33050898,0.91315482,-0.84800241,-0.97082017,-0.84800241,-0.98700722,-0.91462601,-0.89528231,2,"laying"
0.72841933,0.78120736,-0.53710455,0.77009784,0.1984324,-0.46440597,0.62898756,0.63225034,0.63204253,-0.59516447,0.54056909,-0.98863046,-0.96438803,0.96437138,-0.61510704,-0.92244854,0.66836481,-0.58048716,-0.96396001,-0.22335995,-0.85724667,-0.94317583,0.2507781,0.84935292,-0.92681118,-0.59373679,-0.92681118,-0.99660192,-0.85083149,-0.92322436,2,"laying"
0.72557553,0.78397249,-0.53937363,0.77174741,0.20343925,-0.46349442,0.62898756,0.63096127,0.62107336,-0.51860666,0.23964645,-0.99321321,-0.95675212,0.95980845,-0.61510704,-0.97718751,0.65379537,-0.56016657,-0.96251323,-0.22660034,-0.21147471,-0.97814743,0.21273795,0.13487047,-0.97859325,-0.37950508,-0.97859325,-0.99955462,-0.108098,-0.96930965,2,"laying"
0.72524773,0.78516172,-0.53717273,0.77073753,0.20036194,-0.46556641,0.63348391,0.63399216,0.62107336,-0.51860666,0.06878929,-0.99269374,-0.60404494,0.60052482,-0.62144064,-0.98237801,0.65621855,-0.56364509,-0.59664863,-0.21910481,-0.24877203,-0.98314902,0.2247832,0.18515799,-0.98318868,-0.194411,-0.98318868,-0.99968809,-0.16965615,-0.98397821,2,"laying"
0.7232765,0.78516172,-0.53700498,0.77059469,0.19992584,-0.46597986,0.63580348,0.63445297,0.62233548,-0.51525028,-0.043705795,-0.99329906,-0.68700138,0.68449513,-0.62144064,-0.98831462,0.65358538,-0.55997593,-0.68165356,-0.21795928,-0.14425086,-0.98589815,0.21857107,0.078307217,-0.98774126,0.0088776201,-0.98774126,-0.99980031,-0.066956379,-0.99657519,2,"laying"
0.7232765,0.78463898,-0.53621417,0.77026141,0.19891271,-0.46672444,0.63593901,0.63556832,0.62267582,-0.51415862,0.043449204,-0.99309711,-0.72351584,0.72122698,-0.61916969,-0.98075496,0.654469,-0.56124794,-0.7186086,-0.21518224,-0.060406873,-0.98011407,0.22309228,-0.01229379,-0.98187916,-0.083127409,-0.98187916,-0.99965251,0.024739814,-0.99626563,2,"laying"
0.72248831,0.78463898,-0.53617578,0.76955427,0.19676149,-0.46711257,0.63686949,0.63545798,0.62267582,-0.51415862,0.22645139,-0.9939418,-0.70626995,0.70404542,-0.61584922,-0.98076203,0.65047121,-0.55560372,-0.70145533,-0.21545759,0.014715091,-0.98081338,0.21002363,-0.089497058,-0.98188915,-0.24202122,-0.98188915,-0.99965278,0.098911957,-0.99476212,2,"laying"
0.72185779,0.7833631,-0.53596492,0.76906401,0.19527298,-0.46741584,0.63686949,0.63554937,0.62292929,-0.50734466,0.3746602,-0.9941773,-0.87168283,0.87443603,-0.61584922,-0.97954206,0.6494678,-0.55417483,-0.87682243,-0.21522952,0.014631172,-0.97747339,0.2061888,-0.094809748,-0.97939746,-0.14301462,-0.97939746,-0.99957969,0.11010395,-0.99381149,2,"laying"
0.72222194,0.7833631,-0.53542605,0.76874208,0.19429548,-0.46806374,0.63754109,0.63638767,0.62292929,-0.50734466,0.31169461,-0.9943491,-0.72281502,0.72037353,-0.6027739,-0.97227619,0.64840726,-0.55271292,-0.71763397,-0.21314072,-0.0533793,-0.97965329,0.20474343,-0.025963672,-0.97458534,0.057001004,-0.97458534,-0.99942075,0.044717141,-0.99575355,2,"laying"
0.72236069,0.78344821,-0.53656732,0.76948547,0.19655332,-0.46748793,0.6365836,0.63553833,0.62286178,-0.50548692,0.38366765,-0.99586122,-0.68322633,0.6801931,-0.60089814,-0.98105261,0.64027736,-0.54135944,-0.67684781,-0.21525716,-0.17283436,-0.98103371,0.18266062,0.11378262,-0.98126334,-0.39334772,-0.98126334,-0.99963501,-0.10843811,-0.99602424,2,"laying"
0.72236069,0.78195599,-0.5355095,0.76868403,0.19412207,-0.46858585,0.6365836,0.63685569,0.62742559,-0.49537075,0.30742442,-0.99587756,-0.82402103,0.82490453,-0.60089814,-0.98122143,0.64031892,-0.54142899,-0.82540264,-0.21196064,-0.16175761,-0.97876565,0.18413804,0.095192901,-0.98222938,-0.36849871,-0.98222938,-0.99966239,-0.08266463,-0.99408425,2,"laying"
0.72110394,0.78192019,-0.53330725,0.76711883,0.1893729,-0.4709591,0.63809886,0.63977993,0.6275353,-0.49537075,0.32232773,-0.99602987,-0.72610806,0.72366145,-0.58731199,-0.97143283,0.6391272,-0.53980076,-0.72093559,-0.20464965,0.28593075,-0.98026569,0.18457035,-0.40528643,-0.97479885,-0.12679574,-0.97479885,-0.99942853,0.44284057,-0.99492675,2,"laying"
0.72117764,0.78192019,-0.53444084,0.76781001,0.19146887,-0.4703734,0.63889704,0.63887995,0.6275353,-0.49211331,0.5519455,-0.9974998,-0.69630101,0.69317618,-0.58442186,-0.97956176,0.62931891,-0.5260992,-0.68972728,-0.20690395,0.16337276,-0.98172259,0.15769525,-0.26920653,-0.98152474,-0.28539427,-0.98152474,-0.99964256,0.30125241,-0.99528303,2,"laying"
-0.35132893,-0.33515052,0.32198559,-0.34745672,-0.79051447,0.0081340507,0.014912837,0.019693368,0.015382215,0.92390006,-0.14631121,0.78641569,-0.56773307,0.61716378,0.86002908,-0.57722126,-0.67569317,0.91990897,-0.66670556,-0.99958385,-0.25063414,-0.46527441,-0.15362473,0.24076008,-0.44353865,-0.42547633,-0.44353865,-0.84108929,-0.2821477,-0.60391263,2,"walking"
-0.357584,-0.32863525,0.32572865,-0.35173678,-0.78518317,0.0044592617,0.021215559,0.024970325,0.024414776,0.92390006,-0.22746507,0.76914576,-0.50456509,0.57475416,0.84990193,-0.56717287,-0.67000918,0.91317298,-0.64481564,-0.99921642,-0.14254038,-0.4137015,-0.14085424,0.16149249,-0.43868662,-0.41239739,-0.43868662,-0.83834805,-0.24036018,-0.64790504,2,"walking"
-0.36558361,-0.3245199,0.32474698,-0.3520701,-0.78478998,0.0010023092,0.02455349,0.03009841,0.026359101,0.92707332,-0.31885611,0.78873156,-0.49628397,0.56306764,0.85692964,-0.58529069,-0.67110087,0.92082397,-0.62882445,-0.99877616,0.19884851,-0.47127472,-0.11153406,-0.19588361,-0.41638152,-0.38292126,-0.41638152,-0.8254847,0.11511181,-0.59528393,2,"walking"
-0.36455804,-0.3245199,0.3243482,-0.35238246,-0.78438286,0.0032956726,0.018540817,0.02681797,0.026359101,0.9368834,-0.29187575,0.79904183,-0.5416272,0.59813688,0.85692964,-0.61447491,-0.67190374,0.9248589,-0.65347778,-0.99903556,0.12311713,-0.51704304,-0.11169247,-0.11673166,-0.44905304,-0.45635851,-0.44905304,-0.84414031,0.037377577,-0.56821464,2,"walking"
-0.36074047,-0.32373788,0.32143809,-0.34798633,-0.79000073,0.0067035918,0.018540817,0.021833768,0.015629436,0.9368834,-0.19057031,0.80135424,-0.55652309,0.61235926,0.86463102,-0.62108306,-0.6763907,0.92575074,-0.66765359,-0.99946661,-0.078896002,-0.54024506,-0.13523383,0.092947996,-0.51999786,-0.32141129,-0.51999786,-0.88100048,-0.16748476,-0.6323751,2,"walking"
-0.36074047,-0.3252523,0.320067,-0.34693153,-0.79135246,0.0046100434,0.020271565,0.024936703,0.021197755,0.93391807,-0.1215956,0.81325585,-0.51049482,0.57458996,0.86507665,-0.60631309,-0.67821154,0.93036735,-0.63880629,-0.99923995,-0.13308208,-0.53259505,-0.12092954,0.15082602,-0.49456952,-0.35650804,-0.49456952,-0.86842671,-0.22756234,-0.63696173,2,"walking"
-0.36218137,-0.32595648,0.3243839,-0.35116104,-0.78594648,0.0027547682,0.026832997,0.027523213,0.021197755,0.92443936,-0.022547702,0.78538863,-0.47318745,0.53528773,0.86507665,-0.59051964,-0.67180167,0.9194876,-0.59737246,-0.99904728,-0.066500021,-0.51003291,-0.1234536,0.092808523,-0.47067775,-0.31755811,-0.47067775,-0.85593557,-0.18349795,-0.6052001,2,"walking"
-0.35749289,-0.32595648,0.3224511,-0.34765802,-0.79038045,0.0046438518,0.020936103,0.024733323,0.019836413,0.92443936,-0.049576548,0.78040915,-0.46502989,0.522683,0.85660672,-0.57498276,-0.67476577,0.91756393,-0.57959671,-0.99925485,-0.017222692,-0.4773091,-0.14412033,0.053365343,-0.45233848,-0.34146978,-0.45233848,-0.84597542,-0.15713411,-0.64452453,2,"walking"
-0.35604537,-0.31566959,0.31707862,-0.34119533,-0.79857715,0.0054758057,0.020936103,0.023588684,0.019706013,0.93689588,-0.22429901,0.8017155,-0.42057428,0.4786388,0.85660672,-0.56893256,-0.68260583,0.92590036,-0.53505401,-0.9993406,0.079402233,-0.51201432,-0.14869863,-0.062761445,-0.45187902,-0.35379254,-0.45187902,-0.84570991,-0.026477068,-0.62331839,2,"walking"
-0.35604537,-0.31361214,0.31775112,-0.34217954,-0.79734351,0.0053125232,0.022863717,0.02382803,0.019706013,0.94033818,-0.14734294,0.80093084,-0.37174446,0.42893295,0.85511269,-0.5937211,-0.68161979,0.92559833,-0.48325122,-0.99933094,0.20162548,-0.5572716,-0.14596711,-0.201339,-0.45085553,-0.39300277,-0.45085553,-0.84504764,0.12116836,-0.46302865,2,"walking"
-0.34704238,-0.31348604,0.31482938,-0.33813924,-0.8023078,0.0060049284,0.018660265,0.022825926,0.020623769,0.94136903,-0.079492836,0.80694799,-0.44342396,0.50398499,0.85859866,-0.58948303,-0.68590157,0.92793552,-0.56300603,-0.99938673,0.018358543,-0.50294109,-0.15512242,0.0031562104,-0.44368488,-0.42054297,-0.44368488,-0.84106914,-0.094972866,-0.39173252,2,"walking"
-0.34704238,-0.31640976,0.3154051,-0.33812038,-0.80232007,0.0034817953,0.018660265,0.026442976,0.023719925,0.92847199,-0.13146758,0.79641411,-0.5796025,0.64658401,0.85859866,-0.61477125,-0.68485322,0.92382126,-0.71350683,-0.99908786,0.079105795,-0.49109213,-0.15342013,-0.050591866,-0.43738301,-0.29313613,-0.43738301,-0.83747019,-0.052979348,-0.53782042,2,"walking"
-0.35524841,-0.31687192,0.32096711,-0.34412649,-0.79489124,0.0019613464,0.023752218,0.028520145,0.023719925,0.92086616,-0.30295676,0.76692635,-0.54708069,0.60824815,0.85364948,-0.61424602,-0.67666371,0.91229101,-0.6695606,-0.99894556,0.14647214,-0.46048867,-0.15373146,-0.13368225,-0.40656078,-0.32530721,-0.40656078,-0.81940786,0.043313815,-0.58834845,2,"walking"
-0.35746507,-0.31687192,0.31957105,-0.34381543,-0.79529276,0.0050876129,0.021984218,0.024102024,0.021198419,0.92086616,-0.38274802,0.78773002,-0.47291407,0.53286927,0.86403758,-0.60807077,-0.67896871,0.92038307,-0.59266183,-0.99929625,0.07763239,-0.46475051,-0.15082116,-0.089804713,-0.45172781,-0.42035503,-0.45172781,-0.84550089,0.031826312,-0.56183486,2,"walking"
-0.35634779,-0.31423063,0.31609249,-0.34177046,-0.79786253,0.0026985759,0.021984218,0.027762863,0.027254816,0.94380256,-0.30023907,0.82522781,-0.43516692,0.50366666,0.86403758,-0.64768601,-0.6837842,0.93501171,-0.57088873,-0.99893937,0.090522503,-0.54338617,-0.11846249,-0.10934947,-0.50300025,-0.41078007,-0.50300025,-0.87269692,0.057422752,-0.62251755,2,"walking"
-0.34841752,-0.34659003,0.32158558,-0.34763121,-0.79003797,0.012153334,0.011200025,0.013877152,0.016292033,0.92651708,-0.15597858,0.79536133,-0.59144794,0.64006441,0.86319382,-0.58980347,-0.67646912,0.92339513,-0.68878894,-0.99981714,-0.38845154,-0.52191409,-0.16198854,0.36555449,-0.47690441,-0.48496866,-0.47690441,-0.8592576,-0.38342634,-0.60229325,2,"walking"
-0.34867276,-0.33343484,0.32592759,-0.35292961,-0.78342812,0.011315604,0.011200025,0.015072697,0.015168816,0.92705113,-0.3055359,0.77903127,-0.41736931,0.48473581,0.85996353,-0.59832529,-0.67014878,0.91703645,-0.55111346,-0.99978476,-0.29520784,-0.51483911,-0.1566329,0.30839062,-0.44172461,-0.32707101,-0.44172461,-0.8400117,-0.37097803,-0.57695964,2,"walking"
-0.36736382,-0.33343484,0.32915689,-0.35755328,-0.77764815,0.0075985523,0.016847416,0.020471249,0.018090317,0.92705113,-0.25163801,0.77407277,-0.32862504,0.40275814,0.84631057,-0.65181305,-0.66527942,0.91511272,-0.47266144,-0.99953658,-0.085928423,-0.5344618,-0.13335071,0.10498376,-0.49046433,-0.36887805,-0.49046433,-0.86629298,-0.18556631,-0.53413501,2,"walking"
-0.35822063,-0.32513298,0.32312976,-0.34883514,-0.7888873,0.0014606072,0.021934491,0.02936331,0.031678509,0.93382744,-0.22850629,0.78121517,-0.40431386,0.46963718,0.84631057,-0.65393685,-0.67348632,0.91791373,-0.53141052,-0.9987699,-0.15377442,-0.5303441,-0.12787943,0.18496505,-0.51915064,-0.40392972,-0.51915064,-0.8806491,-0.27469944,-0.55468606,2,"walking"
-0.35764517,-0.31865493,0.3199402,-0.34407411,-0.79496704,-0.0021890353,0.029642237,0.034632273,0.031678509,0.93382744,-0.28605314,0.78316815,-0.28689455,0.35788998,0.84947583,-0.56668953,-0.67767153,0.91867588,-0.42379682,-0.99830231,0.038392539,-0.45523668,-0.12526395,-0.0060258331,-0.43908817,-0.46605001,-0.43908817,-0.83857319,-0.097964314,-0.67778956,2,"walking"
-0.35764517,-0.3227446,0.3228076,-0.34874928,-0.78902016,0.0018957087,0.020014926,0.028757953,0.026906549,0.93585132,-0.25446562,0.78578265,-0.23122151,0.29611961,0.84947583,-0.53424141,-0.67399649,0.91969806,-0.35561369,-0.9988731,0.20196582,-0.48182476,-0.12629899,-0.17736544,-0.41030391,-0.46039611,-0.41030391,-0.82188443,0.072226372,-0.61391491,2,"walking"
-0.36582442,-0.32413545,0.32519581,-0.35224337,-0.78457298,0.0056664328,0.020014926,0.023289529,0.019917355,0.93550186,-0.2681181,0.78349389,-0.30888832,0.37119377,0.84937665,-0.57103699,-0.67087681,0.91880373,-0.42946451,-0.9993557,0.22858113,-0.49633677,-0.13314213,-0.22704366,-0.42895452,-0.37539559,-0.42895452,-0.83279552,0.14595104,-0.5212868,2,"walking"
-0.36286276,-0.32413545,0.32295709,-0.34914283,-0.78853642,0.0059140626,0.0215665,0.022932528,0.018695248,0.93550186,-0.30418485,0.78792595,-0.31142411,0.37352493,0.85080117,-0.60456552,-0.67413485,0.92053299,-0.43235371,-0.99939512,0.12965451,-0.48753899,-0.13919068,-0.13452662,-0.43716294,-0.38346463,-0.43716294,-0.8374963,0.066802782,-0.58275353,2,"walking"
-0.36286276,-0.31804556,0.32222961,-0.34748446,-0.79066958,0.0054258597,0.022535432,0.023607305,0.018695248,0.93351585,-0.25481191,0.78227587,-0.24921509,0.31853127,0.85080117,-0.59499256,-0.67514974,0.91832348,-0.38332534,-0.99934663,0.036503039,-0.49299278,-0.14613987,-0.028785515,-0.4581262,-0.42064999,-0.4581262,-0.8491697,-0.044626764,-0.56710238,2,"walking"
-0.36102794,-0.32349302,0.32205994,-0.34800133,-0.7900002,0.0052350496,0.022535432,0.023925932,0.018527482,0.93351585,-0.22389883,0.79078339,-0.39228484,0.45913831,0.85954087,-0.56224364,-0.67538005,0.92162708,-0.52405024,-0.99932889,-0.14645811,-0.45940611,-0.13753224,0.18134009,-0.42305286,-0.38230118,-0.42305286,-0.82939088,-0.2757104,-0.49857766,2,"walking"
-0.36102794,-0.33455454,0.32573161,-0.35484126,-0.78109056,0.0056766499,0.021939643,0.023371871,0.018371731,0.9347488,-0.2442152,0.80228911,-0.52046039,0.57972483,0.85954087,-0.59100657,-0.67010234,0.92611255,-0.63859653,-0.99936974,-0.12258833,-0.49872492,-0.11181283,0.13653237,-0.46281345,-0.34531065,-0.46281345,-0.85167022,-0.21082679,-0.58227951,2,"walking"
-0.36774769,-0.33455454,0.32828942,-0.35727178,-0.77798839,0.004819561,0.021939643,0.024557592,0.020981042,0.9344234,-0.23493923,0.78520645,-0.5003979,0.55790237,0.85915295,-0.56395396,-0.66633437,0.91945968,-0.61404711,-0.99927177,0.025228149,-0.47432589,-0.1148372,-0.0091310379,-0.43737623,-0.42467673,-0.43737623,-0.83753219,-0.077265292,-0.60829265,2,"walking"
-0.36774769,-0.32740989,0.32610596,-0.35313681,-0.78341858,0.0046907302,0.021746569,0.024684898,0.020981042,0.9344234,-0.30379829,0.77771473,-0.26515864,0.33719092,0.84466029,-0.49577365,-0.6694826,0.91654519,-0.40395367,-0.9992641,0.18643819,-0.38627748,-0.13133042,-0.15984026,-0.32690908,-0.38378746,-0.32690908,-0.76861402,0.052797021,-0.67371617,2,"walking"
-0.36891949,-0.3366431,0.32929838,-0.35847392,-0.77640883,0.0069841188,0.019306403,0.02139666,0.015062095,0.93534803,-0.39705637,0.78130812,-0.057327289,0.12859175,0.84555865,-0.49460403,-0.66503453,0.91795101,-0.19179203,-0.9994991,0.1021827,-0.42900301,-0.12291996,-0.093937065,-0.36508932,-0.34560868,-0.36508932,-0.79404047,0.012059673,-0.60793803,2,"walking"
-0.3707697,-0.33962336,0.33304734,-0.36393656,-0.76918989,0.0080196232,0.019306403,0.019898263,0.01319366,0.93255016,-0.2643371,0.77676362,-0.1828077,0.2508971,0.84555865,-0.59411728,-0.6596739,0.91617182,-0.31304169,-0.99959209,-0.057233194,-0.51886441,-0.11551063,0.060264128,-0.45901282,-0.33627779,-0.45901282,-0.84959492,-0.1269377,-0.56560892,2,"walking"
-0.35864324,-0.3431272,0.32981976,-0.35208513,-0.78461112,0.0044012476,0.008899397,0.024746154,0.027783416,0.90183245,-0.61579322,0.70662822,-0.51498547,0.56120268,0.82536186,-0.18323706,-0.66408624,0.88843472,-0.60526809,-0.99904851,-0.2815482,0.035430428,-0.18807745,0.27828267,0.015076704,-0.13332453,0.015076704,-0.47974106,-0.32439265,-0.80059441,2,"walking_downstairs"
-0.36616124,-0.34820765,0.33682598,-0.36687719,-0.76501623,0.0072049936,0.0003271293,0.020979978,0.027783416,0.90183245,-0.72649316,0.7466052,-0.63216566,0.67833682,0.8632786,-0.2017641,-0.65415376,0.90415426,-0.72418534,-0.99912538,-0.43236005,-0.061465214,-0.1210931,0.46388665,-0.0090930802,-0.36590235,-0.0090930802,-0.50394376,-0.53643955,-0.7679749,2,"walking_downstairs"
-0.360295,-0.34820765,0.3343425,-0.36635024,-0.76569535,0.017117146,-0.001731385,0.0066570617,0.021916504,0.91762023,-0.79205922,0.78101589,-0.62574595,0.67720142,0.8632786,-0.15828865,-0.65809023,0.91778589,-0.72865566,-0.99982126,-0.19727708,0.1591579,-0.12454604,0.23382644,0.088837152,-0.41365667,0.088837152,-0.40221158,-0.32764367,-0.45526496,2,"walking_downstairs"
-0.35051934,-0.33941306,0.32173046,-0.3467214,-0.79141218,0.012499478,-0.001731385,0.013347324,0.024384482,0.92250734,-0.74206284,0.78303403,-0.63712884,0.68710435,0.85933206,-0.098392525,-0.67627143,0.9185801,-0.73683954,-0.99956591,-0.11305552,0.11219372,-0.1650969,0.11450235,0.068951035,-0.23376402,0.068951035,-0.42364322,-0.17635698,-0.43323619,2,"walking_downstairs"
-0.35051934,-0.32760475,0.32281328,-0.34639809,-0.79187851,0.010090114,0.0090859545,0.016778253,0.024384482,0.90015177,-0.66194419,0.76145861,-0.67518025,0.72050881,0.85933206,-0.27272499,-0.67460328,0.91002736,-0.76598517,-0.99958548,-0.25757821,-0.031961513,-0.18329068,0.26879328,-0.080181111,-0.32409208,-0.080181111,-0.57193001,-0.33097374,-0.43178422,2,"walking_downstairs"
-0.35204937,-0.32760475,0.32939676,-0.35102716,-0.78599529,0.012226615,0.0090859545,0.013588363,0.011704337,0.89528772,-0.65608357,0.70316793,-0.6383938,0.68930818,0.85410561,-0.031621259,-0.66515912,0.88698853,-0.74043974,-0.99983818,-0.31289171,0.079061052,-0.22354579,0.3248168,0.14366311,0.089181087,0.14366311,-0.3406352,-0.38417709,-0.17604301,2,"walking_downstairs"
-0.35204937,-0.32566112,0.32386557,-0.34333335,-0.79578025,0.015887383,-0.012132556,0.0083803748,0.011704337,0.89528772,-0.6508824,0.71159816,-0.55956553,0.61737612,0.83026428,0.037997442,-0.67325704,0.8903736,-0.67434446,-0.99976875,-0.30686835,0.27522202,-0.2344084,0.32618462,0.23288951,-0.087435718,0.23288951,-0.23463173,-0.39346412,-0.080935733,2,"walking_downstairs"
-0.3530619,-0.31124948,0.32150172,-0.33991253,-0.80017877,0.022930283,-0.012132556,-0.0016320651,0.0025292005,0.89313767,-0.71398277,0.71366362,-0.54835861,0.61385102,0.83026428,-0.05629937,-0.67661019,0.89120341,-0.67796491,-0.99976623,-0.16118394,0.25141779,-0.24214142,0.23397253,0.17545204,-0.33308029,0.17545204,-0.30415065,-0.3658633,-0.6470301,2,"walking_downstairs"
-0.35769389,-0.32672102,0.3258373,-0.34434033,-0.79459976,0.019945269,-0.01141666,0.0026251368,0.005782166,0.89313767,-0.69576425,0.69046305,-0.54561638,0.60183326,0.82369778,-0.19229921,-0.67039855,0.88196458,-0.65693494,-0.99985114,-0.28722511,0.024445319,-0.25311821,0.35790446,0.055442041,-0.16981972,0.055442041,-0.43797331,-0.48132054,-0.73804898,2,"walking_downstairs"
-0.32583582,-0.31784538,0.30981341,-0.32296931,-0.82019473,0.18160098,-0.25769463,-0.22463514,-0.20590338,0.87461061,-0.61046642,0.62942987,-0.49697064,0.55594872,0.79732751,-0.13512115,-0.61407033,0.85725469,-0.61304518,-0.89445826,-0.37095006,0.10162056,0.23705771,0.35327199,0.048339148,-0.53889908,0.048339148,-0.44545718,-0.37730054,-0.68521879,2,"walking_downstairs"
-0.32583582,-0.29401483,0.30394462,-0.31591962,-0.82881955,0.19853983,-0.25903871,-0.24890684,-0.23426884,0.87461061,-0.57059063,0.63015278,-0.25378023,0.33175951,0.78826036,-0.088871263,-0.6055727,0.85755178,-0.40266114,-0.87154215,-0.25835825,0.023322193,0.28334041,0.25534691,0.095871167,-0.528439,0.095871167,-0.39445964,-0.30118175,-0.66029638,2,"walking_downstairs"
-0.31303213,-0.29401483,0.30008317,-0.31161616,-0.83355635,0.19804643,-0.25903871,-0.2491606,-0.24196701,0.87801187,-0.43883977,0.64870623,-0.34146853,0.40866341,0.80784968,-0.096690491,-0.61045315,0.86509095,-0.47263393,-0.8714195,-0.073241183,0.19211371,0.28682931,0.043623357,0.16740463,-0.30504843,0.16740463,-0.31368818,-0.074022844,-0.24157829,2,"walking_downstairs"
-0.31303213,-0.30495136,0.29978027,-0.31171608,-0.83335855,0.19594226,-0.25758855,-0.24669583,-0.24196701,0.87874625,-0.50110904,0.65767498,-0.48541595,0.55045154,0.80784968,-0.011516083,-0.61278633,0.86873654,-0.61382612,-0.87395747,-0.16517972,0.26605792,0.28752486,0.15755754,0.22432653,-0.36040701,0.22432653,-0.24573929,-0.20636109,0.13568836,2,"walking_downstairs"
-0.31999775,-0.30568241,0.30837078,-0.32366852,-0.81969291,0.20269931,-0.26049431,-0.25600458,-0.24967187,0.86892509,-0.662252,0.63519186,-0.50813289,0.58613273,0.80027477,0.078747899,-0.59657412,0.85958679,-0.66269058,-0.86457046,-0.1974761,0.49984733,0.32726229,0.22945843,0.31307906,-0.3301705,0.31307906,-0.13338306,-0.31875318,-0.069940731,2,"walking_downstairs"
-0.31762624,-0.30568241,0.30394886,-0.31712472,-0.82719803,0.21186767,-0.2831858,-0.26834748,-0.26199308,0.86892509,-0.70669099,0.62601423,-0.43843768,0.50618845,0.78773904,0.016905492,-0.59277255,0.85585592,-0.57100223,-0.85132216,-0.26132006,0.34646792,0.33529871,0.26050798,0.25066426,-0.38713391,0.25066426,-0.21311498,-0.30976362,-0.0099679469,2,"walking_downstairs"
-0.31762624,-0.30140667,0.30354333,-0.31632798,-0.8281513,0.22251115,-0.29370753,-0.28276642,-0.26709341,0.84272689,-0.68656216,0.60967287,-0.51974142,0.5953029,0.78773904,0.00882652,-0.58264552,0.84910036,-0.67013453,-0.8353907,-0.4927933,0.20243416,0.35867295,0.51840353,0.23800428,-0.4071585,0.23800428,-0.22878301,-0.58035267,-0.65425632,2,"walking_downstairs"
-0.33573579,-0.30140667,0.31095705,-0.3247456,-0.81852964,0.22811168,-0.29534956,-0.28859649,-0.28547721,0.84260458,-0.58441553,0.57045156,-0.50210058,0.58730347,0.78326185,0.078178156,-0.56884495,0.83288545,-0.67220264,-0.82874936,-0.17863968,0.27472436,0.36593004,0.23555749,0.32398953,-0.38262594,0.32398953,-0.1190445,-0.35124652,-0.58955683,2,"walking_downstairs"
-0.27876267,-0.25953073,0.27311583,-0.27065994,-0.87673603,0.32831842,-0.45692704,-0.41948411,-0.40897764,0.7898002,-0.45691399,0.43938381,-0.48767563,0.57565416,0.72163607,0.21403711,-0.49125696,0.77714742,-0.66203334,-0.64215555,-0.35071129,0.3320811,0.46161426,0.36193869,0.39555447,-0.61607249,0.39555447,-0.022004055,-0.41852429,-0.51144751,2,"walking_downstairs"
-0.28118169,-0.25379297,0.27488244,-0.27575092,-0.87181403,0.32390045,-0.42567522,-0.41810985,-0.40998976,0.79140035,-0.39168359,0.47554036,-0.50829007,0.59120864,0.73689157,-0.061789364,-0.49524857,0.79274717,-0.67344567,-0.6448177,-0.31846487,0.055222806,0.50176465,0.32185616,0.10486274,-0.56721837,0.10486274,-0.38461032,-0.37175756,-0.31824045,2,"walking_downstairs"
-0.27572888,-0.25233106,0.26866093,-0.26850962,-0.87885801,0.32723062,-0.434418,-0.42510743,-0.42191105,0.80340036,-0.44558064,0.49555796,-0.46031226,0.55405254,0.73967282,-0.12884513,-0.49626633,0.80133805,-0.6482966,-0.63301324,-0.22525388,0.080916999,0.51731785,0.21365415,0.089330924,-0.5453135,0.089330924,-0.40096068,-0.25346612,-0.11051457,2,"walking_downstairs"
-0.27572888,-0.26192891,0.27252586,-0.27114646,-0.87617965,0.32452799,-0.434418,-0.41679552,-0.3998412,0.79154721,-0.52829225,0.46274433,-0.52365746,0.60581777,0.73967282,0.024646747,-0.49644188,0.78719278,-0.68848557,-0.64669507,-0.37454151,0.19375937,0.47506795,0.37459907,0.27702134,-0.56643069,0.27702134,-0.17898155,-0.41654786,-0.45591331,2,"walking_downstairs"
-0.26486057,-0.26192891,0.27015401,-0.26820707,-0.87882372,0.31336183,-0.42020164,-0.40293275,-0.3998412,0.79154721,-0.51592112,0.49240067,-0.52368322,0.58684636,0.76564438,0.20958447,-0.51218337,0.79970867,-0.65023965,-0.66976431,-0.39722903,0.56904654,0.45411074,0.39750562,0.44932885,-0.52279254,0.44932885,0.054395697,-0.43897299,-0.027127755,2,"walking_downstairs"
-0.26486057,-0.25109896,0.26236983,-0.25958826,-0.88723233,0.31833366,-0.43258295,-0.41351894,-0.40113152,0.80068029,-0.43866919,0.52208645,-0.50576145,0.56528062,0.76564438,0.015255862,-0.51242655,0.81247038,-0.62516061,-0.65218236,-0.37414991,0.26777003,0.4835324,0.38045173,0.25441562,-0.56090303,0.25441562,-0.2085269,-0.43041555,-0.097622175,2,"walking_downstairs"
-0.26508727,-0.26797185,0.27497412,-0.27653834,-0.8706669,0.33117477,-0.43258295,-0.4286658,-0.41793896,0.7957209,-0.31797897,0.46864398,-0.46264842,0.56068382,0.75221036,-0.044549273,-0.48617162,0.78972988,-0.65992802,-0.62693706,-0.26301036,0.11696173,0.52630713,0.27890501,0.18195368,-0.46067193,0.18195368,-0.29644039,-0.3462798,-0.52485742,2,"walking_downstairs"
-0.40824172,-0.39716592,0.36834089,-0.41459246,-0.69645548,0.04926347,-0.15660961,-0.040303941,0.018709151,0.87263041,-0.43848983,0.72028193,-0.69340334,0.733841,0.83755232,-0.43925574,-0.60615195,0.89378375,-0.77433788,-0.98936145,-0.43633906,-0.2994446,0.085320991,0.43052041,-0.2729147,-0.85301889,-0.2729147,-0.73096678,-0.46244717,-0.72659778,2,"walking_upstairs"
-0.43017552,-0.41493497,0.38013757,-0.42820127,-0.67534826,0.1179074,-0.2080054,-0.1392346,0.0092066555,0.84479123,-0.47145716,0.64106003,-0.70460914,0.74235926,0.81966646,-0.4157344,-0.56607456,0.86182968,-0.78004776,-0.94792124,-0.39153296,-0.2388022,0.305238,0.38455595,-0.24174371,-0.81996492,-0.24174371,-0.70773865,-0.41782551,-0.72839526,2,"walking_upstairs"
-0.4432336,-0.41535631,0.3894115,-0.44034311,-0.65590505,0.1706424,-0.2317842,-0.21438702,-0.16903195,0.82891315,-0.36315216,0.56915775,-0.71475551,0.75237195,0.77876014,-0.44159804,-0.52174637,0.83231477,-0.78966044,-0.90362344,-0.36411152,-0.33689757,0.48045805,0.34999708,-0.33297165,-0.79127878,-0.33297165,-0.77298066,-0.37704208,-0.58053829,2,"walking_upstairs"
-0.43080462,-0.41535631,0.38736001,-0.43545486,-0.66367846,0.18117879,-0.2346722,-0.22813074,-0.21871873,0.82891315,-0.32017427,0.54565003,-0.65011018,0.68602739,0.76007152,-0.47471666,-0.51687114,0.82253955,-0.72143588,-0.89183856,-0.45984147,-0.25408608,0.48511049,0.44539996,-0.31166471,-0.61107472,-0.31166471,-0.7584013,-0.46628158,-0.24208182,2,"walking_upstairs"
-0.43080462,-0.40687336,0.38135153,-0.42694058,-0.67744278,0.18548895,-0.25359792,-0.23396567,-0.21991018,0.82923041,-0.4076333,0.54993807,-0.58745803,0.63142588,0.76007152,-0.40656587,-0.52145904,0.82434606,-0.674603,-0.88611242,-0.51296689,-0.28328463,0.48105416,0.50934268,-0.21625802,-0.71390468,-0.21625802,-0.68787386,-0.53815754,-0.3807874,2,"walking_upstairs"
-0.42140845,-0.40069283,0.37763863,-0.42264572,-0.68409674,0.20415881,-0.28827158,-0.26057755,-0.21991018,0.81996931,-0.34808547,0.53965422,-0.63628168,0.67960727,0.7552408,-0.49308938,-0.51136534,0.82002484,-0.72245547,-0.85869886,-0.43827491,-0.32569733,0.5321903,0.41246285,-0.29473591,-0.74026218,-0.29473591,-0.74614393,-0.42285204,-0.41224027,2,"walking_upstairs"
-0.42140845,-0.40187185,0.37415471,-0.41797861,-0.69131835,0.22722167,-0.31093228,-0.2927227,-0.26379513,0.8137049,-0.26429991,0.51512868,-0.61626753,0.64994738,0.75029197,-0.48613635,-0.4957566,0.80965575,-0.68289486,-0.82353103,-0.52965192,-0.29428069,0.58547123,0.50901643,-0.33428275,-0.67999407,-0.33428275,-0.77384558,-0.51879743,-0.28079242,2,"walking_upstairs"
-0.41181598,-0.40187185,0.36952567,-0.41122783,-0.70156267,0.23964733,-0.33197311,-0.30954593,-0.29806561,0.80761534,-0.37422714,0.50228041,-0.63763659,0.67386084,0.73898915,-0.32742882,-0.48993461,0.80421172,-0.70943278,-0.8032654,-0.50133411,-0.14462862,0.60162299,0.49277638,-0.17686399,-0.670736,-0.17686399,-0.6561054,-0.51679962,-0.4899186,2,"walking_upstairs"
-0.3858564,-0.38134389,0.35688777,-0.39115743,-0.73107724,0.26418962,-0.37550105,-0.34059264,-0.30118401,0.78311085,-0.37814789,0.46562487,-0.72408584,0.76578013,0.73804073,-0.34742783,-0.48071026,0.78841478,-0.80746002,-0.76122147,-0.53049997,-0.13173943,0.59970194,0.5176607,-0.21238875,-0.69268519,-0.21238875,-0.68493196,-0.5355285,-0.76846729,2,"walking_upstairs"
-0.34146432,-0.37685807,0.33732334,-0.36998534,-0.75933827,0.21879763,-0.40253345,-0.28328007,-0.23806704,0.79024221,-0.33728513,0.62311775,-0.65551471,0.70754883,0.81158257,-0.36218995,-0.54778977,0.85418365,-0.76034852,-0.82944585,-0.62211024,-0.15276726,0.51553306,0.60821914,-0.1621874,-0.77525026,-0.1621874,-0.64403933,-0.6194487,-0.57924647,2,"walking_upstairs"
-0.35779836,-0.37685807,0.34259035,-0.37238247,-0.7567142,0.29734206,-0.46974016,-0.38592451,-0.24105258,0.73361998,-0.3497602,0.44277986,-0.66408528,0.71751291,0.79885502,-0.27879577,-0.46130695,0.77744709,-0.77174733,-0.68367389,-0.57028984,-0.11333142,0.6487561,0.56296849,-0.14698253,-0.75137243,-0.14698253,-0.63112093,-0.584222,-0.46569217,2,"walking_upstairs"
-0.34900375,-0.34454206,0.32593998,-0.34577422,-0.79260242,0.36312696,-0.48114273,-0.46668033,-0.41311269,0.72556849,-0.32902611,0.30832923,-0.59132597,0.64468218,0.68971936,-0.40693163,-0.40135337,0.71872149,-0.69830983,-0.55816551,-0.44129179,-0.30587962,0.67935777,0.41491954,-0.23947086,-0.70579826,-0.23947086,-0.70587653,-0.4245492,-0.35976995,2,"walking_upstairs"
-0.34900375,-0.32034163,0.32278742,-0.34166914,-0.7979133,0.37280627,-0.48554035,-0.47922354,-0.47680145,0.72556849,-0.32441305,0.29451303,-0.58026728,0.63004362,0.65438418,-0.38434279,-0.39243533,0.71248535,-0.67898277,-0.53504012,-0.19060086,-0.33161458,0.68973457,0.14348423,-0.27554829,-0.59738287,-0.27554829,-0.73289579,-0.1467546,-0.29104902,2,"walking_upstairs"
-0.35234465,-0.32034163,0.32216045,-0.34340533,-0.79576144,0.37332802,-0.50137371,-0.48379117,-0.47725949,0.72722919,-0.46507268,0.3153776,-0.55699892,0.61445832,0.65986241,-0.37383924,-0.39237574,0.72200405,-0.67160013,-0.52618819,0.06005389,-0.23643488,0.72495834,-0.12511082,-0.17381199,-0.65978219,-0.17381199,-0.65369665,0.12458703,-0.18652338,2,"walking_upstairs"
-0.3535178,-0.33121249,0.32370113,-0.34596998,-0.79246372,0.38084032,-0.51068805,-0.49391901,-0.47877916,0.71307806,-0.27383229,0.29969381,-0.4917676,0.54016961,0.65986241,-0.37981332,-0.38162108,0.71478372,-0.58737274,-0.50624338,-0.0088997318,-0.22760943,0.74510097,-0.058588601,-0.18376522,-0.63050948,-0.18376522,-0.6617956,0.064956619,-0.34017694,2,"walking_upstairs"
-0.30662736,-0.33121249,0.31083102,-0.32537694,-0.81646033,0.39222415,-0.5118943,-0.50383256,-0.49232588,0.71307806,-0.16965714,0.2728965,-0.47741277,0.52230979,0.64386368,-0.42659012,-0.37900685,0.7025277,-0.56603424,-0.48656639,-0.71365555,-0.3149368,0.69210032,0.7046985,-0.26902979,-0.60020454,-0.26902979,-0.72804351,-0.71470967,-0.33104111,2,"walking_upstairs"
-0.29800332,-0.3130045,0.29084636,-0.29680057,-0.84972832,0.40547071,-0.54785485,-0.51878585,-0.49625989,0.70816975,-0.28458865,0.26622149,-0.48120457,0.54148101,0.63566084,-0.41506437,-0.37898178,0.69943417,-0.60112275,-0.45575717,-0.56592255,-0.3119905,0.64850545,0.54442721,-0.26403131,-0.6335305,-0.26403131,-0.72438032,-0.55126305,-0.34119505,2,"walking_upstairs"
-0.19001971,-0.32137254,0.25443898,-0.25001385,-0.88896016,0.40708569,-0.56250714,-0.53088483,-0.47694336,0.67067315,-0.073384312,0.36360015,-0.7259974,0.75913655,0.73455772,-0.36740946,-0.4041011,0.74252899,-0.79261728,-0.42882211,-0.65055224,-0.15875131,0.63664879,0.62685498,-0.23870239,-0.73419611,-0.23870239,-0.70542887,-0.6257686,-0.32798801,2,"walking_upstairs"
-0.26097734,-0.32163377,0.30281057,-0.3163566,-0.82680938,0.43842077,-0.57396239,-0.56406492,-0.54097515,0.66081131,-0.26829464,0.19617184,-0.65493009,0.70362658,0.67872573,-0.38834828,-0.32627802,0.66598608,-0.75299729,-0.35792201,-0.62167105,-0.20368722,0.75828231,0.61239552,-0.24668279,-0.6240735,-0.24668279,-0.71141074,-0.62880489,-0.35529919,2,"walking_upstairs"
-0.31514361,-0.32163377,0.30860357,-0.32197213,-0.82116855,0.44404781,-0.57396239,-0.56610531,-0.54953994,0.65907277,-0.060651761,0.15341615,-0.5862728,0.63023385,0.58677276,-0.38943369,-0.31405048,0.64589852,-0.67400548,-0.35335693,-0.57087236,-0.23822806,0.74035681,0.54859893,-0.26716053,-0.58859568,-0.26716053,-0.72667058,-0.55404779,-0.46319216,2,"walking_upstairs"
-0.31514361,-0.31834782,0.30887771,-0.32149207,-0.82185087,0.44368629,-0.57316148,-0.56406153,-0.54953994,0.65531365,-0.098677137,0.1473915,-0.61249945,0.65519517,0.58677276,-0.31978177,-0.31429356,0.64294547,-0.69778793,-0.35793863,-0.56842358,-0.15560199,0.72791351,0.54686816,-0.21730648,-0.66313976,-0.21730648,-0.68885302,-0.55312944,-0.36300187,2,"walking_upstairs"
-0.31187968,-0.3180363,0.30394638,-0.3158319,-0.82853223,0.4524172,-0.58655148,-0.57662419,-0.55011511,0.65531365,-0.3079296,0.14283383,-0.56651075,0.61835617,0.58008924,-0.30824475,-0.30691258,0.64075158,-0.66968873,-0.32926284,-0.37368217,-0.21373371,0.74189224,0.33602788,-0.20722506,-0.64160707,-0.20722506,-0.68089972,-0.33805066,-0.20752478,2,"walking_upstairs"
-0.31187968,-0.29573546,0.2977593,-0.30903852,-0.83649136,0.46058449,-0.59750321,-0.58994387,-0.58081876,0.66170893,-0.319575,0.14649744,-0.49190806,0.54526408,0.58008924,-0.39495235,-0.30111773,0.64255272,-0.59749334,-0.29844482,-0.17096446,-0.23575439,0.76249865,0.11463244,-0.22029569,-0.57403175,-0.22029569,-0.69115871,-0.1099594,-0.22043765,2,"walking_upstairs"
-0.32142094,-0.29573546,0.30220148,-0.316077,-0.82858409,0.46284212,-0.59750321,-0.59421834,-0.58791936,0.66170893,-0.38100491,0.14030096,-0.025556873,0.10294932,0.57237162,-0.34608055,-0.29452371,0.63954655,-0.17101139,-0.28836679,-0.17174204,-0.2145421,0.78725347,0.12307984,-0.16991946,-0.51319199,-0.16991946,-0.65054325,-0.12624635,-0.34615342,2,"walking_upstairs"
-0.32344157,-0.29290311,0.3004716,-0.31349186,-0.83157897,0.46251826,-0.59820914,-0.59352679,-0.59040328,0.65202198,-0.42063379,0.14258422,-0.36403755,0.43416471,0.57237162,-0.37153064,-0.29636016,0.64065484,-0.50250907,-0.29001179,-0.10136859,-0.15970377,0.78051652,0.051849393,-0.17467721,-0.52019538,-0.17467721,-0.65432425,-0.057812141,-0.37327898,2,"walking_upstairs"
-0.31333841,-0.31238192,0.30175165,-0.31830538,-0.82553406,-0.10843288,-0.00037124968,0.18769243,0.2311723,0.90562711,0.342665,0.7549739,-0.89010065,0.89516949,0.85693912,-0.7475056,-0.65448393,0.90750709,-0.89991314,-0.92486912,-0.90519987,-0.7732206,0.19274322,0.905481,-0.73341148,-0.93036209,-0.73341148,-0.96210481,-0.9123603,-0.88577911,2,"standing"
-0.33009487,-0.31539815,0.31593975,-0.33884512,-0.80130416,-0.13371119,0.19677762,0.22398067,0.2311723,0.90562711,0.15810635,0.7113684,-0.30106144,0.29502499,0.83340302,-0.95899306,-0.61697587,0.89032532,-0.28884128,-0.90522284,-0.21092301,-0.95083165,0.31197192,0.13759843,-0.95115908,-0.94120607,-0.95115908,-0.99832098,-0.11456158,-0.92359798,2,"standing"
-0.36266595,-0.32509902,0.32298138,-0.34863129,-0.7891944,-0.11455555,0.17374036,0.19662293,0.21795655,0.90576727,0.48507639,0.7178359,-0.67250776,0.67112065,0.82241896,-0.96513214,-0.62292519,0.89290785,-0.66947409,-0.92731779,-0.56517136,-0.96977976,0.27041162,0.52963936,-0.9653097,-0.73892771,-0.9653097,-0.99905041,-0.52210706,-0.96753058,2,"standing"
-0.36555277,-0.33225466,0.32843315,-0.35656824,-0.77889818,-0.098609873,0.16574555,0.17396375,0.18329499,0.91609334,-0.19875353,0.72577437,-0.58814314,0.59490704,0.82241896,-0.96182826,-0.62680985,0.89607129,-0.60147787,-0.94375534,-0.3880559,-0.96568347,0.23750152,0.33135981,-0.96330507,-0.65814362,-0.96330507,-0.99895926,-0.31363411,-0.99095546,2,"standing"
-0.37529858,-0.33225466,0.33288086,-0.36285698,-0.77067579,-0.093889632,0.16574555,0.16721705,0.1604836,0.91534024,-0.12531275,0.72241784,-0.28219797,0.31409387,0.82208576,-0.98321177,-0.62390253,0.89473752,-0.3465923,-0.94834249,-0.15830513,-0.97672593,0.23398691,0.082425984,-0.98061109,-0.48026858,-0.98061109,-0.99961596,-0.060199897,-0.99600016,2,"standing"
-0.37590626,-0.33220024,0.33270223,-0.36264534,-0.77095823,-0.096276551,0.16812478,0.17066026,0.16855946,0.91534024,0.14364467,0.72113638,-0.050671036,0.09305382,0.82016812,-0.97080022,-0.62264847,0.8942283,-0.13595334,-0.94611692,-0.3733042,-0.97136999,0.24163346,0.32437286,-0.97135362,-0.74132479,-0.97135362,-0.99930154,-0.31589258,-0.98953473,2,"standing"
-0.36881791,-0.33139665,0.32911321,-0.35756713,-0.77762376,-0.10257887,0.17160944,0.17967315,0.18161355,0.9153694,0.36282241,0.72158101,-0.087248614,0.14956306,0.82016812,-0.97358523,-0.6233071,0.89440512,-0.21302234,-0.93995024,-0.40284415,-0.9729199,0.2522661,0.35248995,-0.97402389,-0.57222495,-0.97402389,-0.99940103,-0.34047156,-0.98191699,2,"standing"
-0.36764008,-0.32577501,0.32516201,-0.35189962,-0.78501619,-0.10940621,0.18183866,0.18938176,0.18169641,0.91527732,0.29256993,0.72105244,-0.3263782,0.34797365,0.82027112,-0.9873188,-0.62379513,0.89419491,-0.36970916,-0.9331934,-0.40830665,-0.98353168,0.2624132,0.36450304,-0.98635268,-0.40283754,-0.98635268,-0.99976859,-0.35910245,-0.99440149,2,"standing"
-0.36584968,-0.31876977,0.32329303,-0.34923918,-0.78843612,-0.1113916,0.19363138,0.19220199,0.18288213,0.91527732,0.15890489,0.72207178,-0.296309,0.32101647,0.82075734,-0.99467071,-0.62480536,0.89460016,-0.34574066,-0.93115149,-0.3325886,-0.9926119,0.26350357,0.30786617,-0.99283273,-0.36507575,-0.99283273,-0.99990141,-0.32796253,-0.99417981,2,"standing"
-0.36584968,-0.31996249,0.32292256,-0.34879527,-0.78900296,-0.11101705,0.19106466,0.19171048,0.18288213,0.91653191,0.16311755,0.72386586,-0.12369913,0.18885871,0.8209719,-0.9869422,-0.62555038,0.89531336,-0.25415142,-0.9315099,-0.4995917,-0.9843348,0.26235618,0.49549675,-0.98636664,-0.57423313,-0.98636664,-0.99976894,-0.52611251,-0.98727893,2,"standing"
-0.36591933,-0.32487173,0.3249667,-0.35178547,-0.78515899,-0.10939756,0.19004861,0.18945783,0.18256179,0.91453076,0.39876981,0.72305421,-0.40526544,0.43195762,0.8209719,-0.98413381,-0.62405426,0.89499058,-0.45911695,-0.93315848,-0.54770887,-0.97880016,0.26383649,0.57206917,-0.98310593,-0.585444,-0.98310593,-0.99968642,-0.62978994,-0.98239788,2,"standing"
-0.40914263,-0.45093457,0.37626005,-0.42136189,-0.68447649,-0.08625171,0.032972265,0.15565405,0.18944032,0.84874418,0.93857463,0.63335201,-0.83664551,0.83508353,0.80374751,-0.7955789,-0.56938854,0.85873081,-0.83316942,-0.95014426,-0.89352314,-0.83400149,0.29272782,0.8831731,-0.7950741,-0.94725538,-0.7950741,-0.97712527,-0.87957554,-0.96346795,2,"standing"
-0.40914263,-0.3761524,0.35725718,-0.39775832,-0.72187261,-0.10700958,0.17147584,0.18647231,0.18944032,0.88725575,0.57437055,0.67442018,-0.90805416,0.90978779,0.80374751,-0.9710709,-0.58315842,0.87551935,-0.91117667,-0.93510014,-0.92773128,-0.97581546,0.34326151,0.92547897,-0.97289478,-0.95171403,-0.97289478,-0.99935992,-0.92810358,-0.9867788,2,"standing"
-0.41171396,-0.36933289,0.35945647,-0.40049618,-0.71787231,-0.097536942,0.17013747,0.17273308,0.17897792,0.89759174,0.18330841,0.67582772,-0.49258298,0.50228154,0.80315305,-0.98322938,-0.58602913,0.87608972,-0.51192934,-0.94468789,-0.49669134,-0.98186599,0.3150811,0.46261876,-0.98290112,-0.5687365,-0.98290112,-0.99968086,-0.46143652,-0.98935806,2,"standing"
-0.41720833,-0.36933289,0.35995071,-0.40111409,-0.71696637,-0.095272442,0.17013747,0.16945118,0.16260689,0.89770181,0.3098009,0.67619923,-0.35605407,0.38046423,0.80212634,-0.99251383,-0.58669142,0.8762395,-0.40466715,-0.94691325,-0.41877863,-0.98999537,0.30827765,0.40371303,-0.99198875,-0.57929698,-0.99198875,-0.99988627,-0.42745675,-0.9883525,2,"standing"
-0.41707898,-0.3686061,0.35952668,-0.40064889,-0.71765386,-0.096538301,0.17111764,0.17132248,0.16291528,0.89810636,0.10286267,0.67702479,-0.25640673,0.27096242,0.80261589,-0.99112009,-0.58652411,0.87657213,-0.28499464,-0.9456953,-0.35836144,-0.98877469,0.31265422,0.32222417,-0.99074528,-0.43578279,-0.99074528,-0.99986305,-0.32723098,-0.99443636,2,"standing"
-0.41707898,-0.368693,0.35973606,-0.40079849,-0.71743292,-0.094750565,0.16670455,0.16869333,0.16291528,0.89779593,0.078630746,0.67688776,-0.25427825,0.26541186,0.80261589,-0.99097788,-0.58728549,0.87651689,-0.27629952,-0.94738683,-0.26461428,-0.9892414,0.30592899,0.2127431,-0.99072515,-0.40979812,-0.99072515,-0.99986283,-0.20775251,-0.99712121,2,"standing"
-0.41660522,-0.368693,0.35978311,-0.400631,-0.71767991,-0.092220835,0.16650981,0.16496029,0.15808771,0.89779593,0.13052545,0.67683648,-0.19415303,0.20127649,0.80255264,-0.99458776,-0.58867566,0.87649622,-0.20792013,-0.9497869,-0.41218635,-0.9921364,0.29545944,0.38119235,-0.99221967,-0.099959147,-0.99221967,-0.99989047,-0.38873101,-0.99327475,2,"standing"
-0.41660522,-0.37191124,0.36008128,-0.40104629,-0.71706354,-0.091844749,0.16582869,0.16442112,0.15494295,0.89719765,0.032357601,0.67658976,-0.30087708,0.31890993,0.80255264,-0.99281551,-0.58848421,0.87639678,-0.33708042,-0.95012817,-0.49957342,-0.9903993,0.29495532,0.47420547,-0.99023976,-0.036954938,-0.99023976,-0.99985317,-0.48211189,-0.98915508,2,"standing"
-0.41674441,-0.37747561,0.36267361,-0.4047524,-0.71154301,-0.091057072,0.16398116,0.16333994,0.15494295,0.89500208,0.088247717,0.67325539,-0.30823859,0.37440765,0.80244019,-0.99254534,-0.58540111,0.87505219,-0.44200898,-0.95080198,-0.49011944,-0.99217523,0.29954511,0.45843631,-0.99300206,-0.33685409,-0.99300206,-0.99990431,-0.46032107,-0.98973306,2,"standing"
-0.42141645,-0.37777958,0.36552681,-0.40875446,-0.70555724,-0.089427905,0.16113092,0.16102311,0.1529245,0.89464784,0.63980559,0.66950449,-0.29413304,0.29867356,0.80057818,-0.98985648,-0.5824122,0.87353879,-0.30320476,-0.95223689,-0.26873245,-0.98741508,0.30131227,0.20450631,-0.98932368,-0.26743208,-0.98932368,-0.99983451,-0.18703358,-0.98768855,2,"standing"
-0.41803477,-0.37777958,0.36401725,-0.40671471,-0.70860621,-0.088094721,0.16077042,0.15912209,0.15110229,0.89464784,0.54698098,0.67390229,-0.47326089,0.47372568,0.80504982,-0.98870952,-0.58520424,0.87531122,-0.47407628,-0.95339965,-0.15476587,-0.98745578,0.29410171,0.074432075,-0.98894277,-0.28031504,-0.98894277,-0.99982659,-0.047680949,-0.98110177,2,"standing"
-0.41802132,-0.37481856,0.36102147,-0.40276525,-0.71451609,-0.088084536,0.16077042,0.159183,0.15137039,0.89674108,0.13423689,0.68142179,-0.48893846,0.50255799,0.80507992,-0.98439214,-0.58930206,0.87834175,-0.51633662,-0.95336254,-0.34285363,-0.9786592,0.2893668,0.28386965,-0.98008077,0.33705231,-0.98008077,-0.99960044,-0.26674192,-0.96556566,2,"standing"
-0.068218158,-0.25377906,0.15534453,-0.10492251,-0.97700524,-0.17378313,0.18724083,0.2782628,0.29244532,0.91552285,0.63677218,0.80625166,-0.80020824,0.79891857,0.86406692,-0.75860576,-0.72192418,0.92762526,-0.79729428,-0.85102826,-0.97229385,-0.75259802,-0.10650062,0.97596951,-0.74242052,-0.94317359,-0.74242052,-0.96453408,-0.98182411,-0.95657877,2,"sitting"
-0.036839177,-0.044804187,0.1112038,-0.039981956,-0.99837382,-0.19633343,0.29826156,0.30871536,0.31960723,0.9212334,-0.70138447,0.77846057,-0.20947224,0.20126523,0.86390287,-0.90971314,-0.7036629,0.91676907,-0.19299838,-0.81801943,-0.91348413,-0.93936019,-0.21731536,0.91561811,-0.91278577,-0.89067274,-0.91278577,-0.99534619,-0.9239331,-0.97097469,2,"sitting"
-0.033795881,-0.013830337,0.094250823,-0.015100446,-0.99977027,-0.21017887,0.30684124,0.32617025,0.32189284,0.92122743,-0.36047909,0.74160183,-0.72019698,0.71838972,0.83965057,-0.9530863,-0.68518125,0.90233797,-0.71628867,-0.79663258,-0.88700719,-0.95667657,-0.23612744,0.88320898,-0.95312873,-0.69367842,-0.95312873,-0.99843455,-0.88699113,-0.9956176,2,"sitting"
-0.033558362,0.017547904,0.088705624,-0.0069893456,-0.99976341,-0.21577962,0.33392359,0.33395238,0.32634565,0.91847516,-0.039101676,0.7344935,-0.39952977,0.40069155,0.82622601,-0.98979921,-0.67719214,0.89952941,-0.40170395,-0.7867973,-0.58874699,-0.9877453,-0.21744228,0.57144067,-0.98897172,-0.67467088,-0.98897172,-0.9998273,-0.58129749,-0.99603043,2,"sitting"
-0.03108627,0.019690128,0.087984559,-0.0059390076,-0.99971443,-0.21838112,0.33516287,0.33736763,0.32963601,0.91727631,-0.72440075,0.72914115,-0.47343295,0.52829701,0.82596228,-0.97143999,-0.67352941,0.89740711,-0.58415009,-0.78232946,0.11564576,-0.95919987,-0.20954524,-0.10252706,-0.95812882,0.052486977,-0.95812882,-0.99870498,0.010581532,-0.99601835,2,"sitting"
-0.026542757,0.020671499,0.086066962,-0.003140315,-0.99956148,-0.22126894,0.34059367,0.34117575,0.33130686,0.91499729,-0.70587988,0.72332413,-0.4897846,0.52111339,0.82222813,-0.9715605,-0.66938718,0.89509759,-0.55258567,-0.77731345,-0.0022632734,-0.96220949,-0.19621058,-0.033783406,-0.95701587,-0.075532722,-0.95701587,-0.9986447,0.0024695583,-0.99435826,2,"sitting"
-0.026122737,0.023193649,0.083944116,-3.6267094e-05,-0.99936804,-0.22287328,0.34389037,0.34337966,0.33342266,0.91499729,-0.094819845,0.7208971,-0.58106052,0.58866865,0.82101454,-0.99254756,-0.66699227,0.89413305,-0.59603589,-0.77438195,-0.35987847,-0.99050938,-0.18374691,0.32060156,-0.98770313,-0.35595698,-0.98770313,-0.99979914,-0.32344063,-0.99540098,2,"sitting"
-0.026122737,0.027265018,0.083273994,0.00094775322,-0.99930269,-0.22362754,0.34542119,0.34448237,0.33345863,0.91484664,0.024004039,0.72045263,-0.45620418,0.46895299,0.81999823,-0.99693548,-0.66588552,0.89395634,-0.48160153,-0.77290739,-0.24504198,-0.99574618,-0.17846801,0.21748986,-0.99658761,-0.10886132,-0.99658761,-0.99995916,-0.23974625,-0.99755778,2,"sitting"
-0.025807505,0.027265018,0.083267401,0.00095124393,-0.99930231,-0.22405276,0.34686057,0.34494749,0.33445112,0.91407681,-0.088465341,0.71865048,-0.25266548,0.34352516,0.81972876,-0.99591914,-0.6652932,0.89323928,-0.43627827,-0.77228398,0.11902849,-0.99457523,-0.17859454,-0.17708073,-0.99457907,-0.010215677,-0.99457907,-0.99993017,0.16136917,-0.99742413,2,"sitting"
-0.025355355,0.0273534,0.082871465,0.0015262141,-0.99925944,-0.22545743,0.34686057,0.34678161,0.34058887,0.91075272,0.055430576,0.71568756,-0.6247871,0.63228254,0.81855793,-0.97721813,-0.66330357,0.89205939,-0.63966374,-0.76980699,-0.027153035,-0.97644056,-0.17440111,-0.010112065,-0.97736286,-0.38599282,-0.97736286,-0.99951545,-0.017577313,-0.99535768,2,"sitting"
-0.024155226,0.028436564,0.082374538,0.0022465241,-0.99920374,-0.23019237,0.34872757,0.35306812,0.34793388,0.90635921,0.2180478,0.70688536,-0.65744648,0.6584357,0.81778154,-0.97921083,-0.65667013,0.88854581,-0.65916233,-0.76120527,-0.18109822,-0.9768406,-0.16240341,0.1980514,-0.97725495,-0.58149183,-0.97725495,-0.99951195,-0.27307735,-0.99255121,2,"sitting"
0.24025175,-0.13107482,0.12604557,-0.061337425,-0.96523475,-0.20534159,0.22005943,0.31796857,0.52891743,0.62674052,-0.97333497,0.73684708,-0.98215364,0.98164865,0.89635462,-0.28785857,-0.68877032,0.89680166,-0.98073323,-0.78626087,-0.96492072,-0.37907755,0.033957724,0.97188285,-0.25570334,-0.95886342,-0.25570334,-0.71821486,-0.98175102,-0.97137697,2,"sitting"
-0.15519654,-0.13107482,0.18943553,-0.15568896,-0.96341821,-0.13728825,0.22005943,0.2286349,0.26544694,0.95065774,0.30826017,0.85419911,-0.94280858,0.95127017,0.89635462,-0.96013576,-0.74700867,0.94607162,-0.95948259,-0.90128542,-0.87969886,-0.96002381,-0.065776491,0.89262404,-0.95965883,-0.97057253,-0.95965883,-0.99878271,-0.91478661,-0.93398985,2,"sitting"
-0.17756486,-0.12787727,0.1901114,-0.15558477,-0.96352366,-0.13839497,0.22021167,0.22842467,0.22395314,0.95065774,0.18129414,0.82303612,-0.8651041,0.86805606,0.86500423,-0.98414618,-0.74515727,0.93416562,-0.87067015,-0.90176767,-0.40086529,-0.98026977,-0.089515712,0.38068765,-0.98234221,-0.61680591,-0.98234221,-0.99966556,-0.40031099,-0.95043447,2,"sitting"
-0.17704978,-0.12694526,0.18915304,-0.15454941,-0.96407204,-0.14460633,0.23359602,0.2377529,0.23976201,0.95174603,-0.055667511,0.82635769,-0.41178663,0.40962766,0.86346794,-0.98201217,-0.73844823,0.93545027,-0.40734417,-0.89336269,-0.34841949,-0.97805397,-0.064931346,0.31630447,-0.98064746,-0.6603351,-0.98064746,-0.99961724,-0.32701821,-0.97428076,2,"sitting"
-0.17403972,-0.12539907,0.18812828,-0.15305592,-0.96485078,-0.15294224,0.23751441,0.24945913,0.24763187,0.94970605,-0.13952583,0.81733327,-0.39164397,0.39290637,0.86314116,-0.97891093,-0.72907031,0.93196036,-0.39418634,-0.88229349,-0.52017839,-0.97707341,-0.044418114,0.50427228,-0.97809674,-0.54038877,-0.97809674,-0.99953908,-0.52071691,-0.98670464,2,"sitting"
-0.17224054,-0.12454439,0.18666949,-0.15084668,-0.9659931,-0.15783542,0.25352896,0.25616635,0.24763187,0.94970605,-0.23800915,0.81025325,-0.44563878,0.4616191,0.85601714,-0.99108164,-0.72409166,0.92922106,-0.47759333,-0.8758466,-0.32300265,-0.98953192,-0.037762924,0.29028144,-0.99026533,-0.27082931,-0.99026533,-0.9998538,-0.30261214,-0.99756706,2,"sitting"
-0.16364996,-0.12154019,0.18438559,-0.1474392,-0.96770048,-0.15810266,0.25580291,0.25640363,0.25122952,0.94865537,-0.27117849,0.80955394,-0.32995513,0.36538506,0.85457809,-0.98658982,-0.72535953,0.92894984,-0.40133047,-0.87560822,-0.071369171,-0.98386021,-0.046903811,-0.0080090088,-0.98605804,-0.094946175,-0.98605804,-0.99976157,0.027693387,-0.99669264,2,"sitting"
-0.15830294,-0.119668,0.17956588,-0.14037077,-0.9711005,-0.16109975,0.25580291,0.26053723,0.25438211,0.94849844,-0.28247667,0.80829059,-0.32060647,0.32664877,0.85481353,-0.98549602,-0.72485091,0.9284597,-0.33263363,-0.87144851,-0.50580011,-0.98382335,-0.055996184,0.46421941,-0.98450154,-0.16145865,-0.98450154,-0.99972301,-0.454406,-0.99584745,2,"sitting"
-0.15647456,-0.11085447,0.17565286,-0.1346576,-0.97377781,-0.16191984,0.26059797,0.26169916,0.25438211,0.94849844,-0.14080367,0.81000157,-0.20455598,0.20633032,0.85555082,-0.98997119,-0.72632019,0.92912313,-0.20770326,-0.87029583,-0.52367377,-0.98832311,-0.067130459,0.48976998,-0.98753982,-0.48778079,-0.98753982,-0.99979599,-0.48679391,-0.99672812,2,"sitting"
-0.15408607,-0.10563105,0.17412181,-0.13239251,-0.97478863,-0.16046699,0.26059797,0.25961443,0.25302879,0.94977358,0.11868595,0.81197591,-0.32229927,0.3315771,0.85555082,-0.98313894,-0.72912795,0.92988892,-0.34031363,-0.87240956,-0.42199635,-0.98319885,-0.077379568,0.4393453,-0.98342974,-0.57129065,-0.98342974,-0.99969503,-0.49824623,-0.99585523,2,"sitting"
-0.15351897,-0.10374637,0.17282988,-0.13049954,-0.97561842,-0.16286991,0.26067692,0.26296044,0.25568666,0.94879249,0.12113024,0.80961975,-0.44174475,0.45809024,0.85525537,-0.98782781,-0.72684835,0.92897521,-0.47435568,-0.86901162,-0.52057192,-0.98428869,-0.075336355,0.50994889,-0.98541729,-0.44571646,-0.98541729,-0.99974578,-0.53191853,-0.99584605,2,"sitting"
0.6981602,0.65056782,-0.48682121,0.72416087,0.064371681,-0.52054118,0.67084507,0.6928576,0.71303047,-0.47476939,-0.87194136,-0.99121322,-0.89673337,0.92126783,-0.20312421,-0.76578059,0.57133818,-0.44518402,-0.94574818,-0.064942048,-0.91440043,-0.76017201,0.20338043,0.90608843,-0.72373866,-0.90289643,-0.72373866,-0.9593975,-0.90319705,-0.97993822,2,"laying"
0.6981602,0.74555869,-0.50175681,0.73490997,0.093863219,-0.50522658,0.67084507,0.67375042,0.67139919,-0.4730193,-0.73764532,-0.99892838,-0.94690253,0.95179124,-0.49921999,-0.94027523,0.58027448,-0.45773968,-0.95637959,-0.11712542,-0.68721553,-0.94596016,0.12392816,0.66282274,-0.93845103,-0.87048066,-0.93845103,-0.9974973,-0.65846052,-0.99581649,2,"laying"
0.68514384,0.74555869,-0.49707199,0.73027157,0.080363256,-0.50995353,0.67186277,0.67849513,0.66865837,-0.41536147,-0.12504136,-0.99921867,-0.89745713,0.89862205,-0.49921999,-0.96977674,0.57376991,-0.44870757,-0.8994249,-0.10454017,-0.29350093,-0.97536406,0.11273854,0.24225907,-0.97118384,-0.086288644,-0.97118384,-0.99929509,-0.23642724,-0.99679345,2,"laying"
0.68660715,0.74620408,-0.49611221,0.73135371,0.083491363,-0.51114788,0.68070344,0.68153531,0.66865837,-0.41540826,0.20246052,-0.99985222,-0.90261072,0.90487943,-0.51769093,-0.99369677,0.58389955,-0.46275004,-0.90679392,-0.096465807,-0.35413504,-0.99237245,0.09679796,0.31558222,-0.9934019,-0.10532594,-0.9934019,-0.99991109,-0.31952159,-0.98922372,2,"laying"
0.68682932,0.74697248,-0.49799114,0.73293086,0.088056376,-0.50919054,0.6800416,0.67930548,0.6684808,-0.41540826,0.28668468,-0.99985221,-0.54957459,0.55202689,-0.52644509,-0.99347593,0.58356378,-0.46228561,-0.55430922,-0.10241487,-0.30011278,-0.99190981,0.09601572,0.27447874,-0.99207353,-0.18203507,-0.99207353,-0.9998878,-0.29601947,-0.99556152,2,"laying"
0.68682932,0.74801504,-0.49861164,0.73323838,0.08894635,-0.50851522,0.68003982,0.67834821,0.6659412,-0.41018739,0.21424358,-0.9997822,-0.63093009,0.63755106,-0.52581053,-0.99614167,0.58143133,-0.45932125,-0.64405683,-0.10496896,-0.16279039,-0.99446972,0.099993234,0.16406193,-0.99545159,-0.32754361,-0.99545159,-0.99994337,-0.22388382,-0.99530398,2,"laying"
0.68645971,0.74708235,-0.49722582,0.73200054,0.085361855,-0.50998147,0.68003982,0.67994802,0.66697643,-0.416387,-0.35456161,-0.99983697,-0.56908262,0.58023313,-0.52581053,-0.99278338,0.58320589,-0.46179068,-0.59147126,-0.10070521,0.12500471,-0.99198361,0.096157945,-0.11891785,-0.99134291,-0.072885916,-0.99134291,-0.9998746,0.033651546,-0.99577707,2,"laying"
0.68491138,0.74681681,-0.49609098,0.73106824,0.082664179,-0.51120614,0.68270558,0.68135687,0.66784398,-0.42151364,-0.30353709,-0.99994803,-0.52886653,0.53447949,-0.5296908,-0.99098271,0.58771341,-0.46806588,-0.54001935,-0.096946296,0.20397686,-0.99162604,0.085323874,-0.17934884,-0.98899895,0.058752097,-0.98899895,-0.99982787,0.069196488,-0.99552361,2,"laying"
0.68411336,0.74660231,-0.49555803,0.73071284,0.081637133,-0.51177187,0.68372208,0.68208338,0.66822373,-0.42151364,-0.074229503,-0.9999878,-0.50295275,0.50359386,-0.53611896,-0.9953339,0.58999073,-0.47123688,-0.50390532,-0.095003429,0.51465696,-0.99540261,0.080202404,-0.54125404,-0.99448592,-0.18640249,-0.99448592,-0.99992829,0.46507127,-0.99884072,2,"laying"
0.68479689,0.74660231,-0.49532401,0.73073014,0.081687241,-0.51200914,0.68460855,0.68254761,0.66832412,-0.42138106,-0.28571875,-0.99997021,-0.45931461,0.46796518,-0.53325816,-0.99686656,0.58865269,-0.46937128,-0.47669768,-0.09376121,-0.05210704,-0.99596593,0.08507729,0.029634492,-0.99627107,-0.16452355,-0.99627107,-0.99995485,-0.071817227,-0.99762836,2,"laying"
0.68548319,0.74671163,-0.49576785,0.73158936,0.084171795,-0.51152224,0.68371227,0.68243423,0.66832412,-0.41788616,0.063989896,-0.99990174,-0.4085405,0.41446343,-0.52860708,-0.99585729,0.58536881,-0.46478958,-0.42046947,-0.094064525,-0.1214416,-0.99365186,0.09591797,0.076045832,-0.9959662,-0.29106916,-0.9959662,-0.99995081,-0.088796093,-0.99764598,2,"laying"
0.76380284,0.80127526,-0.57193116,0.7966021,0.28054822,-0.42592109,0.57971181,0.5865105,0.58481437,-0.30426353,0.25378498,-0.98468741,-0.7708368,0.79032518,-0.39444407,-0.89570823,0.49952533,-0.34571935,-0.80969339,-0.33256755,-0.32856624,-0.88894534,0.24511747,0.28513792,-0.87861922,-0.63469026,-0.87861922,-0.99145787,-0.28566719,-0.92957348,2,"laying"
0.74513571,0.80125697,-0.56390138,0.78712405,0.25075654,-0.43447109,0.5826571,0.59420063,0.58521516,-0.30426353,0.089934447,-0.98516442,-0.47147245,0.46721026,-0.40506985,-0.98751276,0.5006329,-0.34769296,-0.46273754,-0.31481258,-0.53502797,-0.98248618,0.23613217,0.49354966,-0.9834327,-0.49552139,-0.9834327,-0.99969447,-0.48169375,-0.9640163,2,"laying"
0.73845561,0.80125697,-0.56154361,0.78641593,0.24855065,-0.43599895,0.59725901,0.59685687,0.58521516,-0.30362759,0.066641803,-0.98286427,-0.44262917,0.43799368,-0.39778047,-0.98987622,0.49398918,-0.33831865,-0.43324982,-0.3086725,-0.10141126,-0.99020786,0.25933306,0.065444158,-0.98797515,-0.21125756,-0.98797515,-0.9998055,-0.089268589,-0.98217255,2,"laying"
0.73845561,0.80129414,-0.56158783,0.78643274,0.24860279,-0.43494687,0.59725901,0.59565258,0.58315831,-0.28748599,-0.46357049,-0.9805288,-0.506383,0.5175593,-0.39340433,-0.9880714,0.48732361,-0.32912409,-0.5288609,-0.3114903,-0.28080605,-0.98516471,0.27384137,0.28989936,-0.98550697,-0.21400152,-0.98550697,-0.99974784,-0.34934362,-0.9913666,2,"laying"
0.73860348,0.80129414,-0.56158519,0.78649089,0.24878337,-0.43454769,0.59636623,0.59524526,0.58257823,-0.2804835,-0.35391115,-0.97958149,-0.58281043,0.61737201,-0.39327297,-0.98709004,0.48477535,-0.32559813,-0.65244156,-0.31243977,-0.26105811,-0.98705227,0.27969109,0.26808511,-0.98690008,-0.31313726,-0.98690008,-0.99978145,-0.32670942,-0.99272766,2,"laying"
0.73860348,0.79997601,-0.56152319,0.78613507,0.24768022,-0.43443705,0.59636623,0.59489755,0.58219433,-0.27644739,-0.18647587,-0.97918306,-0.372567,0.40066989,-0.39137226,-0.99874196,0.48368075,-0.32414538,-0.42910609,-0.31325094,-0.078041198,-0.99888492,0.28058928,0.0045912858,-0.99839358,-0.07022219,-0.99839358,-0.99998235,0.0097449407,-0.99422812,2,"laying"
0.73861105,0.79997601,-0.56089208,0.78558787,0.24598259,-0.43497688,0.59654485,0.59549617,0.58224321,-0.27626833,-0.25690453,-0.97889661,-0.10181086,0.11618578,-0.39113665,-0.99867374,0.48292997,-0.3231135,-0.13085629,-0.31185541,-0.26257046,-0.99817331,0.28268709,0.20257233,-0.99882575,-0.077674526,-0.99882575,-0.99998736,-0.18989859,-0.99566577,2,"laying"
0.73879837,0.79999449,-0.56100923,0.78628351,0.24814075,-0.4349335,0.59778796,0.59588524,0.5824952,-0.278045,-0.084224383,-0.97905219,-0.20032981,0.21551463,-0.39113665,-0.99742751,0.48342022,-0.32367718,-0.2311316,-0.31094772,-0.32367855,-0.99678809,0.28453185,0.27294749,-0.99702722,-0.16044715,-0.99702722,-0.99996523,-0.26593321,-0.996617,2,"laying"
0.73879837,0.79990552,-0.56155205,0.78590784,0.24697577,-0.43459837,0.59443007,0.59489569,0.5824952,-0.2786786,0.18525521,-0.97964772,-0.48616131,0.50712287,-0.39216505,-0.99462503,0.48487534,-0.32583882,-0.52839493,-0.31325275,-0.18158748,-0.99345255,0.27671084,0.10900227,-0.9935858,-0.24189724,-0.9935858,-0.999914,-0.08826766,-0.99586479,2,"laying"
0.7402483,0.79990552,-0.56311636,0.78629856,0.24819032,-0.43311284,0.59333434,0.59254192,0.58164511,-0.28084921,0.011617039,-0.98005608,-0.39459163,0.40447463,-0.39528128,-0.99429305,0.48583943,-0.32733659,-0.41427256,-0.31872731,-0.062845867,-0.99284346,0.26860233,-0.02324303,-0.99351438,-0.26884247,-0.99351438,-0.99991285,0.049862584,-0.9965291,2,"laying"
0.7402771,0.80118433,-0.56417333,0.78768233,0.25248577,-0.43217281,0.59333434,0.59184194,0.5802642,-0.28126902,-0.17664884,-0.98042462,-0.23381464,0.23829008,-0.39545666,-0.99804874,0.48690021,-0.32870661,-0.2426749,-0.32035403,0.088891363,-0.99668164,0.26785526,-0.18946403,-0.99714354,0.095084832,-0.99714354,-0.99996663,0.2208001,-0.9967332,2,"laying"
0.7402771,0.80122431,-0.56300319,0.78699735,0.2503577,-0.43347099,0.59349736,0.5935264,0.58137694,-0.28126902,-0.20894794,-0.98058254,-0.28196892,0.29428595,-0.39746962,-0.99622249,0.48736432,-0.32929296,-0.30600082,-0.31644059,0.018440121,-0.99558792,0.26936861,-0.108681,-0.99555631,0.0019996572,-0.99555631,-0.99994438,0.1342214,-0.99718439,2,"laying"
0.73949387,0.80122431,-0.56287321,0.78696115,0.25024452,-0.43361954,0.59474899,0.59374766,0.58137694,-0.28168033,-0.21148524,-0.98060825,-0.17907609,0.193884,-0.39746962,-0.99341214,0.48744397,-0.32938962,-0.20845944,-0.3159274,-0.10397847,-0.991661,0.26967565,0.0386658,-0.99056493,-0.29594541,-0.99056493,-0.99985773,-0.030994381,-0.99721713,2,"laying"
-0.31944337,-0.32856181,0.30972053,-0.32923317,-0.81229836,-0.067223627,0.11767644,0.12846077,0.13846459,0.9144398,-0.30434138,0.77004476,-0.5993112,0.6428024,0.85647278,-0.52987705,-0.6704435,0.91348113,-0.6861782,-0.96990423,-0.18533109,-0.43050711,0.075160937,0.15497654,-0.39013571,-0.44398941,-0.39013571,-0.80972074,-0.17900426,-0.60197705,2,"walking"
-0.34439646,-0.3352731,0.32761529,-0.35624418,-0.77916705,-0.073858651,0.12236247,0.13871835,0.13847846,0.9144398,-0.35685323,0.75481441,-0.51751471,0.58134801,0.84932136,-0.54235906,-0.64255434,0.90752733,-0.6448581,-0.96477301,-0.11650848,-0.44027136,0.16447259,0.13053198,-0.36231623,-0.22092699,-0.36231623,-0.79226215,-0.20659319,-0.65227495,2,"walking"
-0.35470401,-0.3352731,0.32570916,-0.3543337,-0.78165806,-0.075185278,0.13674153,0.14094582,0.13847846,0.91874122,-0.29194936,0.76532604,-0.45206791,0.52280475,0.84932136,-0.55699961,-0.64443576,0.91167051,-0.59325349,-0.96373598,-0.13725779,-0.40293787,0.17320351,0.15848038,-0.37294288,-0.15790281,-0.37294288,-0.79902622,-0.24009439,-0.67826257,2,"walking"
-0.35470401,-0.3275833,0.32044071,-0.34504788,-0.79369287,-0.076173954,0.13674153,0.14161427,0.13793493,0.91857776,-0.34812124,0.75400255,-0.53378694,0.60053769,0.84876221,-0.55777439,-0.65103779,0.90721757,-0.66713232,-0.96338955,-0.068046252,-0.41656597,0.14121022,0.095837669,-0.38906735,-0.24473861,-0.38906735,-0.80905291,-0.18950531,-0.6063484,2,"walking"
-0.35421199,-0.32015104,0.31953495,-0.3439022,-0.79515243,-0.08184387,0.14603271,0.14982503,0.15278287,0.91857776,-0.39745352,0.75285646,-0.52862407,0.59005208,0.83866414,-0.59613799,-0.64901779,0.90677584,-0.65044101,-0.95880669,-0.016115672,-0.46778285,0.15918927,0.02000152,-0.45863867,-0.38439502,-0.45863867,-0.84940891,-0.090329628,-0.66970754,2,"walking"
-0.35421199,-0.32015104,0.31774453,-0.34096334,-0.79883671,-0.084703508,0.15079457,0.15374563,0.15278287,0.91717267,-0.28738734,0.74924468,-0.28511068,0.35556489,0.83866414,-0.58633754,-0.64971235,0.90535078,-0.42243562,-0.95656118,0.077302813,-0.52244999,0.15894429,-0.081114073,-0.43282581,-0.37166525,-0.43282581,-0.83499687,0.014109116,-0.70920021,2,"walking"
-0.35569616,-0.3176794,0.31931394,-0.34216993,-0.79734507,-0.082744199,0.14754791,0.15048437,0.15201402,0.91717267,-0.29253826,0.73727928,-0.18477322,0.2592328,0.82971258,-0.55219217,-0.648784,0.90063148,-0.32768677,-0.95846346,0.19233027,-0.51051347,0.14443166,-0.16342811,-0.38870032,-0.31365597,-0.38870032,-0.8087874,0.056292519,-0.66737103,2,"walking"
-0.36039395,-0.31930327,0.32265912,-0.34749086,-0.79064841,-0.082596913,0.14754791,0.15055014,0.14756014,0.91722922,-0.33711868,0.7384061,-0.26179676,0.33300378,0.83031486,-0.5435373,-0.64438174,0.90107686,-0.39964185,-0.95842469,0.29706117,-0.48245644,0.15991346,-0.28166277,-0.38601987,-0.30053201,-0.38601987,-0.80718517,0.18379687,-0.60894256,2,"walking"
-0.36677937,-0.32635914,0.32537439,-0.35235313,-0.78441951,-0.084319197,0.14987423,0.15348476,0.14756014,0.91743148,-0.30266077,0.74348376,-0.54064048,0.60053999,0.84435972,-0.52282806,-0.63972487,0.90307322,-0.65970335,-0.95673863,0.15428163,-0.44641038,0.18479788,-0.13931798,-0.38373694,-0.24660581,-0.38373694,-0.80576461,0.04979964,-0.66851717,2,"walking"
-0.36348996,-0.32635914,0.32543689,-0.35409683,-0.78216322,-0.083971681,0.15132743,0.15371473,0.14618316,0.91743148,-0.38153449,0.76097164,-0.52245887,0.58333346,0.8447743,-0.5289491,-0.6398449,0.90995707,-0.64358404,-0.95661751,0.12319192,-0.37213471,0.20338484,-0.10987011,-0.3442314,-0.066480301,-0.3442314,-0.77997775,0.021209255,-0.6119743,2,"walking"
-0.36322825,-0.32546014,0.32276604,-0.35025549,-0.7871067,-0.081459504,0.14020709,0.1500557,0.14548119,0.92658494,-0.34606292,0.76677127,-0.22176989,0.29406568,0.8447743,-0.57583652,-0.64489945,0.91225141,-0.36226808,-0.95866502,0.30260546,-0.41507147,0.18758794,-0.29307496,-0.37006076,-0.27864349,-0.37006076,-0.79676989,0.19812161,-0.60711495,2,"walking"
-0.3559561,-0.31644707,0.32041996,-0.34459355,-0.79430481,-0.077702616,0.14020709,0.14363355,0.14472378,0.91564037,-0.25456831,0.74839549,-0.34314309,0.41256251,0.83820609,-0.54893077,-0.65020918,0.90501378,-0.48026418,-0.96226461,0.30570558,-0.42763045,0.14113431,-0.30103361,-0.38784822,-0.35748339,-0.38784822,-0.80831636,0.21197054,-0.64036406,2,"walking"
-0.3559561,-0.32103071,0.32103279,-0.34351493,-0.79564968,-0.077539589,0.14075147,0.14258264,0.13626112,0.90892,-0.25779955,0.72681802,-0.39331685,0.4532836,0.83714599,-0.56881821,-0.64947319,0.89647494,-0.5116851,-0.96288599,0.067469871,-0.5089665,0.11897743,-0.073227684,-0.42980896,-0.045200754,-0.42980896,-0.83327728,0.0089199292,-0.72927367,2,"walking"
-0.35790659,-0.32103071,0.32313062,-0.34623285,-0.79222949,-0.080186721,0.14334486,0.14627014,0.1415137,0.90874368,-0.17500099,0.71919496,-0.43487294,0.50260772,0.83019512,-0.62350064,-0.64514047,0.89345004,-0.56894111,-0.96085801,-0.054134389,-0.58084966,0.13039482,0.066574719,-0.50787551,-0.047208578,-0.50787551,-0.8751137,-0.14291557,-0.62869657,2,"walking"
-0.34480887,-0.32053491,0.31707673,-0.33890356,-0.80127702,-0.082001566,0.14788467,0.1493658,0.14304759,0.90874368,-0.27816993,0.74026432,-0.44408245,0.49081974,0.84045943,-0.6299509,-0.65222071,0.90178293,-0.53715722,-0.95912546,0.03339543,-0.56176197,0.13478674,-0.017917687,-0.48727112,-0.36530534,-0.48727112,-0.86466006,-0.068776915,-0.57738026,2,"walking"
-0.33659812,-0.32105982,0.32128185,-0.34485469,-0.79381795,-0.074203738,0.13201164,0.13822018,0.13659765,0.91417038,-0.25396655,0.73925558,-0.46039902,0.52575604,0.85175695,-0.58043049,-0.65098298,0.90138849,-0.59048154,-0.96517937,-0.14895581,-0.43963605,0.12040737,0.1941094,-0.41071212,-0.22090698,-0.41071212,-0.82214081,-0.30123911,-0.59165692,2,"walking"
-0.35795469,-0.32105982,0.32329361,-0.34847437,-0.78938508,-0.077269699,0.14032161,0.14294551,0.13659765,0.91417038,-0.35911308,0.74219969,-0.34924908,0.4206173,0.84660253,-0.53690738,-0.64656659,0.90255032,-0.4898831,-0.96268894,0.25053275,-0.38888763,0.14509757,-0.1796175,-0.33603594,-0.20279187,-0.33603594,-0.77505783,0.022440843,-0.57929498,2,"walking"
-0.3544756,-0.31765743,0.31719814,-0.34132327,-0.79839305,-0.077093904,0.14160342,0.14329823,0.13763056,0.91772367,-0.36841495,0.76803634,-0.42785058,0.50287074,0.84660253,-0.54427934,-0.65490152,0.91273896,-0.57730374,-0.96250624,0.44017407,-0.44821961,0.14621254,-0.40306167,-0.30596621,-0.24013364,-0.30596621,-0.75453977,0.27146298,-0.64642539,2,"walking"
-0.3544756,-0.3145454,0.31672043,-0.33994678,-0.80012648,-0.080588234,0.14160342,0.14802621,0.14466781,0.92073885,-0.30255685,0.75867632,-0.41372523,0.48875824,0.84649465,-0.59544857,-0.65353035,0.90905711,-0.56232235,-0.95983243,0.58015368,-0.447521,0.14802807,-0.59887578,-0.39270365,-0.31007278,-0.39270365,-0.8112561,0.51846872,-0.53607223,2,"walking"
-0.35481775,-0.31654545,0.32079738,-0.34443866,-0.79451434,-0.083067789,0.14704796,0.1510308,0.14466781,0.91576717,-0.21336602,0.7365544,-0.33006675,0.40412105,0.83135598,-0.6541454,-0.64660418,0.900343,-0.4753555,-0.9581638,0.13571717,-0.54611137,0.15149803,-0.13287193,-0.49928922,-0.29087161,-0.49928922,-0.87082074,0.05762391,-0.61219498,2,"walking"
-0.3464026,-0.31654545,0.31771882,-0.33991342,-0.8000694,-0.081495259,0.14704796,0.14868931,0.14420265,0.91391815,-0.19592302,0.7407049,-0.45276541,0.51441616,0.83943028,-0.58272874,-0.6516589,0.90197091,-0.57476865,-0.95950946,-0.2714067,-0.50159457,0.13608297,0.30191674,-0.45111638,-0.18339325,-0.45111638,-0.84527937,-0.38328203,-0.64293714,2,"walking"
-0.3464026,-0.31403485,0.31275719,-0.3337692,-0.8076824,-0.081394009,0.14444299,0.14892287,0.1482003,0.91391815,-0.27477223,0.75819229,-0.48029459,0.53929678,0.84312775,-0.60054216,-0.65836089,0.9088687,-0.59706666,-0.95935105,-0.18264312,-0.48941403,0.13328577,0.21510566,-0.45800724,-0.37967585,-0.45800724,-0.84910494,-0.30555626,-0.4844102,2,"walking"
-0.34653123,-0.31478609,0.3159506,-0.33903042,-0.80120673,-0.084885045,0.14444299,0.15428228,0.15427725,0.92513083,-0.35153062,0.75860454,-0.34657168,0.42280871,0.84312775,-0.58159095,-0.65199522,0.90904193,-0.49604226,-0.95618813,0.15716157,-0.48335241,0.16222705,-0.13182108,-0.36267247,-0.42783889,-0.36267247,-0.79229281,0.027091249,-0.57447997,2,"walking"
-0.35604986,-0.31478609,0.31725992,-0.34128952,-0.79845753,-0.082945179,0.14186679,0.1516778,0.15427725,0.92513083,-0.25380871,0.76234879,-0.17181566,0.25530593,0.84345804,-0.4633167,-0.65141499,0.91051257,-0.33281157,-0.95766299,0.57428212,-0.38865078,0.16423047,-0.54468179,-0.23816507,-0.36997026,-0.23816507,-0.70501827,0.41422798,-0.62063207,2,"walking"
-0.35604986,-0.31266781,0.31653829,-0.34065969,-0.79924837,-0.080732582,0.14186679,0.14866396,0.15138083,0.92670253,-0.2092962,0.76945917,-0.22760104,0.30482134,0.84345804,-0.58075003,-0.65369011,0.91330906,-0.37768042,-0.95945896,0.42206538,-0.5054777,0.15984442,-0.39266827,-0.31865636,-0.37944865,-0.31865636,-0.7632419,0.27336077,-0.66400001,2,"walking"
-0.35540687,-0.31266781,0.31740338,-0.34056898,-0.7993586,-0.084942941,0.14668891,0.15412904,0.15138788,0.91739771,-0.2836549,0.75058154,-0.30658166,0.37977813,0.8413057,-0.59108629,-0.65002285,0.90587366,-0.45036235,-0.9563459,0.22213026,-0.49704087,0.15990332,-0.21246622,-0.43464859,-0.42772215,-0.43464859,-0.83577031,0.12398271,-0.73626874,2,"walking"
-0.35540687,-0.31743492,0.31936801,-0.34136647,-0.79834828,-0.084051754,0.14911476,0.15195752,0.15138788,0.9081099,-0.32405111,0.72682705,-0.24189853,0.31180844,0.83016912,-0.53029924,-0.6479343,0.89648299,-0.37792556,-0.95761539,-0.035810137,-0.46636396,0.13820884,0.081265828,-0.4089558,-0.15646326,-0.4089558,-0.82110074,-0.19280552,-0.61869813,2,"walking"
-0.35848709,-0.31880641,0.32381812,-0.346853,-0.79145226,-0.081430223,0.14737122,0.14789675,0.14096812,0.9081099,-0.34659217,0.71360644,-0.37099269,0.44314395,0.82371262,-0.53611539,-0.64350003,0.89122633,-0.51320161,-0.95996187,0.16370454,-0.48540947,0.13214924,-0.12611322,-0.38678825,0.016323046,-0.38678825,-0.8076341,0.010509436,-0.61950259,2,"walking"
-0.35700901,-0.31880641,0.32274915,-0.34695944,-0.79131941,-0.081149481,0.14737122,0.14818904,0.1428678,0.90833515,-0.31364901,0.73245932,-0.31158342,0.39748095,0.84015833,-0.56646468,-0.64510135,0.89868855,-0.48302326,-0.95978903,0.35468434,-0.49717506,0.14756871,-0.34609972,-0.42844073,-0.11855434,-0.42844073,-0.83250574,0.24840607,-0.76026659,2,"walking"
-0.31307268,-0.3334147,0.30831442,-0.31998617,-0.82311621,-0.093172277,0.13285427,0.16192376,0.1946033,0.88123842,-0.73451084,0.67214226,-0.53401781,0.59051881,0.81293627,0.029353535,-0.65680889,0.87458102,-0.64619559,-0.95001703,-0.29118988,0.20021731,0.064662506,0.30481785,0.24057694,-0.42587975,0.24057694,-0.225754,-0.36863922,-0.66531869,2,"walking_downstairs"
-0.31307268,-0.29836769,0.30375356,-0.31266964,-0.83224636,-0.081748192,0.13285427,0.14546129,0.15094249,0.89232433,-0.78639401,0.6758399,-0.31849619,0.38300406,0.81293627,-0.031304873,-0.67013211,0.87608696,-0.44250697,-0.96110032,-0.22611267,0.19355017,0.003700581,0.25599062,0.15923385,-0.41795402,0.15923385,-0.32318249,-0.34086136,-0.59902318,2,"walking_downstairs"
-0.32075096,-0.29836769,0.30797143,-0.32067691,-0.82321329,-0.090694865,0.14155566,0.15905164,0.15984541,0.89232433,-0.68431457,0.68759243,-0.5651969,0.62230515,0.84057443,-0.094211421,-0.65888798,0.88077253,-0.67885022,-0.95333181,-0.40002988,0.13907153,0.07076969,0.41706982,0.1501838,-0.049764856,0.1501838,-0.33353841,-0.47574957,-0.26568061,2,"walking_downstairs"
-0.32075096,-0.30192421,0.3047503,-0.31819186,-0.82604697,-0.08353965,0.12610229,0.14995631,0.15984541,0.89422981,-0.74328766,0.72050299,-0.55404147,0.61351863,0.84390172,0.057690843,-0.66769999,0.89390297,-0.67273672,-0.9583247,-0.34264441,0.27597413,0.064966948,0.36054792,0.33673344,-0.22581839,0.33673344,-0.10212075,-0.42433413,-0.049477986,2,"walking_downstairs"
-0.32055955,-0.30192421,0.30857568,-0.32096752,-0.82279504,-0.075651268,0.12610229,0.13767071,0.13961393,0.876368,-0.82429302,0.69152837,-0.53435411,0.60021111,0.84390172,0.074317186,-0.66733257,0.8822473,-0.66555094,-0.96540863,-0.1829672,0.27540835,0.017263441,0.23649849,0.30447191,-0.34744671,0.30447191,-0.14459812,-0.35028197,-0.32014485,2,"walking_downstairs"
-0.29433456,-0.301771,0.29757989,-0.30352903,-0.84195336,-0.072182147,0.11445816,0.13182489,0.1334316,0.876368,-0.70038684,0.68421445,-0.5670825,0.62020691,0.83927729,-0.053708238,-0.68408816,0.87932602,-0.67320257,-0.96830389,-0.25385444,0.11306082,-0.051330677,0.27599219,0.1599289,-0.070108623,0.1599289,-0.32232081,-0.35101352,-0.30244135,2,"walking_downstairs"
-0.29433456,-0.28203056,0.28757949,-0.29047301,-0.85664145,-0.063896487,0.11445816,0.12058038,0.12665056,0.88401672,-0.71104978,0.71270841,-0.52628483,0.58759007,0.83927729,-0.02911982,-0.7022252,0.89078111,-0.64906093,-0.97373303,-0.19211077,0.27915438,-0.094804467,0.22903326,0.31329547,-0.31341696,0.31329547,-0.13296425,-0.32392561,-0.57541551,2,"walking_downstairs"
-0.29875077,-0.33542065,0.31045851,-0.3201574,-0.82250876,-0.06075457,0.11161063,0.1154757,0.11218207,0.8649358,-0.77363675,0.65997966,-0.48234065,0.56671241,0.83736012,0.024895505,-0.67274073,0.86951971,-0.65135432,-0.97610964,-0.08684619,0.068681546,-0.068717554,0.15309355,0.29244221,-0.20737306,0.29244221,-0.16018905,-0.28742089,-0.5737289,2,"walking_downstairs"
-0.3313462,-0.32679195,0.31530832,-0.33255822,-0.80877161,-0.068063854,0.12405618,0.12789649,0.12579393,0.90494778,-0.66349883,0.71033716,-0.48179014,0.55919598,0.82403125,0.043611546,-0.6623907,0.88992147,-0.63356507,-0.97040484,-0.47683931,0.11846428,0.037378869,0.50302536,0.20399128,-0.075887147,0.20399128,-0.27035762,-0.56730885,-0.57631553,2,"walking_downstairs"
-0.33937455,-0.33951062,0.32986648,-0.35261906,-0.78362491,-0.065595851,0.11707672,0.12436709,0.12132154,0.88370982,-0.59739337,0.68706623,-0.62164565,0.69210506,0.82012181,0.064799574,-0.64368025,0.88057089,-0.76236893,-0.97207691,-0.27292211,0.20938049,0.064444968,0.34403332,0.22548261,-0.12353931,0.22548261,-0.24421536,-0.47032379,-0.40768759,2,"walking_downstairs"
-0.35077633,-0.33951062,0.32817337,-0.35202655,-0.78447764,-0.058930123,0.094606523,0.11548909,0.11958683,0.88370982,-0.60415717,0.71192589,-0.62551079,0.6871982,0.85472357,0.12694202,-0.64915656,0.8903743,-0.74895757,-0.97588803,-0.14887412,0.39194406,0.057964694,0.2107469,0.36148902,-0.18804061,0.36148902,-0.068820156,-0.33497509,-0.21386505,2,"walking_downstairs"
-0.35006897,-0.32195575,0.31675329,-0.33658143,-0.80425172,-0.051764049,0.094606523,0.1054028,0.10943351,0.87078032,-0.65123061,0.73947413,-0.56803763,0.63930103,0.85472357,0.029832626,-0.66819507,0.90133082,-0.7113339,-0.98014351,-0.16265395,0.39581291,0.010139121,0.20874509,0.3363078,-0.064322045,0.3363078,-0.10261734,-0.31423402,-0.37303714,2,"walking_downstairs"
-0.34398347,-0.3086365,0.31877637,-0.33234194,-0.80943633,-0.056903174,0.095661892,0.11039144,0.11398388,0.85386606,-0.63280158,0.6585279,-0.53021336,0.59318971,0.85131724,-0.04193274,-0.6631015,0.86875544,-0.65654851,-0.97811048,-0.1868816,0.2464707,-0.050684214,0.19227811,0.26913221,0.081782107,0.26913221,-0.18906224,-0.25153221,-0.10000239,2,"walking_downstairs"
-0.34398347,-0.33336222,0.32849457,-0.34044325,-0.79920368,-0.05420501,0.089042881,0.10503881,0.11398388,0.843678,-0.73039285,0.59248763,-0.46152979,0.53500826,0.7798802,0.096554977,-0.65079455,0.84203875,-0.60781114,-0.98005061,-0.22251751,0.56300284,-0.094361313,0.26158807,0.4098625,-0.20783742,0.4098625,-0.0018989226,-0.35627645,0.12178805,2,"walking_downstairs"
-0.35148681,-0.33829475,0.34283193,-0.35960404,-0.77472101,-0.049785698,0.089042881,0.098973466,0.10736089,0.84327841,-0.70933152,0.57190558,-0.48886034,0.56842902,0.77910015,0.017151081,-0.63251915,0.83348996,-0.64748557,-0.98251619,-0.11848769,0.31275884,-0.074973827,0.2262176,0.29067286,-0.46659139,0.29067286,-0.162487,-0.40199761,-0.41953349,2,"walking_downstairs"
-0.34456282,-0.33955111,0.32731978,-0.34451827,-0.79401936,-0.068735993,0.12234512,0.12710904,0.13447703,0.86314787,-0.7307487,0.64315464,-0.55272083,0.61543988,0.81273584,-0.069484843,-0.64562066,0.86273124,-0.67767641,-0.97073764,-0.20108971,0.08022629,0.015468455,0.1975322,0.16212301,-0.07041601,0.16212301,-0.31967437,-0.24892314,-0.41140678,2,"walking_downstairs"
-0.35452848,-0.33955111,0.33778414,-0.35855495,-0.77610154,-0.069874842,0.12326242,0.12863712,0.12469421,0.86314787,-0.73172704,0.62324955,-0.46324695,0.52507499,0.79673154,-0.047195003,-0.63067485,0.85468631,-0.58577668,-0.9700332,-0.32889557,0.14296147,0.042199921,0.38188693,0.19739398,0.11291797,0.19739398,-0.27818078,-0.4850474,-0.56260177,2,"walking_downstairs"
-0.33980329,-0.33944362,0.32938254,-0.34677014,-0.79087923,-0.068623795,0.097078495,0.12674777,0.12469421,0.85495122,-0.63419167,0.63409949,-0.38112851,0.43727826,0.79673154,-0.094570041,-0.64284746,0.85913336,-0.49227056,-0.97084198,0.065852613,0.1453038,0.013699838,-0.063485154,0.26571377,-0.064019826,0.26571377,-0.19291911,-0.01260151,-0.27510098,2,"walking_downstairs"
-0.33980329,-0.32606624,0.32857652,-0.33905604,-0.80096365,-0.050354761,0.071932967,0.099303884,0.12085916,0.83531792,-0.63576532,0.57967744,-0.51513059,0.58623034,0.78939519,-0.082907765,-0.65228803,0.83662197,-0.65718655,-0.98138231,-0.047679807,0.20519703,-0.12386872,0.053200568,0.23127532,-0.25828304,0.23127532,-0.23630898,-0.12457577,0.001837337,2,"walking_downstairs"
-0.35225948,-0.33400632,0.33929933,-0.35373766,-0.78252943,-0.044708956,0.071932967,0.091681555,0.11131314,0.83531792,-0.60816663,0.56922196,-0.57688062,0.63783713,0.80707344,-0.032195604,-0.63939356,0.83227733,-0.69891137,-0.98468502,-0.25543036,0.25078601,-0.11272096,0.28416578,0.232446,-0.2084138,0.232446,-0.23577594,-0.36547219,-0.072535959,2,"walking_downstairs"
-0.36714912,-0.33400632,0.33656791,-0.35824895,-0.77671226,-0.056006038,0.084549102,0.10966702,0.11377547,0.84737604,-0.56646027,0.64639758,-0.52714557,0.59305284,0.81300077,0.042984868,-0.63876625,0.86398625,-0.65898675,-0.97837729,-0.069713351,0.2325368,0.0085627146,0.096315938,0.33634774,-0.050725256,0.33634774,-0.10201442,-0.18682369,0.061690487,2,"walking_downstairs"
-0.36584716,-0.3335946,0.33450147,-0.35774197,-0.77737453,-0.056611666,0.10220991,0.11123408,0.11825819,0.8841305,-0.60176985,0.67177996,-0.43613677,0.52051268,0.81300077,0.037866524,-0.64138731,0.87443008,-0.60293439,-0.97775751,0.035132744,0.15451582,0.031456071,0.039069863,0.29258519,-0.25320507,0.29258519,-0.1596601,-0.18784883,-0.63779803,2,"walking_downstairs"
-0.35427795,-0.3335946,0.32873757,-0.3486767,-0.78896859,-0.061384581,0.10274856,0.1175891,0.1185563,0.8841305,-0.6845342,0.66721468,-0.34703029,0.44127089,0.80744217,-0.0010427611,-0.64724548,0.87259817,-0.53074332,-0.97499739,-0.091582931,0.12232069,0.020296722,0.14637274,0.2556843,-0.41431401,0.2556843,-0.20671357,-0.26595908,-0.53984726,2,"walking_downstairs"
-0.31772541,-0.44553899,0.34094001,-0.37531987,-0.74589628,-0.01010243,0.031893111,0.046305441,0.096546044,0.85119192,-0.52423391,0.76462816,-0.76515015,0.79680902,0.88991484,-0.2618543,-0.64622064,0.91080626,-0.82869066,-0.99582569,-0.51642755,0.0041409603,-0.024353786,0.49896977,-0.05488412,-0.61600401,-0.05488412,-0.54823054,-0.51398873,-0.74047967,2,"walking_upstairs"
-0.38746581,-0.46467711,0.4047553,-0.4619784,-0.6172231,-0.002761923,0.031893111,0.035541425,0.036020518,0.84860961,-0.61044807,0.62801969,-0.72693732,0.77368189,0.85294485,-0.17419386,-0.55503919,0.85638558,-0.82090152,-0.99819221,-0.45778781,0.0057651955,0.077567525,0.49093175,-0.026676892,-0.38727607,-0.026676892,-0.52127,-0.56425019,-0.71246651,2,"walking_upstairs"
-0.49136912,-0.46467711,0.4232666,-0.48740783,-0.57499243,-0.008860685,0.032708699,0.044457604,0.053005628,0.83152586,-0.38834682,0.5897196,-0.69408214,0.73385938,0.79064439,-0.38495145,-0.52758112,0.84084983,-0.77366889,-0.99682075,-0.50354317,-0.17282932,0.14057442,0.50524007,-0.22184152,-0.61384476,-0.22184152,-0.69241307,-0.53996392,-0.064145724,2,"walking_upstairs"
-0.4728725,-0.46115025,0.41545881,-0.4742051,-0.59837921,-0.013148881,0.043561819,0.050420089,0.053005628,0.83088419,-0.41692915,0.58708748,-0.69010272,0.71543398,0.79064439,-0.42721979,-0.53826677,0.83972904,-0.74042302,-0.99593296,-0.63334278,-0.23924676,0.11849787,0.65096806,-0.2829491,-0.66728451,-0.2829491,-0.73818802,-0.69463102,0.00058675517,2,"walking_upstairs"
-0.4728725,-0.44843681,0.41256644,-0.46785265,-0.60962508,-0.012112792,0.043561819,0.048682733,0.049222105,0.83088419,-0.57337612,0.57602813,-0.66814392,0.70134874,0.77663916,-0.4444598,-0.5425949,0.83518057,-0.73413192,-0.99629621,-0.54087324,-0.30464143,0.08785828,0.55845066,-0.26971762,-0.59520413,-0.26971762,-0.72829429,-0.6084871,-0.64111972,2,"walking_upstairs"
-0.47138341,-0.44843681,0.41331343,-0.4677173,-0.60984807,-0.0079563644,0.026176865,0.042614961,0.045317001,0.83431324,-0.53486592,0.56734963,-0.68827347,0.72765201,0.77663916,-0.42838148,-0.54207768,0.83158914,-0.76677687,-0.99712785,-0.57639077,-0.21020612,0.064371116,0.59369768,-0.29239476,-0.66262028,-0.29239476,-0.74500608,-0.64089519,-0.44557883,2,"walking_upstairs"
-0.47138341,-0.45446647,0.41417781,-0.46941013,-0.60682658,-0.0083812909,0.026176865,0.043270409,0.045988597,0.83473646,-0.59727181,0.56917259,-0.70062599,0.73998313,0.77169304,-0.36372697,-0.54077516,0.83236947,-0.7788838,-0.99701526,-0.59606359,-0.22819074,0.072220112,0.63435405,-0.24385342,-0.61564756,-0.24385342,-0.70933873,-0.70304758,-0.43845006,2,"walking_upstairs"
-0.47396941,-0.45565961,0.41978236,-0.47894661,-0.59009787,-0.0068372235,0.031187473,0.041219022,0.045988597,0.84753078,-0.64025585,0.57172181,-0.64260702,0.68098545,0.77169304,-0.37474033,-0.53286432,0.83344189,-0.71852244,-0.99732503,-0.50261441,-0.21140151,0.094698284,0.54209441,-0.22444275,-0.63204483,-0.22444275,-0.69443673,-0.61843746,-0.79927853,2,"walking_upstairs"
-0.40985998,-0.44516317,0.38381601,-0.43500637,-0.66313946,-0.063177231,0.033956221,0.12350085,0.18291508,0.86505874,-0.69083482,0.66023295,-0.68469175,0.72860199,0.81915045,-0.27103604,-0.56959295,0.8697161,-0.77228055,-0.96660407,-0.36985924,-0.097990564,0.26498944,0.39958673,-0.11197218,-0.74817538,-0.11197218,-0.600652,-0.4751676,-0.56003891,2,"walking_upstairs"
-0.45138056,-0.45098656,0.41225818,-0.47094588,-0.60392144,-0.013179991,0.019244567,0.050564207,0.13583123,0.84236368,-0.71134671,0.60126753,-0.65367289,0.70320668,0.80331654,-0.19587305,-0.54288208,0.84556897,-0.75250947,-0.99378099,-0.2628659,0.017884002,0.12126198,0.31128099,-0.0094478922,-0.78997502,-0.0094478922,-0.50410136,-0.41397959,-0.59144629,2,"walking_upstairs"
-0.49391429,-0.46117519,0.42499049,-0.4862462,-0.57712082,0.0069435314,0.0074789968,0.021346451,0.022094754,0.84236368,-0.53005476,0.56471131,-0.61975123,0.660439,0.77407944,-0.32838987,-0.52649563,0.83051299,-0.7004358,-0.99943277,-0.30081308,-0.093577599,0.055851485,0.32092927,-0.13046821,-0.57964375,-0.13046821,-0.61661199,-0.38780565,-0.40582671,2,"walking_upstairs"
-0.49589539,-0.47040782,0.42760154,-0.4943254,-0.56236988,0.0077000823,0.0072624067,0.020397416,0.025205612,0.84322682,-0.41987635,0.5897489,-0.56067656,0.60326852,0.7808391,-0.39359751,-0.52275219,0.84088373,-0.64476151,-0.99941884,-0.5745617,-0.25191493,0.09537345,0.59974113,-0.24284966,-0.565854,-0.24284966,-0.7085554,-0.65492113,-0.38692079,2,"walking_upstairs"
-0.49572989,-0.47074263,0.42839182,-0.49756363,-0.55639939,0.0015521731,0.0072624067,0.029475052,0.030629425,0.85458685,-0.59219269,0.60179446,-0.46720387,0.51562559,0.7808391,-0.30675227,-0.52122578,0.84589824,-0.56190855,-0.9987037,-0.54159652,-0.16229783,0.13800259,0.57228234,-0.14468407,-0.58696826,-0.14468407,-0.62924918,-0.63602885,-0.65008477,2,"walking_upstairs"
-0.48824956,-0.47074263,0.42616124,-0.48996966,-0.57026232,-0.0037427446,0.024259366,0.036927323,0.038931551,0.83881876,-0.50539647,0.57531441,-0.67367251,0.70996377,0.77526535,-0.34742259,-0.52398085,0.83492282,-0.74584418,-0.99796786,-0.45947084,-0.13085891,0.11601264,0.47502115,-0.17687726,-0.63225258,-0.17687726,-0.65624708,-0.5278822,-0.26682091,2,"walking_upstairs"
-0.48277228,-0.45614841,0.41833215,-0.47665055,-0.59421758,0.0019049534,0.015083416,0.028585361,0.038931551,0.83881876,-0.51849655,0.57369231,-0.66652972,0.70405912,0.77207305,-0.40104169,-0.53581241,0.83425268,-0.74101274,-0.99865908,-0.34123751,-0.23067743,0.05626411,0.36119397,-0.1901075,-0.61261947,-0.1901075,-0.66711817,-0.42619729,-0.23894958,2,"walking_upstairs"
-0.48277228,-0.46231505,0.41972552,-0.47802195,-0.59173784,0.0077211877,0.015083416,0.020182759,0.018524532,0.84074809,-0.6131539,0.56793809,-0.57965918,0.62738259,0.77207305,-0.39457638,-0.53415859,0.83185938,-0.67360532,-0.99955471,-0.26748104,-0.2775223,0.032933802,0.31027742,-0.19235433,-0.55080735,-0.19235433,-0.6685964,-0.40545966,-0.78601722,2,"walking_upstairs"
-0.41788473,-0.4776027,0.42121248,-0.48502711,-0.57767743,-0.022565543,-0.013521311,0.06442825,0.1818031,0.83940007,-0.63975134,0.59332508,-0.62050843,0.6703826,0.8024221,-0.3060973,-0.52836355,0.84235673,-0.72010385,-0.98188111,-0.46326882,-0.14426637,0.22014024,0.48913183,-0.11324018,-0.80633056,-0.11324018,-0.60120225,-0.5542956,-0.67728122,2,"walking_upstairs"
-0.51299424,-0.4776027,0.4375917,-0.50495549,-0.54267619,0.022503055,-0.013521311,-0.0011645355,0.029576206,0.82332503,-0.57193221,0.55006302,-0.6004264,0.64878802,0.76936786,-0.35063933,-0.50847149,0.82436565,-0.69627995,-0.99959578,-0.14805484,-0.21951124,0.085521598,0.17629425,-0.13595051,-0.74825577,-0.13595051,-0.62143733,-0.2620155,-0.55362032,2,"walking_upstairs"
-0.51234619,-0.48392954,0.43990003,-0.50444628,-0.54358886,0.019446287,-0.0068685618,0.0032887737,0.01898869,0.82332503,-0.54509293,0.5224417,-0.60233867,0.64786157,0.75158926,-0.33127562,-0.5051721,0.81276715,-0.69227563,-0.99978735,-0.22546408,-0.28109775,0.051782433,0.22947846,-0.18177539,-0.65625175,-0.18177539,-0.660307,-0.28532605,-0.5307207,2,"walking_upstairs"
-0.50825724,-0.48407235,0.43893525,-0.50622054,-0.54020479,0.0061843123,-0.0011985874,0.022501505,0.037138656,0.82470212,-0.64428138,0.54340043,-0.6196029,0.66853932,0.77366775,-0.26829843,-0.50626317,0.82154818,-0.71702192,-0.99889003,-0.3867833,-0.1073811,0.10369594,0.41030226,-0.10633198,-0.71224453,-0.10633198,-0.5956743,-0.47690814,-0.46640279,2,"walking_upstairs"
-0.49991444,-0.48407235,0.43165937,-0.4994073,-0.55288102,0.00041716275,0.02264325,0.031005867,0.037138656,0.83824609,-0.51829154,0.57750588,-0.65129165,0.692227,0.77702829,-0.32209175,-0.51640709,0.83583148,-0.73272033,-0.99860625,-0.44758111,-0.19777044,0.12756638,0.45912902,-0.19866242,-0.70954811,-0.19866242,-0.67399813,-0.50851105,-0.3142237,2,"walking_upstairs"
-0.49352764,-0.46413414,0.42335856,-0.4870767,-0.57559198,0.0053331927,0.018277678,0.023788423,0.025702982,0.84416732,-0.45648539,0.58841477,-0.63373123,0.67897893,0.7806846,-0.40777487,-0.52876918,0.84035543,-0.72375219,-0.99931096,-0.46819552,-0.27709746,0.083495006,0.47915515,-0.26703716,-0.57067493,-0.26703716,-0.72651967,-0.52647181,-0.084668703,2,"walking_upstairs"
-0.49352764,-0.45934339,0.42166103,-0.485434,-0.57859246,0.0049619535,0.018277678,0.024352758,0.022385615,0.85018523,-0.64327659,0.59639914,-0.59080561,0.64590148,0.78105242,-0.37325925,-0.53120446,0.84367191,-0.70040813,-0.99926644,-0.39475756,-0.31755393,0.086919379,0.42509218,-0.21775806,-0.42539786,-0.21775806,-0.68881073,-0.49826706,-0.73621545,2,"walking_upstairs"
-0.050897239,-0.24867999,0.1413595,-0.084040058,-0.98099349,-0.029876633,-0.15196188,0.073876458,0.26405463,0.95287693,0.016974178,0.91546689,-0.63370978,0.63714519,0.9203862,-0.39009159,-0.90969815,0.96927213,-0.64026753,-0.94386897,-0.95342321,-0.55676793,-0.41514863,0.95598823,-0.39808934,-0.85040581,-0.39808934,-0.81454859,-0.96195975,-0.85034216,4,"standing"
-0.050897239,-0.059677619,0.11628588,-0.047419816,-0.99764172,-0.14168279,0.094078554,0.23264713,0.26428049,0.95197435,-0.033342621,0.84615445,-0.22990045,0.22661973,0.90260441,-0.83537516,-0.77871081,0.94301828,-0.2233588,-0.8938023,-0.78084851,-0.82798506,-0.35494423,0.77428393,-0.80654079,-0.77765929,-0.80654079,-0.97949851,-0.78241119,-0.61987679,4,"standing"
-0.071250672,-0.077320028,0.14018287,-0.082486934,-0.99116881,-0.13374929,0.17881287,0.22165026,0.26428049,0.95197435,-0.236018,0.85099651,-0.35542936,0.35891977,0.88291924,-0.84650017,-0.7820746,0.94489883,-0.36236626,-0.90528799,-0.71382503,-0.87486539,-0.28548364,0.69826606,-0.84452574,-0.70971402,-0.84452574,-0.98645218,-0.70165917,-0.8860662,4,"standing"
-0.10118297,-0.077320028,0.14770652,-0.093603024,-0.98883284,-0.11170976,0.17881016,0.19083159,0.20627557,0.96639772,0.27207671,0.8748782,-0.24097413,0.23541934,0.88298708,-0.92133335,-0.8073544,0.95405652,-0.22980354,-0.93184442,-0.80900918,-0.92715396,-0.32003659,0.7947917,-0.92197207,-0.64042314,-0.92197207,-0.99619111,-0.79291104,-0.96661842,4,"standing"
-0.082797092,-0.06890932,0.1351135,-0.075037952,-0.99343299,-0.12733314,0.17881016,0.21256237,0.22866724,0.95917018,-0.38804735,0.85816721,-0.2171187,0.21319369,0.88298708,-0.92272707,-0.792773,0.94766007,-0.20915288,-0.91420554,-0.55122905,-0.92213515,-0.324686,0.52171201,-0.91859844,-0.47115363,-0.91859844,-0.99589044,-0.52160369,-0.80262017,4,"standing"
-0.082797092,-0.047481609,0.12694917,-0.063033966,-0.99604592,-0.13969106,0.22030575,0.22974127,0.22866724,0.95917018,-0.17579782,0.8442166,-0.30699773,0.30776706,0.8719557,-0.9557606,-0.77883857,0.94232712,-0.30839182,-0.90055171,-0.44270172,-0.93992574,-0.32163591,0.40069443,-0.94462553,-0.45779682,-0.94462553,-0.99791695,-0.39471721,-0.71854376,4,"standing"
-0.082805107,-0.043347837,0.12758248,-0.063959725,-0.99589238,-0.1366973,0.22020117,0.22553581,0.22794789,0.95950687,-0.32931008,0.84718633,-0.38552882,0.39384122,0.87127026,-0.93027261,-0.78273634,0.94346841,-0.40223131,-0.90427242,-0.46410118,-0.90350135,-0.32816457,0.43039539,-0.9172914,-0.47791218,-0.9172914,-0.99577,-0.43168277,-0.84739687,4,"standing"
-0.0720296,-0.043347837,0.12369249,-0.058242786,-0.99674529,-0.14488889,0.22020117,0.23690744,0.2409918,0.95595086,-0.42608598,0.83737354,-0.47827802,0.48110086,0.87126263,-0.91818538,-0.77261838,0.93969291,-0.4838108,-0.89388641,-0.52057345,-0.90531382,-0.32056383,0.49333808,-0.911148,-0.55460241,-0.911148,-0.99518684,-0.49764962,-0.92538573,4,"standing"
-0.068837783,-0.029422229,0.1161662,-0.047218319,-0.99832881,-0.15123033,0.24183368,0.2457844,0.2409918,0.95595086,0.23383254,0.83169939,-0.38850141,0.38521671,0.86533363,-0.9770606,-0.76552872,0.93751169,-0.3816325,-0.88589423,-0.67114537,-0.97259366,-0.33097655,0.64369107,-0.97611916,-0.72116836,-0.97611916,-0.99947416,-0.63731187,-0.95907033,4,"standing"
-0.068837783,-0.023575551,0.11588733,-0.046819974,-0.99838674,-0.14852715,0.24098824,0.24209699,0.23849999,0.95705158,0.41356751,0.83625288,-0.32107299,0.31982028,0.86533363,-0.98532036,-0.76931987,0.93926665,-0.3184097,-0.88939461,-0.39066517,-0.98341838,-0.33853663,0.33296115,-0.98489909,-0.5053693,-0.98489909,-0.99973311,-0.31364886,-0.9727398,4,"standing"
-0.07263704,-0.026794383,0.11864946,-0.050869987,-0.99792194,-0.1450975,0.23393002,0.23730915,0.23107148,0.96011397,0.34311744,0.83985709,-0.34539727,0.34857566,0.86763155,-0.98666963,-0.77351578,0.94065356,-0.35148625,-0.89380712,-0.28312468,-0.98365519,-0.33766486,0.21734182,-0.98568389,-0.42320075,-0.98568389,-0.99975248,-0.19709081,-0.98764835,4,"standing"
-0.077158564,-0.032104148,0.12139361,-0.05489384,-0.99736566,-0.14278674,0.23393002,0.2340852,0.22737504,0.96076931,0.2628091,0.84211513,-0.25833548,0.25781159,0.86763155,-0.97632775,-0.7760812,0.9415221,-0.2567948,-0.89676675,-0.33307692,-0.97483662,-0.33368209,0.27689283,-0.97601785,-0.55173465,-0.97601785,-0.99947061,-0.26350942,-0.97335389,4,"standing"
-0.080555112,-0.038298453,0.1251693,-0.060437375,-0.99652026,-0.14005724,0.22474336,0.23031538,0.22527837,0.96157829,-0.15001705,0.84522688,-0.3741161,0.3743911,0.87047894,-0.97726909,-0.77884955,0.94271708,-0.37446724,-0.9001017,-0.58987098,-0.97895628,-0.32640333,0.55725878,-0.9768352,-0.52132107,-0.9768352,-0.99949813,-0.55100984,-0.92708205,4,"standing"
-0.085699061,-0.038298453,0.12737146,-0.063681465,-0.99598258,-0.13615382,0.22474336,0.22492254,0.22262629,0.96237564,-0.14671325,0.85033493,-0.55383486,0.56030645,0.87101753,-0.97412241,-0.78354284,0.94467802,-0.56663783,-0.90487109,-0.4991337,-0.97754374,-0.32823291,0.45640068,-0.97534967,-0.6022554,-0.97534967,-0.99944784,-0.44553826,-0.94361891,4,"standing"
-0.088319408,-0.038291251,0.12737789,-0.063697825,-0.99598419,-0.13179111,0.21149762,0.21883044,0.21427536,0.96563731,-0.10151219,0.85559695,-0.50949347,0.51168672,0.87435209,-0.97424078,-0.78949174,0.94669437,-0.51355441,-0.91003015,-0.39729639,-0.97998615,-0.34058969,0.35149746,-0.9766328,-0.72542413,-0.9766328,-0.99949138,-0.34446107,-0.94911357,4,"standing"
-0.088319408,-0.039375517,0.12783049,-0.064349117,-0.99586668,-0.12886125,0.21149762,0.21465647,0.21239273,0.9651252,0.078928104,0.85757399,-0.52521323,0.54171576,0.87435209,-0.96834521,-0.79333798,0.9474515,-0.55836355,-0.91354431,-0.37157413,-0.96032678,-0.34851825,0.35729938,-0.96449524,-0.68112941,-0.96449524,-0.99901398,-0.38573195,-0.75837575,4,"standing"
-0.076064313,-0.29542272,0.16882646,-0.1236548,-0.963733,-0.10575828,0.090243781,0.18095257,0.19953972,0.90246236,0.95870831,0.84000184,-0.91699122,0.91672823,0.88948664,-0.61888319,-0.80065659,0.94045747,-0.91610937,-0.93718183,-0.96683131,-0.6693227,-0.29097514,0.96438921,-0.59828537,-0.95779873,-0.59828537,-0.91602969,-0.96409113,-0.92051912,4,"standing"
-0.076064313,-0.045605403,0.12624828,-0.062163976,-0.99614756,-0.10443439,0.1644284,0.18074185,0.19953972,0.97353805,0.045256061,0.8929234,-0.94866751,0.95392127,0.88948664,-0.94691108,-0.82701812,0.96091788,-0.95887532,-0.93874275,-0.88964346,-0.95947863,-0.41917947,0.90117851,-0.94976056,-0.89913846,-0.94976056,-0.99823839,-0.92113711,-0.94954453,4,"standing"
-0.088558563,-0.059308407,0.13431366,-0.073878942,-0.99390351,-0.093451771,0.1644284,0.16473282,0.16519112,0.97897706,-0.18041159,0.89032897,-0.38146248,0.38205059,0.88745381,-0.98386195,-0.83822844,0.95993554,-0.38255772,-0.94991531,-0.85354575,-0.97976424,-0.43203234,0.84528677,-0.9837769,-0.84676666,-0.9837769,-0.99970424,-0.84670164,-0.96774172,4,"standing"
-0.097444288,-0.062432428,0.14151334,-0.084486048,-0.99142614,-0.091305548,0.16069857,0.16181761,0.1546449,0.97898959,-0.14499734,0.89282823,-0.20447224,0.20445163,0.88725955,-0.98041198,-0.83715037,0.96088357,-0.20430563,-0.95173803,-0.59221029,-0.97608595,-0.40919418,0.55759186,-0.97871821,-0.61647796,-0.97871821,-0.99955875,-0.54917451,-0.96452908,4,"standing"
-0.11268755,-0.073403308,0.14726534,-0.092942142,-0.9891498,-0.093669728,0.16069857,0.16522641,0.16801393,0.97640958,0.50722714,0.88998274,-0.38614385,0.38757544,0.88725955,-0.96288877,-0.83065629,0.95980292,-0.38893678,-0.94952677,-0.68879105,-0.97073186,-0.37920016,0.66435701,-0.96475044,-0.63192525,-0.96475044,-0.99902536,-0.6599294,-0.96740142,4,"standing"
-0.11571188,-0.073435782,0.15125151,-0.098783796,-0.98741282,-0.10135409,0.16440827,0.1761297,0.17391466,0.97530366,0.35462112,0.88189562,-0.51124449,0.52731114,0.8854019,-0.95248174,-0.8184436,0.95673135,-0.54355443,-0.94241904,-0.72751897,-0.95636124,-0.34010856,0.71961044,-0.95291864,-0.72551092,-0.95291864,-0.9984226,-0.73015993,-0.9709262,4,"standing"
-0.11491316,-0.073435782,0.15113632,-0.098626906,-0.98746181,-0.10712046,0.18107757,0.18432674,0.17848732,0.97372962,-0.099692669,0.87743874,-0.31952529,0.35023056,0.88120397,-0.96260777,-0.81121806,0.95503598,-0.38117493,-0.93681869,-0.6350591,-0.95727732,-0.32189163,0.62915618,-0.95977156,-0.39943304,-0.95977156,-0.99878876,-0.6483305,-0.92959796,4,"standing"
-0.11394055,-0.074138493,0.1484631,-0.094664981,-0.98865116,-0.10828314,0.18181083,0.18587063,0.17848732,0.9735594,-0.16683759,0.8753854,-0.0046774056,0.012842344,0.88030862,-0.95828172,-0.81133105,0.95425393,-0.020601083,-0.93573011,-0.59537364,-0.94975996,-0.33002914,0.56235555,-0.95450581,-0.32162801,-0.95450581,-0.99851151,-0.55528745,-0.94786189,4,"standing"
-0.11394055,-0.086280729,0.15364672,-0.10224859,-0.98614141,-0.10502721,0.18012484,0.18124268,0.17825285,0.9735594,0.097506178,0.87565218,0.10476519,-0.097332427,0.88031975,-0.95464538,-0.8122879,0.95435558,0.090671913,-0.9389741,-0.64280439,-0.94472999,-0.32160572,0.6109462,-0.95222501,-0.37203709,-0.95222501,-0.9983829,-0.60180439,-0.96558768,4,"standing"
-0.12758654,-0.086280729,0.15904646,-0.11020449,-0.98361046,-0.10329422,0.18012484,0.17888687,0.17163933,0.97460215,0.21682444,0.87675162,-0.17732569,0.19045352,0.88034562,-0.97908384,-0.81082033,0.95477446,-0.20259811,-0.94062669,-0.46235196,-0.97333998,-0.30548996,0.41114374,-0.97592318,-0.42984232,-0.97592318,-0.99946752,-0.39389161,-0.98383147,4,"standing"
-0.12595491,-0.084339656,0.15688613,-0.10702723,-0.98472231,-0.10624248,0.18152218,0.18303603,0.17807951,0.97242918,0.064139524,0.87461141,-0.29251587,0.30692192,0.88034562,-0.97057365,-0.80864297,0.95395879,-0.32125267,-0.93772477,-0.59477444,-0.96907352,-0.30459985,0.56895917,-0.96909042,-0.48717488,-0.96909042,-0.99921179,-0.56956287,-0.94191912,4,"standing"
-0.12525245,-0.081525757,0.15499774,-0.10421048,-0.98567209,-0.10518364,0.14564746,0.18143135,0.17812631,0.97235305,0.015611863,0.87420198,-0.10969907,0.11834403,0.88716266,-0.73331891,-0.81121442,0.95380121,-0.1271249,-0.93863683,-0.47485414,-0.79740512,-0.31683989,0.44901067,-0.72831826,-0.86327927,-0.72831826,-0.96069662,-0.45767408,-0.56723467,4,"standing"
0.25565804,0.10798312,-0.084368091,0.24107594,-0.86332244,-0.13765579,0.1757091,0.22445077,0.22945517,0.86790525,-0.89627399,0.68772938,-0.57980993,0.57595934,0.87624999,-0.69457073,-0.65996773,0.88041587,-0.57191485,-0.90453435,-0.6604268,-0.73396232,0.12685735,0.62573235,-0.69312908,-0.85052038,-0.69312908,-0.9502673,-0.61248384,-0.98196028,4,"sitting"
0.25565804,0.29573136,-0.11602874,0.28369893,-0.82427019,-0.14660155,0.23220911,0.23568478,0.22945517,0.86790525,-0.53199621,0.61509908,-0.96310447,0.96549,0.79235764,-0.9832252,-0.61493913,0.85137917,-0.96752355,-0.89529396,-0.92703509,-0.9840209,0.21678721,0.9328125,-0.98411412,-0.87557744,-0.98411412,-0.99971305,-0.94406159,-0.99314107,4,"sitting"
0.25086225,0.30057167,-0.11332496,0.27996767,-0.8286262,-0.14385652,0.23220911,0.2319046,0.22621148,0.86913785,-0.48340086,0.62219007,-0.55225458,0.54922456,0.78280468,-0.97775144,-0.62056922,0.85429323,-0.54597829,-0.89872755,-0.27373289,-0.98016248,0.20215721,0.20214807,-0.97901343,-0.57707067,-0.97901343,-0.99956774,-0.17647089,-0.99184439,4,"sitting"
0.24910021,0.30057929,-0.11418665,0.28134527,-0.82703776,-0.14062754,0.22135694,0.22759805,0.22167194,0.87717359,-0.12768468,0.62647196,-0.42021815,0.4197821,0.78280468,-0.98005519,-0.62234163,0.85604948,-0.4186715,-0.90250641,-0.080454838,-0.98140349,0.19776798,0.0074478946,-0.9805326,-0.52600886,-0.9805326,-0.99961381,0.0061658712,-0.99636729,4,"sitting"
0.25161491,0.30444393,-0.11635355,0.28424028,-0.82368261,-0.13742911,0.22135694,0.22311917,0.22014119,0.87667071,-0.46167942,0.6256163,-0.36147016,0.36014095,0.78256032,-0.98760338,-0.62245683,0.85569937,-0.35829329,-0.90642111,-0.10890786,-0.98758109,0.1929886,0.077817471,-0.9867474,-0.55313366,-0.9867474,-0.99977789,-0.1070558,-0.9935316,4,"sitting"
0.2529593,0.30681827,-0.11780168,0.28631701,-0.82125226,-0.13716909,0.22136992,0.22281898,0.21578479,0.87667071,-0.57743315,0.62455179,-0.26116546,0.26158909,0.78253163,-0.99124663,-0.62091797,0.85526377,-0.26162761,-0.90669012,0.15395761,-0.9896001,0.19698843,-0.23798757,-0.98916487,-0.50122669,-0.98916487,-0.99983135,0.24737743,-0.99201988,4,"sitting"
0.25954126,0.30937991,-0.12012583,0.28945082,-0.81754286,-0.13483354,0.21537437,0.21954885,0.21578479,0.87531877,-0.44351062,0.62273787,-0.18996257,0.1884642,0.78124343,-0.97730047,-0.62003149,0.85452101,-0.18639161,-0.90945717,0.26178846,-0.97919738,0.19533238,-0.37862316,-0.97591621,-0.68873469,-0.97591621,-0.99946724,0.41510834,-0.99617036,4,"sitting"
0.26263111,0.310766,-0.12365571,0.29411131,-0.81196621,-0.12778605,0.19717713,0.20968299,0.20821433,0.87531877,-0.25100154,0.62246279,-0.35019106,0.34859239,0.78203374,-0.9675569,-0.62138786,0.85440818,-0.34669143,-0.91753499,0.0023282166,-0.97523205,0.18140921,-0.086034483,-0.96945519,-0.64326324,-0.96945519,-0.99922659,0.10518313,-0.99778023,4,"sitting"
0.26461219,0.31743876,-0.12646427,0.29790685,-0.80738051,-0.11995335,0.19562737,0.19880644,0.20196318,0.87538215,-0.12085402,0.62508405,-0.33615463,0.33951473,0.78210645,-0.97563622,-0.6239388,0.8554814,-0.34279909,-0.9261165,0.079422757,-0.97915353,0.16471726,-0.13653005,-0.97614454,-0.28180025,-0.97614454,-0.99947487,0.1218947,-0.99603198,4,"sitting"
0.26748074,0.32053601,-0.12828877,0.30046126,-0.80425308,-0.11922027,0.19562737,0.19782395,0.19393359,0.87452316,-0.32010238,0.62343539,-0.18190246,0.18547756,0.78210645,-0.98603165,-0.62217756,0.854806,-0.18918637,-0.92690783,-0.1701675,-0.98353054,0.16773004,0.10825168,-0.98471266,-0.52694115,-0.98471266,-0.99972828,-0.10012961,-0.99404962,4,"sitting"
0.26748151,0.32254284,-0.12960739,0.30227853,-0.80201645,-0.12126012,0.1982459,0.20065743,0.19393359,0.87449341,-0.21661789,0.61950072,-0.18856698,0.18417399,0.78085398,-0.98283693,-0.61896597,0.85319449,-0.17964131,-0.92475473,-0.03856135,-0.98269675,0.17713747,-0.024775345,-0.98319634,-0.35743881,-0.98319634,-0.99968875,0.025248433,-0.99364865,4,"sitting"
0.26748151,0.32443227,-0.1298473,0.30263853,-0.80157249,-0.1202833,0.19824259,0.19932329,0.1938778,0.87449341,0.07456565,0.62036754,-0.46650931,0.47945241,0.78037876,-0.97282267,-0.61939832,0.8535499,-0.49177301,-0.92578263,-0.074842382,-0.97225245,0.1752336,0.108038,-0.9700533,-0.025163657,-0.9700533,-0.99925045,-0.20706773,-0.98125804,4,"sitting"
-0.05384071,-0.066295081,0.12418601,-0.058979938,-0.99560594,-0.052926189,0.046353382,0.10690738,0.11669231,0.98841945,0.20879549,0.91527076,-0.11674517,0.13444347,0.89641623,-0.88536418,-0.89633326,0.96936923,-0.15166012,-0.97895465,-0.89977805,-0.91089085,-0.60886552,0.90216553,-0.88667428,-0.93181113,-0.88667428,-0.99248664,-0.91166942,-0.91268926,4,"sitting"
-0.044920857,-0.027924385,0.10414372,-0.02959225,-0.99958335,-0.052859151,0.10318921,0.1067579,0.11576027,0.98845011,0.29454938,0.91608662,0.0065282676,0.036257178,0.89539563,-0.97754135,-0.90377658,0.9696769,-0.079239653,-0.9796558,-0.91769152,-0.97491277,-0.688472,0.92518538,-0.97412912,-0.79743624,-0.97412912,-0.99940469,-0.93889203,-0.90536956,4,"sitting"
-0.041057225,0.00023254067,0.097178656,-0.019383019,-0.99996657,-0.049093973,0.1030277,0.10134236,0.093078125,0.98912301,0.05056748,0.91643964,-0.11706856,0.18204128,0.89539563,-0.95218596,-0.90967398,0.96981,-0.24696019,-0.98187982,-0.5976879,-0.94963029,-0.72454188,0.58026052,-0.94554222,-0.60991015,-0.94554222,-0.99797687,-0.58939002,-0.95665782,4,"sitting"
-0.033019636,0.0071361129,0.094502475,-0.015463422,-0.99996374,-0.051455107,0.1030277,0.10466626,0.10292595,0.98647202,-0.019037205,0.91359241,-0.10182222,0.1591417,0.89532465,-0.96060438,-0.90635763,0.96873625,-0.21738748,-0.98056639,-0.66787898,-0.94939067,-0.71828308,0.65319038,-0.95083444,-0.62276614,-0.95083444,-0.99830152,-0.6602091,-0.9734979,4,"sitting"
-0.028945058,0.0071361129,0.089846477,-0.0086505359,-0.99973253,-0.056330043,0.10560868,0.1115528,0.10585034,0.98576494,-0.1542523,0.90877907,0.10844003,-0.060271991,0.89414666,-0.97506038,-0.89917544,0.96691961,0.011069701,-0.97777581,-0.36767828,-0.97422423,-0.68518354,0.31106133,-0.97053737,-0.49478495,-0.97053737,-0.99926732,-0.29461709,-0.98548305,4,"sitting"
-0.027475742,0.021470513,0.085543981,-0.0023561157,-0.99952243,-0.059430857,0.1155201,0.11595054,0.10818523,0.98576494,-0.19556872,0.9062628,0.07071882,0.0040416008,0.89141518,-0.98864551,-0.89414996,0.96596958,-0.079370872,-0.97592418,-0.4864868,-0.9841742,-0.65961599,0.45753059,-0.98096443,-0.29903975,-0.98096443,-0.99962587,-0.46211725,-0.98481098,4,"sitting"
-0.024441564,0.023570735,0.083987536,-7.4969084e-05,-0.99936456,-0.0597813,0.11367334,0.11647233,0.1082629,0.98584637,-0.18215649,0.9067258,0.061252843,-0.02538686,0.89240841,-0.98939291,-0.89332008,0.96614449,-0.011148828,-0.97569339,-0.067772904,-0.98570797,-0.65169067,0.0024614233,-0.98378279,-0.19797457,-0.98378279,-0.99970439,0.0022867631,-0.99047042,4,"sitting"
-0.024439283,0.026905352,0.082454077,0.0021735003,-0.99920872,-0.055766181,0.10572884,0.11078001,0.1082629,0.98584637,0.2147755,0.90957762,-0.084311573,0.10104151,0.89350426,-0.97827688,-0.89843182,0.96722125,-0.11796068,-0.97806693,-0.47843138,-0.97748388,-0.65872445,0.47227076,-0.97757492,-0.53187846,-0.97757492,-0.99952236,-0.50216951,-0.9884463,4,"sitting"
-0.024439283,0.022646295,0.083945524,-8.5626713e-06,-0.99935888,-0.053330655,0.10572884,0.10731701,0.10794648,0.98562177,-0.3181114,0.91122444,0.039461401,-0.012829273,0.89350426,-0.94263726,-0.90216959,0.9678431,-0.014268748,-0.97951691,-0.54143746,-0.95166417,-0.67270768,0.51296563,-0.94379181,-0.45636985,-0.94379181,-0.99786295,-0.51387847,-0.98951559,4,"sitting"
-0.0037572717,0.022646295,0.081066849,0.0041886545,-0.99890296,-0.061100174,0.10590046,0.11829547,0.1237183,0.98118502,-0.17295812,0.90386952,0.061406131,-0.047043931,0.89325402,-0.97029089,-0.89074574,0.96506247,0.032202716,-0.97468298,-0.44190246,-0.96140665,-0.63732144,0.38881318,-0.96387912,-0.44791458,-0.96387912,-0.99898544,-0.37105567,-0.98644252,4,"sitting"
0.0039558431,0.025151116,0.069911085,0.02049067,-0.9968781,-0.069176906,0.12081942,0.12973614,0.12392128,0.98118044,-0.17077508,0.89609148,0.050097198,-0.046918603,0.89048442,-0.9627097,-0.87576214,0.96212048,0.043465173,-0.96950051,-0.45420426,-0.96502025,-0.56813841,0.40035681,-0.96271381,-0.51467878,-0.96271381,-0.99893163,-0.38107823,-0.99465579,4,"sitting"
0.0039558431,0.050737554,0.064567445,0.028309763,-0.99583534,-0.070061478,0.13120645,0.13102005,0.12392128,0.98118044,-0.077768454,0.89516978,0.0011033775,0.017434047,0.88747189,-0.94427924,-0.87204774,0.9617716,-0.035966947,-0.96889574,-0.53778571,-0.93155605,-0.54414496,0.510187,-0.93607184,-0.51415117,-0.93607184,-0.99732473,-0.51284164,-0.99302432,4,"sitting"
0.85145652,0.73307895,-0.66753989,0.86246024,0.50067398,-0.32511931,0.4247057,0.463362,0.46646573,-0.43024691,-0.77202742,-0.95560294,-0.97236022,0.97946318,0.081817369,-0.49517024,0.49699807,-0.34301016,-0.98629215,-0.58528894,-0.20423055,-0.50159416,0.10311926,0.12483237,-0.44428454,-0.75030496,-0.44428454,-0.84147408,-0.095763694,-0.88243971,4,"laying"
0.85145652,0.88288184,-0.68010859,0.88296063,0.56653662,-0.31921299,0.45797193,0.46233812,0.46334211,-0.43024691,-0.56632753,-0.99784343,-0.93368733,0.94157359,-0.47523885,-0.84635585,0.56383836,-0.43459547,-0.94918057,-0.58741556,-0.42562771,-0.85248173,-0.020058492,0.37877618,-0.84152117,-0.30896259,-0.84152117,-0.9859547,-0.36844263,-0.94496892,4,"laying"
0.82795488,0.88288184,-0.67491824,0.87188951,0.52796021,-0.32411292,0.45908846,0.46451031,0.45507523,-0.38466355,-0.042068387,-0.99742166,-0.94582431,0.95000675,-0.47523885,-0.96364239,0.55512025,-0.42284111,-0.9538566,-0.58351771,-0.58412663,-0.96724718,-0.024724469,0.54758567,-0.96412831,-0.26393659,-0.96412831,-0.99899728,-0.53749197,-0.96286949,4,"laying"
0.82408493,0.88405888,-0.6746494,0.87368232,0.53411533,-0.32490294,0.46785413,0.46650768,0.45507523,-0.38750853,0.032252957,-0.99854823,-0.91710044,0.92224703,-0.49396972,-0.99143374,0.56397591,-0.4350435,-0.92709525,-0.57990455,0.13902474,-0.99106765,-0.037983241,-0.22646171,-0.98968438,-0.45341484,-0.98968438,-0.99984206,0.2400876,-0.99287352,4,"laying"
0.8243458,0.88854249,-0.67567256,0.87473356,0.53773041,-0.32385829,0.46636946,0.46540793,0.4541084,-0.38750853,0.13301546,-0.99859287,-0.44856913,0.44623496,-0.50086041,-0.99149269,0.56438801,-0.43559971,-0.4433668,-0.58190608,-0.019131088,-0.98953414,-0.039136649,-0.0065675161,-0.9916204,-0.24995811,-0.9916204,-0.99987977,-0.032651113,-0.9905562,4,"laying"
0.82434682,0.88854249,-0.67578348,0.87482714,0.53805279,-0.32373341,0.46636946,0.46526364,0.45408144,-0.38745733,0.097356577,-0.99857378,-0.51396247,0.51120076,-0.50086041,-0.99162306,0.5641972,-0.43533321,-0.50797237,-0.58216848,0.29357652,-0.99097471,-0.038755608,-0.34220719,-0.99193489,-0.16951908,-0.99193489,-0.99988546,0.30630179,-0.98815775,4,"laying"
0.82434682,0.88841802,-0.6759641,0.87475081,0.53778985,-0.32354237,0.4653414,0.46492634,0.45408144,-0.38745733,0.12182135,-0.99856814,-0.47427856,0.47133483,-0.50076677,-0.99088582,0.5641365,-0.43525726,-0.46792064,-0.58277983,0.45615968,-0.99030334,-0.039718111,-0.5059193,-0.99121424,-0.044642712,-0.99121424,-0.99987181,0.46019036,-0.99438296,4,"laying"
0.82404701,0.88767943,-0.67598796,0.87421458,0.5359435,-0.32351269,0.4653414,0.46460561,0.4537316,-0.38714145,0.30843368,-0.99856047,-0.26938478,0.26428263,-0.50076677,-0.98994888,0.56403915,-0.43514626,-0.25870665,-0.58336293,0.41780729,-0.99018642,-0.041817886,-0.50979473,-0.99011155,-0.15151606,-0.99011155,-0.99985072,0.51003351,-0.98821319,4,"laying"
0.82423112,0.88767943,-0.67604406,0.87420286,0.53590325,-0.32346678,0.46531337,0.46452381,0.4537316,-0.38714145,0.17407293,-0.99858707,-0.31821218,0.31381935,-0.50169741,-0.98882126,0.56429075,-0.43549822,-0.30890303,-0.58351143,0.0044729117,-0.98968074,-0.042745096,-0.063689261,-0.98937939,-0.076935319,-0.98937939,-0.99983585,0.057170585,-0.9898761,4,"laying"
0.82464327,0.88792391,-0.67625698,0.874838,0.53809044,-0.32325673,0.46531337,0.46451815,0.45341364,-0.38736515,-0.0019374887,-0.99860891,-0.47102034,0.46845302,-0.50169741,-0.99100359,0.5645261,-0.43580379,-0.46539924,-0.58352228,-0.090477219,-0.99000891,-0.041623011,0.055873554,-0.99053368,-0.1094544,-0.99053368,-0.99985909,-0.081956773,-0.98726366,4,"laying"
0.82464327,0.88801484,-0.67645003,0.87500362,0.538661,-0.32306946,0.46521289,0.46430595,0.45341364,-0.38736515,0.17761562,-0.99863745,-0.38344136,0.37993358,-0.50260574,-0.99291403,0.56480656,-0.43619221,-0.37592422,-0.58390717,0.12770272,-0.99129136,-0.042487168,-0.18496569,-0.99173574,-0.22433143,-0.99173574,-0.99988179,0.167482,-0.98663887,4,"laying"
0.82464282,0.88752749,-0.67669213,0.87433158,0.53634693,-0.3228152,0.46504533,0.46356418,0.45192908,-0.38759725,0.3398906,-0.99863503,-0.19529282,0.18961033,-0.50260024,-0.99428581,0.56476016,-0.43616339,-0.18334738,-0.5852538,-0.021825778,-0.99162899,-0.046238807,-0.049518656,-0.99260699,-0.25017635,-0.99260699,-0.99989697,0.057744587,-0.98879567,4,"laying"
0.82538562,0.88752749,-0.67658598,0.87454259,0.53707421,-0.32292385,0.46493461,0.46384286,0.4527004,-0.38759725,-0.12385044,-0.9986301,-0.54609064,0.5462165,-0.50207336,-0.9893863,0.56472223,-0.43609859,-0.54567638,-0.584748,-0.16186435,-0.99091242,-0.044796538,0.10532636,-0.99078632,-0.35381548,-0.99078632,-0.99986395,-0.10323152,-0.98915845,4,"laying"
0.82545115,0.88850978,-0.67712957,0.8756391,0.5408518,-0.32231063,0.46406947,0.46346152,0.4527004,-0.3859758,-0.15325991,-0.9985326,-0.56594163,0.56756346,-0.50125867,-0.99014843,0.5637669,-0.43473687,-0.56844858,-0.5854373,-0.033783576,-0.99058954,-0.040219292,-0.023045406,-0.99154502,-0.30275693,-0.99154502,-0.99987834,0.01626108,-0.98938109,4,"laying"
0.82545115,0.8889872,-0.67765801,0.87558106,0.54065155,-0.32174967,0.46387578,0.46255844,0.45256509,-0.38588677,0.23740637,-0.99851243,-0.51640193,0.51558903,-0.50111485,-0.9958562,0.56355286,-0.43445694,-0.51422123,-0.58707219,0.03474908,-0.99471636,-0.042251715,-0.11070446,-0.99469168,-0.38981726,-0.99469168,-0.99993191,0.11994705,-0.98765499,4,"laying"
0.82678261,0.8889872,-0.67862186,0.87619433,0.54276847,-0.32071611,0.46170707,0.46126669,0.449801,-0.38478553,0.067483621,-0.99845145,-0.24939427,0.25630077,-0.50016795,-0.96442437,0.56296763,-0.43364315,-0.26222104,-0.58940397,0.28128516,-0.95703125,-0.042473097,-0.31468534,-0.95087021,-0.20976108,-0.95087021,-0.99830434,0.26166663,-0.98677741,4,"laying"
0.83380889,0.81124302,-0.64202692,0.8605612,0.49006176,-0.35951458,0.49636291,0.51422982,0.51121263,-0.48909473,-0.22713369,-0.99345009,-0.87647644,0.90563204,-0.25370589,-0.82245615,0.58922536,-0.47012868,-0.93476596,-0.4883041,-0.36362096,-0.77575718,0.092339721,0.30513138,-0.76555996,-0.83593472,-0.76555996,-0.97040135,-0.28697887,-0.91300571,4,"laying"
0.8347827,0.86321755,-0.66016927,0.86479093,0.50394946,-0.34062468,0.44651928,0.48633012,0.5018965,-0.4886094,-0.19873187,-0.99830602,-0.54448111,0.55219295,-0.49171754,-0.79577553,0.58562834,-0.46516245,-0.55988464,-0.54160592,-0.053466033,-0.83174056,-0.0096122011,-0.035924243,-0.78544392,-0.64526392,-0.78544392,-0.97502882,0.065422545,-0.82940679,4,"laying"
0.83650303,0.86670015,-0.68395852,0.87898563,0.55264195,-0.31519089,0.44606612,0.4540588,0.47995069,-0.39704927,-0.15586318,-0.99846084,-0.9459824,0.94849988,-0.49171754,-0.95087907,0.56356457,-0.43450046,-0.95066654,-0.60192503,-0.63385557,-0.9555046,-0.055801537,0.60007889,-0.94699629,-0.89665504,-0.94699629,-0.99806811,-0.58962488,-0.97067532,4,"laying"
0.83650303,0.89894293,-0.6914107,0.88618854,0.57744372,-0.30763795,0.44606612,0.4458254,0.43473783,-0.39302915,-0.0098683972,-0.99890469,-0.80430773,0.80398921,-0.49825999,-0.98837955,0.56780741,-0.44030131,-0.80330823,-0.61676105,-0.71196396,-0.98809096,-0.069396118,0.72356902,-0.98812038,-0.6997793,-0.98812038,-0.99980895,-0.75565987,-0.97324071,4,"laying"
0.83489347,0.89890421,-0.69085006,0.88533011,0.57444895,-0.3082279,0.44607703,0.44632002,0.43536174,-0.39184217,0.079519381,-0.99892628,-0.58342636,0.5822255,-0.50477618,-0.9822532,0.56795267,-0.44052315,-0.58065344,-0.61589958,-0.041020665,-0.98274,-0.070832211,0.037161312,-0.98222568,-0.3501227,-0.98222568,-0.99966234,-0.099654787,-0.98653385,4,"laying"
0.83470906,0.89819496,-0.69179409,0.88529015,0.57430978,-0.30717127,0.44418418,0.44468475,0.43536174,-0.39116405,0.31275775,-0.99877765,-0.63174429,0.63003651,-0.5031289,-0.98177987,0.56633943,-0.43830055,-0.62794977,-0.6187367,-0.11455172,-0.98170362,-0.071036343,0.05721637,-0.98256132,-0.40423857,-0.98256132,-0.99967154,-0.057518491,-0.9846359,4,"laying"
0.83470906,0.89747804,-0.69134432,0.88470248,0.57226317,-0.30768092,0.44418418,0.44517605,0.43633138,-0.3934145,0.39940881,-0.99885448,-0.47146302,0.46800348,-0.5031289,-0.98309766,0.56723024,-0.43955292,-0.46409255,-0.61787923,-0.25159769,-0.98511807,-0.07372768,0.19274848,-0.98475503,-0.23778946,-0.98475503,-0.99972947,-0.18173985,-0.98022373,4,"laying"
0.83470709,0.89747804,-0.69127941,0.88470829,0.57228334,-0.30778754,0.44462425,0.44533269,0.43633138,-0.3934145,0.34461427,-0.99893776,-0.3202905,0.31553171,-0.50597021,-0.98462014,0.56809895,-0.44076033,-0.3102442,-0.61760843,0.11161832,-0.98436826,-0.075615123,-0.2090301,-0.98494815,-0.14238516,-0.98494815,-0.99973433,0.2362501,-0.97979252,4,"laying"
0.83470709,0.89775864,-0.69219729,0.88481679,0.57266099,-0.30678117,0.44462425,0.44384261,0.43299111,-0.39030904,0.42133447,-0.99884247,-0.53987736,0.53862166,-0.50525517,-0.98906525,0.56697069,-0.43920786,-0.53689632,-0.6202054,0.36920901,-0.98738179,-0.076316769,-0.49429789,-0.98880544,-0.47585602,-0.98880544,-0.9998237,0.53304601,-0.9818252,4,"laying"
0.83523821,0.89775864,-0.69196473,0.88509945,0.57364659,-0.30700146,0.44527277,0.44432697,0.43355713,-0.39030904,0.37636422,-0.99879724,-0.54128932,0.54021099,-0.50445006,-0.98938206,0.56650475,-0.43854258,-0.53867014,-0.61936609,0.0014222296,-0.98777141,-0.072975644,-0.089747239,-0.98922798,-0.4658978,-0.98922798,-0.99983267,0.11470215,-0.98073112,4,"laying"
0.83523821,0.89838897,-0.6917264,0.88548932,0.57500444,-0.30723526,0.44527277,0.44488253,0.43413525,-0.38967882,0.16736346,-0.99876844,-0.48452408,0.48264259,-0.50445006,-0.99458983,0.56620363,-0.43810171,-0.48017279,-0.61839986,-0.059651185,-0.99338638,-0.069584649,-0.012852406,-0.99419145,-0.48000083,-0.99419145,-0.99992398,0.024978376,-0.98301424,4,"laying"
0.83463132,0.89683976,-0.69119962,0.88424995,0.57068762,-0.30780473,0.44577999,0.4451551,0.43463218,-0.39085555,0.25082208,-0.99881206,-0.55112766,0.54984044,-0.50471062,-0.99387209,0.56665108,-0.43876127,-0.54804887,-0.61792653,-0.073617185,-0.99071264,-0.073490253,0.0082306699,-0.99216576,-0.53015244,-0.99216576,-0.99988938,-0.0027902456,-0.98142326,4,"laying"
0.83472295,0.89683976,-0.69098138,0.88393665,0.56959698,-0.30804296,0.44577999,0.44536797,0.43503293,-0.39098616,0.34268001,-0.99883353,-0.50431828,0.5020351,-0.50471062,-0.99039893,0.56688893,-0.43909922,-0.49929196,-0.61755492,-0.068626635,-0.98862168,-0.07442211,-0.0028383378,-0.99057237,-0.35907079,-0.99057237,-0.99985959,0.014228336,-0.98249408,4,"laying"
0.83483983,0.89696266,-0.69123451,0.88490097,0.57295475,-0.30777825,0.44632886,0.44542835,0.43503293,-0.39098616,-0.15800561,-0.99882981,-0.7119097,0.71837422,-0.50509863,-0.97326801,0.56686225,-0.43903021,-0.72432092,-0.61745118,0.040266887,-0.97843137,-0.071509357,-0.095354586,-0.9721182,-0.092613527,-0.9721182,-0.99932989,0.081871344,-0.97980067,4,"laying"
-0.12100576,-0.1346683,0.17681774,-0.13681314,-0.97169174,-0.081067641,0.13831544,0.14805695,0.15780122,0.97730344,0.24776652,0.9043399,-0.34057591,0.41828431,0.89425288,-0.6596047,-0.82191171,0.96523758,-0.4944665,-0.95965018,-0.54805965,-0.56173341,-0.2954909,0.56102164,-0.56946861,-0.54600763,-0.56946861,-0.90388003,-0.60634242,-0.66178942,4,"walking"
-0.11813826,-0.11714589,0.15707487,-0.10755615,-0.98413402,-0.085663208,0.13835996,0.15424605,0.15344384,0.97724883,0.19026692,0.90212352,-0.18781916,0.28238763,0.89425288,-0.68220433,-0.83365082,0.96440002,-0.37376146,-0.95610612,-0.50620484,-0.58224841,-0.36001447,0.52027877,-0.56646505,-0.39471668,-0.56646505,-0.90256698,-0.56961393,-0.59646458,4,"walking"
-0.11813826,-0.082038374,0.15485588,-0.104019,-0.98567095,-0.090803071,0.15367517,0.1610702,0.15344384,0.97317684,0.25175063,0.88696342,-0.26876285,0.37233595,0.89054896,-0.66895884,-0.82909261,0.95865294,-0.47351175,-0.95219341,-0.36173915,-0.56862953,-0.36243672,0.38275743,-0.54982587,-0.42730695,-0.54982587,-0.89512237,-0.44838061,-0.64668186,4,"walking"
-0.12487538,-0.082038374,0.15666314,-0.10656077,-0.98488121,-0.086024784,0.1471286,0.15410595,0.15217576,0.97317684,0.36084252,0.88535218,-0.18258469,0.28015065,0.88778784,-0.69103551,-0.83353208,0.95804327,-0.37315505,-0.95632413,-0.19056464,-0.59309547,-0.37531557,0.22289916,-0.57089908,-0.48976353,-0.57089908,-0.90449428,-0.3094635,-0.73877907,4,"walking"
-0.12304896,-0.078620811,0.15405263,-0.10264514,-0.98619258,-0.079976681,0.14050903,0.14534916,0.14124727,0.97234751,0.31264022,0.88655363,-0.20364316,0.28421031,0.88778784,-0.67294211,-0.84274197,0.95849977,-0.36064332,-0.96135068,-0.22642624,-0.54498116,-0.40846983,0.25086173,-0.54918485,-0.44763952,-0.54918485,-0.89480578,-0.32659169,-0.61141107,4,"walking"
-0.12304896,-0.077361045,0.15365114,-0.10200406,-0.98640605,-0.081601407,0.14050903,0.14756365,0.14525087,0.97157077,0.11449262,0.88313195,-0.23733148,0.31446992,0.88822734,-0.65705629,-0.84110554,0.95719879,-0.38790818,-0.96007931,-0.18575199,-0.58287357,-0.40679519,0.22355695,-0.50540341,-0.39024338,-0.50540341,-0.87347459,-0.31648787,-0.64450646,4,"walking"
-0.12553068,-0.080733055,0.15516957,-0.10468295,-0.98552011,-0.085506353,0.15055598,0.15389336,0.14631092,0.97157077,0.014156587,0.89986383,-0.30061389,0.37374772,0.89775593,-0.68450693,-0.83527807,0.96353532,-0.44440656,-0.95651472,-0.19100684,-0.61194924,-0.37042218,0.22710353,-0.53393368,-0.4025286,-0.53393368,-0.88760002,-0.31769025,-0.55190697,4,"walking"
-0.12477839,-0.080733055,0.15516141,-0.10485723,-0.98546286,-0.08629903,0.15439038,0.15534439,0.1485658,0.98059517,0.12586797,0.90742382,-0.25136383,0.33287842,0.89775593,-0.60374462,-0.83432985,0.966404,-0.41174702,-0.95565781,-0.073136257,-0.5482404,-0.36055536,0.1010018,-0.49031907,-0.43885906,-0.49031907,-0.86614001,-0.18971391,-0.71281239,4,"walking"
-0.12477839,-0.081017244,0.15545894,-0.1050664,-0.98538921,-0.082571778,0.13760092,0.14964151,0.1485658,0.98059517,0.14871429,0.90006464,-0.13610851,0.22515417,0.89252998,-0.64019456,-0.83857317,0.96362461,-0.30786076,-0.95885512,-0.18051834,-0.52145976,-0.38057042,0.19406406,-0.52455794,-0.50490808,-0.52455794,-0.88327005,-0.26182201,-0.51457784,4,"walking"
-0.12526142,-0.095932868,0.158648,-0.10958733,-0.98379887,-0.074059855,0.13148228,0.1372757,0.14155875,0.97911211,0.17972459,0.89802638,-0.11734656,0.19950001,0.88979876,-0.72243315,-0.84595436,0.96285322,-0.27505983,-0.96561724,-0.36495233,-0.64621014,-0.40281894,0.38604476,-0.60792503,-0.50252759,-0.60792503,-0.91988863,-0.45149008,-0.58446666,4,"walking"
-0.1327434,-0.09761021,0.16314525,-0.11610969,-0.98137937,-0.071507321,0.13148228,0.13356176,0.13479224,0.9788381,0.18973324,0.89518466,-0.065910321,0.15023647,0.88880735,-0.68071386,-0.84491093,0.96177668,-0.22793568,-0.96759229,-0.31606083,-0.61026184,-0.39710075,0.34054506,-0.5590094,-0.49898175,-0.5590094,-0.89916402,-0.41332786,-0.7010359,4,"walking"
-0.12986518,-0.09761021,0.16174254,-0.11429537,-0.98205309,-0.077173891,0.13263824,0.14196747,0.14115482,0.9788381,0.25584473,0.9014739,-0.12160114,0.21946644,0.89387261,-0.67493278,-0.83978255,0.96415572,-0.30986561,-0.96312663,-0.26279027,-0.6034565,-0.37499237,0.30259018,-0.567215,-0.58794462,-0.567215,-0.90280638,-0.39518894,-0.71720624,4,"walking"
-0.12579074,-0.082510985,0.15650431,-0.10670589,-0.98483432,-0.08351607,0.14628518,0.15116213,0.15161717,0.97958073,0.27322916,0.90345371,-0.2676041,0.35926426,0.89387261,-0.6826944,-0.83664645,0.96490517,-0.44730109,-0.95804569,-0.15158039,-0.56461811,-0.36959253,0.19005414,-0.55581569,-0.58181433,-0.55581569,-0.89781263,-0.28704098,-0.70341633,4,"walking"
-0.12579074,-0.086048405,0.15749629,-0.10812096,-0.98432999,-0.086738943,0.14628518,0.15569046,0.1529426,0.97958073,0.26508006,0.89882182,-0.27525975,0.36042188,0.89293624,-0.64921987,-0.83204499,0.9631539,-0.44223101,-0.95538679,-0.065412427,-0.55353173,-0.35701733,0.09618428,-0.5454993,-0.51668619,-0.5454993,-0.89312027,-0.18962117,-0.6382358,4,"walking"
-0.13180326,-0.08997732,0.1612996,-0.11355063,-0.98240019,-0.084419155,0.14687082,0.15215346,0.1529426,0.97405858,0.2651927,0.89272732,-0.28373112,0.35771761,0.88987462,-0.70809132,-0.83179866,0.96084275,-0.42828805,-0.95745283,-0.21754457,-0.62087276,-0.35616774,0.26288023,-0.59547762,-0.47917551,-0.59547762,-0.91489324,-0.36282954,-0.61287,4,"walking"
-0.11786459,-0.08997732,0.15758402,-0.10777065,-0.98431882,-0.084378251,0.14687082,0.15154563,0.15666882,0.97212035,0.21228206,0.88041441,-0.19412058,0.27291103,0.88850566,-0.72163303,-0.83478809,0.95616625,-0.34745176,-0.95781226,-0.28689769,-0.68410984,-0.38248075,0.33379324,-0.60621522,-0.49032323,-0.60621522,-0.91923996,-0.43263954,-0.52874081,4,"walking"
-0.11504189,-0.096109764,0.15792082,-0.10887288,-0.98383472,-0.086543188,0.13727788,0.15562458,0.17284357,0.97425686,0.20994949,0.90419076,-0.41875501,0.49256499,0.89731074,-0.65130981,-0.83195399,0.96517791,-0.56557908,-0.95478558,-0.34169595,-0.5406058,-0.35125937,0.3347197,-0.5205691,-0.54837667,-0.5205691,-0.88136288,-0.3722839,-0.65877581,4,"walking"
-0.13374471,-0.096109764,0.1619977,-0.11479081,-0.98190756,-0.080021288,0.13727788,0.14620642,0.14730582,0.97841558,0.24657804,0.90412746,-0.32179882,0.39843375,0.89693454,-0.59926313,-0.83631411,0.96515971,-0.4726482,-0.96077095,-0.22120054,-0.54049288,-0.36038953,0.22628046,-0.50259786,-0.50348462,-0.50259786,-0.87243607,-0.28378279,-0.64357347,4,"walking"
-0.12916795,-0.085461712,0.15898734,-0.11002716,-0.98368008,-0.082914265,0.14559983,0.14979575,0.14730582,0.97246792,0.25019351,0.88937285,-0.19561891,0.27868429,0.89082042,-0.5696013,-0.83541411,0.95956542,-0.35763793,-0.95883651,-0.0083515638,-0.47367602,-0.37449231,0.03725703,-0.44851537,-0.55060795,-0.44851537,-0.84386405,-0.13235871,-0.65302481,4,"walking"
-0.12272227,-0.085324747,0.15578169,-0.10511661,-0.98535008,-0.079194049,0.1373918,0.14415195,0.14411202,0.97246792,0.24658561,0.88397585,-0.27630227,0.36406322,0.88804173,-0.61203885,-0.84232717,0.95752011,-0.44792012,-0.96202133,-0.15221581,-0.51086258,-0.40684114,0.1706181,-0.48562538,-0.55584637,-0.48562538,-0.86382385,-0.2465144,-0.60463268,4,"walking"
-0.12272227,-0.093378791,0.15846221,-0.10915628,-0.98384825,-0.076140624,0.13717328,0.14000584,0.13573814,0.9763754,0.17238859,0.89010878,-0.2850283,0.37249056,0.8884421,-0.60671599,-0.84372171,0.95985099,-0.45593183,-0.96425669,-0.21731723,-0.5054454,-0.40246749,0.23784733,-0.50912661,-0.46826912,-0.50912661,-0.87575216,-0.31279948,-0.65613492,4,"walking"
-0.12967244,-0.095536868,0.16337224,-0.11631402,-0.9813104,-0.07362388,0.13394328,0.13640751,0.13068568,0.97612062,0.15436947,0.88877717,-0.270257,0.34060132,0.8884421,-0.61066791,-0.84236176,0.95934559,-0.40673805,-0.96615436,-0.32065467,-0.50328566,-0.39361669,0.33641694,-0.50218773,-0.34205957,-0.50218773,-0.87219138,-0.39931175,-0.58931508,4,"walking"
-0.12864447,-0.095536868,0.16036497,-0.11166383,-0.98302343,-0.074142366,0.13394328,0.13678208,0.13136153,0.96857661,0.19632143,0.87956945,-0.22424625,0.2975623,0.88599152,-0.6014722,-0.84440113,0.95584266,-0.36603571,-0.96595378,-0.20928634,-0.50296194,-0.41197983,0.2325006,-0.49527794,-0.41709521,-0.49527794,-0.86878695,-0.31045614,-0.54727671,4,"walking"
-0.12864447,-0.087788966,0.15982861,-0.11086361,-0.98336169,-0.075506367,0.1358267,0.1386895,0.13156609,0.96857661,0.18732685,0.8781619,-0.32519928,0.40706914,0.88841869,-0.62083535,-0.84330608,0.95530615,-0.48597208,-0.96497012,-0.010567676,-0.49742212,-0.41008788,0.044719697,-0.4933526,-0.4310653,-0.4933526,-0.86779276,-0.14641023,-0.59067966,4,"walking"
-0.13612768,-0.09029863,0.16226599,-0.11477895,-0.98195451,-0.076273816,0.13905137,0.14028795,0.13456612,0.97055673,0.17697923,0.8907178,-0.35997541,0.44503016,0.88894131,-0.6650997,-0.84035512,0.96007904,-0.52764991,-0.9641211,0.0053042572,-0.56549258,-0.38600614,0.039665907,-0.53510961,-0.43970881,-0.53510961,-0.88820674,-0.15166626,-0.56856622,4,"walking"
-0.13612768,-0.10351681,0.16645641,-0.12108573,-0.97945616,-0.075335686,0.13803702,0.13919264,0.13456612,0.97966265,0.22730164,0.89590806,-0.10680501,0.18608883,0.88894131,-0.62341765,-0.83770965,0.96205096,-0.25765434,-0.96469784,-0.11732566,-0.54916121,-0.36801422,0.15587467,-0.52298621,-0.45639534,-0.52298621,-0.88252961,-0.25545814,-0.58910278,4,"walking"
-0.14347165,-0.10357628,0.16949053,-0.12541192,-0.97774368,-0.074365043,0.13803702,0.1376706,0.12997834,0.97741517,0.26554542,0.89090086,-0.0849606,0.17683196,0.8887596,-0.62781816,-0.83599079,0.96015178,-0.2614554,-0.965513,-0.15468935,-0.55828608,-0.36398499,0.18417071,-0.52869502,-0.3039908,-0.52869502,-0.88512985,-0.27232941,-0.5987169,4,"walking"
-0.13932477,-0.10357628,0.16669156,-0.12113435,-0.97947164,-0.075062136,0.13574476,0.13842189,0.13028074,0.97340221,0.22204499,0.88514215,-0.16929183,0.28066275,0.88588601,-0.69773003,-0.83779859,0.95796477,-0.3875259,-0.96511795,-0.15261306,-0.59401027,-0.37779919,0.17032945,-0.56996286,-0.49874636,-0.56996286,-0.90400394,-0.24572157,-0.63516588,4,"walking"
-0.13897962,-0.092299082,0.16455316,-0.11784462,-0.98079407,-0.072768887,0.13221017,0.13494057,0.13028074,0.97338194,0.23867841,0.88141891,-0.28676384,0.38488459,0.88588601,-0.69766374,-0.84225355,0.9565484,-0.4800035,-0.96689642,-0.10660857,-0.60691871,-0.39875877,0.12864871,-0.56868412,-0.52031508,-0.56868412,-0.9035103,-0.21071132,-0.65515404,4,"walking"
-0.13158351,-0.091358457,0.1627005,-0.11520775,-0.98178284,-0.070206007,0.13036556,0.13138126,0.12434304,0.97338194,0.31115424,0.88647015,-0.27906719,0.37047115,0.88932386,-0.7001741,-0.84674602,0.95846669,-0.45775916,-0.96871603,-0.27477252,-0.66533285,-0.41174145,0.31516806,-0.58306182,-0.39193193,-0.58306182,-0.90969616,-0.40597183,-0.74063327,4,"walking"
-0.11884696,-0.087570361,0.15691848,-0.10689079,-0.98468445,-0.073562169,0.13036556,0.13632355,0.13852042,0.97731456,0.2783022,0.8921578,-0.31542662,0.39333276,0.88932386,-0.74151748,-0.84797137,0.96062857,-0.46714163,-0.96613774,-0.32477667,-0.67901664,-0.41696379,0.38875138,-0.60495083,-0.38816447,-0.60495083,-0.91872241,-0.50252409,-0.63817115,4,"walking"
-0.098062757,-0.09068009,0.15307772,-0.10077262,-0.98633559,-0.083740932,0.13978191,0.14991033,0.15821115,0.95282656,-0.43544974,0.86414,-0.73786077,0.7851349,0.89358777,-0.3670646,-0.83895771,0.94991547,-0.83216162,-0.95867267,-0.054994362,-0.16076052,-0.41787422,0.07570069,-0.18430339,-0.48364777,-0.18430339,-0.66236018,-0.16374839,-0.66356164,4,"walking_downstairs"
-0.080114373,-0.076772527,0.13678362,-0.077433119,-0.99290635,-0.093648833,0.14705702,0.16483411,0.1674119,0.96428686,-0.40679685,0.88521873,-0.72147539,0.76687312,0.89358777,-0.37307034,-0.83672104,0.95798136,-0.81175962,-0.94971253,-0.070919666,-0.21606416,-0.4258677,0.058369793,-0.24316467,-0.55284458,-0.24316467,-0.70876673,-0.10967377,-0.48568391,4,"walking_downstairs"
-0.067796714,-0.044383868,0.12293929,-0.05691296,-0.99682004,-0.1018386,0.16996891,0.17537728,0.17597962,0.95312063,-0.2893478,0.85902559,-0.67308565,0.72909137,0.88742717,-0.36331419,-0.83168839,0.94797524,-0.78484877,-0.94296171,-0.22808599,-0.16857975,-0.47266162,0.20905114,-0.21000319,-0.42482363,-0.21000319,-0.68310576,-0.24147756,-0.35498776,4,"walking_downstairs"
-0.092676233,-0.088534427,0.14938243,-0.095237961,-0.98803217,-0.069825492,0.10422582,0.12997999,0.15047141,0.94741392,-0.26780672,0.86758263,-0.76525141,0.81288073,0.93239184,-0.25061881,-0.85839459,0.95105695,-0.86091004,-0.96843247,0.014469953,-0.092689557,-0.48396447,-0.065452987,-0.075511378,-0.53955865,-0.075511378,-0.56742826,0.04918376,-0.80395482,4,"walking_downstairs"
-0.088176211,-0.075688693,0.13447204,-0.073535582,-0.99377615,-0.087811209,0.12195961,0.15517373,0.1535347,0.94741392,-0.30824581,0.85613306,-0.66551681,0.72663443,0.89118519,-0.13819081,-0.84554037,0.94683522,-0.78721011,-0.95551405,0.25166197,0.058109625,-0.48369849,-0.25768571,0.0632329,-0.48351911,0.0632329,-0.42970856,0.17689485,-0.70625949,4,"walking_downstairs"
-0.12808401,-0.099522935,0.16802753,-0.12249169,-0.97887418,-0.072322831,0.12339083,0.1337998,0.15202524,0.95760865,-0.32337114,0.86511775,-0.69824577,0.73495383,0.8921224,-0.56001121,-0.83955734,0.95029715,-0.77110333,-0.96727599,0.13689622,-0.45255745,-0.4012081,-0.11377179,-0.42800727,-0.27330818,-0.42800727,-0.83225354,0.0099237466,-0.75040987,4,"walking_downstairs"
-0.093856583,-0.099522935,0.15237026,-0.099872999,-0.98627152,-0.088253419,0.1325586,0.15651322,0.17261835,0.95891826,-0.51568502,0.86689689,-0.55567759,0.60186782,0.88817138,-0.47227151,-0.8339782,0.95099784,-0.6454506,-0.95435995,-0.14277862,-0.3688869,-0.40059251,0.13679886,-0.35316446,-0.45285901,-0.35316446,-0.78632785,-0.19026231,-0.56676403,4,"walking_downstairs"
-0.090954926,-0.074508148,0.1356438,-0.07580961,-0.99335444,-0.098570468,0.16541302,0.17193536,0.17261835,0.9687198,-0.44587667,0.88449775,-0.58355851,0.63107642,0.88947579,-0.46253709,-0.83084277,0.95771339,-0.67643169,-0.94522468,-0.060287794,-0.34242409,-0.41181676,0.02242395,-0.33999564,-0.4258973,-0.33999564,-0.77766835,-0.047301529,-0.65471703,4,"walking_downstairs"
-0.090954926,-0.060228726,0.1347407,-0.074505127,-0.99375465,-0.097210661,0.15780309,0.1700639,0.17246738,0.9687198,-0.37146529,0.88718667,-0.56253328,0.6003429,0.89480451,-0.43943639,-0.83307235,0.95872931,-0.63640317,-0.9464291,0.01811467,-0.22261903,-0.41840636,-0.057744593,-0.26541947,-0.17146343,-0.26541947,-0.72544637,0.031047885,-0.30693713,4,"walking_downstairs"
-0.096946515,-0.068473316,0.14015309,-0.082432488,-0.99190734,-0.084997591,0.12956682,0.15271668,0.16688861,0.97202029,-0.49505626,0.89469677,-0.44382545,0.48074481,0.89668073,-0.46016399,-0.84601789,0.96157959,-0.51482444,-0.95659373,-0.14516261,-0.27815106,-0.43775078,0.12418409,-0.27056453,-0.15630762,-0.27056453,-0.72915483,-0.15960967,0.035776512,4,"walking_downstairs"
-0.098095748,-0.075469695,0.14684689,-0.092082737,-0.989303,-0.077649758,0.12956682,0.14198352,0.1452084,0.96481967,-0.64269032,0.88960183,-0.55911374,0.60510048,0.89668073,-0.47427999,-0.85085785,0.95963859,-0.64943097,-0.96306281,-0.44896901,-0.30050116,-0.44395659,0.45824315,-0.28931955,-0.44762057,-0.28931955,-0.74277603,-0.50597711,-0.33467107,4,"walking_downstairs"
-0.11573666,-0.08015211,0.15214369,-0.09964696,-0.98710247,-0.085190635,0.13552211,0.15237271,0.15840642,0.96132997,-0.43861219,0.87404668,-0.6478081,0.69299503,0.89028214,-0.48007944,-0.83787945,0.95372292,-0.73747925,-0.95723723,-0.22994895,-0.33254983,-0.40702991,0.21617423,-0.28870977,-0.39862436,-0.28870977,-0.74236625,-0.25368689,-0.19189111,4,"walking_downstairs"
-0.10696926,-0.08015211,0.15040755,-0.096852417,-0.98789821,-0.087702577,0.14508667,0.15542368,0.15840642,0.95741317,-0.31749369,0.86041344,-0.66964562,0.71795896,0.88501919,-0.38579802,-0.83602565,0.94851803,-0.76548572,-0.95550093,-0.16798992,-0.11254984,-0.4164751,0.15340221,-0.20140677,-0.32438871,-0.20140677,-0.67625691,-0.19504919,-0.59404588,4,"walking_downstairs"
-0.10559849,-0.077992265,0.14420909,-0.087511452,-0.99059286,-0.090254169,0.14509495,0.15828574,0.15873819,0.95488157,-0.35410742,0.84314942,-0.57044834,0.6267311,0.88440306,-0.20578643,-0.83687921,0.94190766,-0.68070021,-0.95379938,0.18874805,0.029940349,-0.44690526,-0.17321237,-0.047703052,-0.3865071,-0.047703052,-0.54150047,0.074298285,-0.58313409,4,"walking_downstairs"
-0.095728601,-0.057573409,0.13993068,-0.08146043,-0.99222391,-0.092080463,0.14861724,0.1611886,0.15928073,0.95488157,-0.36325499,0.85143997,-0.61644081,0.67641593,0.88717277,-0.20693801,-0.83705723,0.94507574,-0.73481383,-0.9520232,0.19981624,-0.1100187,-0.44948887,-0.19012303,-0.055223305,-0.51267731,-0.055223305,-0.54865616,0.098134359,-0.1474456,4,"walking_downstairs"
-0.11705035,-0.10696783,0.16596242,-0.11891458,-0.97991205,-0.077467687,0.12327,0.14029768,0.16458762,0.94348901,-0.5170289,0.84167325,-0.69606581,0.75220163,0.89409682,-0.22487536,-0.83578723,0.94126368,-0.80840551,-0.96336513,-0.16194075,-0.018795144,-0.41093015,0.14328051,-0.065130891,-0.50707245,-0.065130891,-0.55793979,-0.18166855,-0.66054912,4,"walking_downstairs"
-0.099172469,-0.098859645,0.14907387,-0.09476686,-0.98828188,-0.097329627,0.12870139,0.16866571,0.17596615,0.94348901,-0.57870447,0.84643068,-0.63912652,0.70558538,0.88813562,-0.34474283,-0.82489798,0.94311032,-0.77146626,-0.94672664,-0.052087317,-0.15791868,-0.39715372,0.05251279,-0.12221056,-0.44151433,-0.12221056,-0.60975524,-0.11906741,-0.53498928,4,"walking_downstairs"
-0.097380204,-0.063726797,0.13822379,-0.079716314,-0.99260383,-0.10910055,0.17762351,0.18720773,0.18506881,0.96522819,-0.38199279,0.88219792,-0.63775606,0.69083527,0.89019699,-0.39910081,-0.81571446,0.95684163,-0.74269998,-0.9347184,-0.077698558,-0.20268181,-0.36207517,0.073016415,-0.24067223,-0.27144786,-0.24067223,-0.70692279,-0.13012982,-0.36020469,4,"walking_downstairs"
-0.097380204,-0.091948747,0.14417424,-0.088422904,-0.98994152,-0.11165475,0.18347526,0.19075328,0.18506881,0.96415782,-0.42820419,0.87632351,-0.56845265,0.62005818,0.89059468,-0.36976728,-0.80935778,0.95459938,-0.66965763,-0.9321915,-0.32453118,-0.15472678,-0.33326919,0.31545201,-0.20722547,-0.21592981,-0.20722547,-0.6809021,-0.35246864,0.038797813,4,"walking_downstairs"
-0.10446806,-0.092066663,0.15470887,-0.10333848,-0.98561014,-0.10778039,0.16772293,0.18416563,0.18315683,0.95594097,-0.43480673,0.85250386,-0.5466808,0.59950312,0.89059468,-0.42704806,-0.80814241,0.9454873,-0.65018187,-0.93685622,-0.25579866,-0.27262821,-0.32788883,0.24160092,-0.24775571,-0.39094353,-0.24775571,-0.71230222,-0.2783531,-0.18417308,4,"walking_downstairs"
-0.10119103,-0.092066663,0.15160991,-0.098701698,-0.98701887,-0.10063237,0.16546927,0.17383927,0.17385678,0.95594097,-0.45461785,0.85437639,-0.62820595,0.68323843,0.88536532,-0.45308916,-0.8191225,0.94620428,-0.73737378,-0.94394194,-0.23763627,-0.31353112,-0.36669462,0.20314577,-0.27733812,-0.39911866,-0.27733812,-0.73403395,-0.21909303,-0.065630415,4,"walking_downstairs"
-0.10119103,-0.092813187,0.15492968,-0.10310071,-0.98558096,-0.10080229,0.16546927,0.17323449,0.17202113,0.93231802,-0.53507553,0.83443095,-0.69309781,0.74843341,0.88536532,-0.3914559,-0.81672601,0.93847154,-0.80380914,-0.94437185,-0.23296803,-0.13314113,-0.3712342,0.20320721,-0.19186299,-0.26076151,-0.19186299,-0.66856948,-0.22440598,-0.59041605,4,"walking_downstairs"
-0.11042708,-0.092813187,0.15424251,-0.10097572,-0.98634922,-0.099752031,0.15238169,0.16952734,0.17202113,0.93091602,-0.50445104,0.78635648,-0.67022591,0.73086237,0.87115573,-0.2668219,-0.81849367,0.91989886,-0.79146765,-0.9466787,-0.11915537,-0.046107102,-0.42262474,0.11336871,-0.037922956,-0.34037051,-0.037922956,-0.53196024,-0.16812219,-0.62304721,4,"walking_downstairs"
-0.15879004,-0.23884176,0.23513506,-0.22221705,-0.9151892,-0.063997898,0.084416865,0.12376385,0.15966038,0.94833252,-0.33782684,0.87107654,-0.63235224,0.66855416,0.89276276,-0.26510731,-0.77097892,0.9525714,-0.70349559,-0.97024098,-0.75017187,-0.19684307,-0.15283596,0.75683419,-0.20528987,-0.72101826,-0.20528987,-0.6793624,-0.78137537,-0.77834519,4,"walking_upstairs"
-0.26446501,-0.23884176,0.25852717,-0.25592073,-0.89073315,-0.038800162,0.075326446,0.087431506,0.12630718,0.94833252,-0.45789231,0.85468109,-0.66805969,0.70265592,0.88138068,-0.31807784,-0.754564,0.94632013,-0.73645839,-0.98641315,-0.67148817,-0.24512739,-0.17041309,0.68232686,-0.25414857,-0.79979988,-0.25414857,-0.71710684,-0.71647308,-0.65250879,4,"walking_upstairs"
-0.26487432,-0.23156806,0.2547833,-0.25051498,-0.89574146,-0.034499319,0.074883271,0.08122521,0.083788085,0.94875412,-0.55385376,0.8608413,-0.68356625,0.71743098,0.88166759,-0.34558873,-0.76165565,0.94868673,-0.75049613,-0.98862136,-0.50121988,-0.27155627,-0.19712586,0.51476202,-0.26606164,-0.53497189,-0.26606164,-0.72594629,-0.56322399,-0.60761742,4,"walking_upstairs"
-0.26549091,-0.23387299,0.25629083,-0.25244475,-0.89397808,-0.038298942,0.074883271,0.086620689,0.092178557,0.95113795,-0.48697776,0.8536261,-0.6969473,0.72597056,0.88166759,-0.33786259,-0.7578721,0.9459217,-0.75404934,-0.98686068,-0.47587356,-0.2090601,-0.18278523,0.47579864,-0.24852482,-0.61532864,-0.24852482,-0.71287283,-0.51090278,-0.64224685,4,"walking_upstairs"
-0.26469945,-0.23848848,0.25979787,-0.25657975,-0.89011847,-0.04792618,0.081253317,0.10011902,0.11208322,0.94270458,-0.29652815,0.83094703,-0.69959594,0.72303194,0.87638045,-0.37494054,-0.74835563,0.93719944,-0.74567914,-0.98198423,-0.54671137,-0.2565586,-0.15226008,0.53836621,-0.30149164,-0.53766822,-0.30149164,-0.75142787,-0.55993373,-0.39827355,4,"walking_upstairs"
-0.25780775,-0.23848848,0.2582347,-0.25440944,-0.89207158,-0.045240519,0.078434626,0.096295598,0.11208322,0.94270458,-0.32788381,0.83523617,-0.66565045,0.69941442,0.87723664,-0.3489191,-0.75185655,0.93884915,-0.73219214,-0.98327102,-0.50595034,-0.23635031,-0.16519795,0.49231885,-0.26471251,-0.65655111,-0.26471251,-0.72495757,-0.5113212,-0.69632602,4,"walking_upstairs"
-0.24900986,-0.23235079,0.2495623,-0.24185642,-0.90321495,-0.03843983,0.078434626,0.086500617,0.093552095,0.9532334,-0.31519125,0.84691271,-0.62364969,0.66179702,0.87723664,-0.47221774,-0.76704116,0.9433567,-0.69851376,-0.98694656,-0.58799477,-0.32038411,-0.21679227,0.58753823,-0.37340012,-0.57950125,-0.37340012,-0.79929135,-0.61514456,-0.23159818,4,"walking_upstairs"
-0.24900986,-0.2202215,0.24591022,-0.23572655,-0.90851861,-0.036524918,0.063491002,0.083438629,0.093552095,0.94384836,-0.26469317,0.83708349,-0.70049184,0.73005184,0.87477399,-0.56700474,-0.77295514,0.9395669,-0.75890167,-0.98766015,-0.58913097,-0.43330834,-0.24890802,0.58205062,-0.48009083,-0.71898839,-0.48009083,-0.86092204,-0.60214953,-0.34158573,4,"walking_upstairs"
-0.24929089,-0.2202215,0.24818769,-0.23902936,-0.90574511,-0.024715526,0.045060871,0.066564215,0.092868821,0.94384836,-0.3240455,0.83931429,-0.65909585,0.69251217,0.87483606,-0.39747839,-0.77480405,0.94042339,-0.72483413,-0.99210026,-0.5934895,-0.25163079,-0.28338152,0.59918239,-0.31961896,-0.72322797,-0.31961896,-0.7639691,-0.63255784,-0.67637363,4,"walking_upstairs"
-0.2568326,-0.21512235,0.24941221,-0.24092531,-0.90418615,-0.015455009,0.045060871,0.053339648,0.056669261,0.95263102,-0.33136777,0.84277128,-0.56663316,0.60278276,0.87483606,-0.3551662,-0.77617243,0.94176714,-0.63687298,-0.9953891,-0.45411512,-0.27655401,-0.31098586,0.46427939,-0.2852473,-0.64894556,-0.2852473,-0.73989956,-0.51138389,-0.60849194,4,"walking_upstairs"
-0.25817605,-0.21939002,0.25055887,-0.24263833,-0.90269636,-0.018110731,0.048575902,0.057160617,0.063273691,0.95262912,-0.28879924,0.84193348,-0.65997542,0.68999349,0.87862099,-0.42813113,-0.77373899,0.94144123,-0.71879738,-0.99460209,-0.40749092,-0.32894391,-0.29675076,0.40286286,-0.35134591,-0.6958948,-0.35134591,-0.78515579,-0.43728701,-0.49380638,4,"walking_upstairs"
-0.15528784,-0.21716671,0.20872722,-0.18455542,-0.94295246,-0.03951046,0.075545936,0.0888923,0.11221711,0.96542587,-0.47850293,0.92817347,-0.72874834,0.76750282,0.92694576,-0.1964047,-0.82121153,0.97411235,-0.80628495,-0.98592824,-0.52907408,-0.17906704,-0.3068677,0.50839243,-0.12723433,-0.6860752,-0.12723433,-0.61415882,-0.5190274,-0.47210336,4,"walking_upstairs"
-0.20041496,-0.21857232,0.243416,-0.23370208,-0.9097262,-0.037925471,0.078797681,0.086017846,0.088766711,0.94930796,-0.54931754,0.86627411,-0.70772613,0.74826651,0.91836662,-0.1546125,-0.77569057,0.95068485,-0.78865789,-0.987127,-0.60621065,-0.20037373,-0.22613471,0.62696265,-0.11652593,-0.57943464,-0.11652593,-0.60473115,-0.6766264,-0.52359621,4,"walking_upstairs"
-0.258654,-0.21857232,0.2505144,-0.24270054,-0.90264671,-0.036638806,0.074550797,0.083734651,0.088766711,0.94930796,-0.3556195,0.83794397,-0.51426317,0.55115877,0.87297152,-0.27300725,-0.76658215,0.93990806,-0.585891,-0.98780364,-0.36865798,-0.074893724,-0.22852232,0.3933444,-0.14836888,-0.58114067,-0.14836888,-0.63236016,-0.46071198,-0.40058098,4,"walking_upstairs"
-0.25410671,-0.22288941,0.25063625,-0.24352717,-0.90190014,-0.04186688,0.074550797,0.091464785,0.10155942,0.95389853,-0.25365968,0.84629191,-0.58481317,0.62418187,0.87637813,-0.37059819,-0.7638963,0.94311709,-0.6619688,-0.98508142,-0.44012559,-0.24323345,-0.19945128,0.44078192,-0.26464589,-0.70265475,-0.26464589,-0.72490719,-0.47911694,-0.41189526,4,"walking_upstairs"
-0.25364871,-0.22288941,0.2477989,-0.23997098,-0.90493512,-0.045406472,0.070519935,0.096757227,0.10155942,0.9554398,-0.31320207,0.85678178,-0.63768304,0.67736635,0.88107854,-0.35528987,-0.76590769,0.94713797,-0.71572434,-0.98331123,-0.49581367,-0.30447331,-0.18723485,0.51142532,-0.27830403,-0.77504175,-0.27830403,-0.73487996,-0.56220668,-0.22005662,4,"walking_upstairs"
-0.25364871,-0.22321827,0.24853503,-0.24027817,-0.90467424,-0.033679175,0.062229026,0.079635478,0.091462003,0.94634542,-0.31389376,0.8483383,-0.67119117,0.70841606,0.88107854,-0.3347169,-0.77065078,0.94388742,-0.74464236,-0.98878982,-0.43587855,-0.20926774,-0.23840175,0.44692039,-0.19053183,-0.68402716,-0.19053183,-0.6674724,-0.49666315,-0.48668277,4,"walking_upstairs"
-0.25546751,-0.22990818,0.25271271,-0.24577957,-0.89988327,-0.02686249,0.060503886,0.069713708,0.07049752,0.94634542,-0.27444732,0.8377481,-0.66685745,0.70787805,0.87317165,-0.28572438,-0.76765962,0.93982948,-0.74796697,-0.99180151,-0.43983535,-0.14160167,-0.25777692,0.44575015,-0.181453,-0.46178909,-0.181453,-0.66005237,-0.49017926,-0.36345339,4,"walking_upstairs"
-0.25546751,-0.24273563,0.26086,-0.25836228,-0.88825487,-0.02370336,0.059616055,0.065421073,0.07049752,0.95512909,-0.32028809,0.84308974,-0.58400652,0.63188612,0.87317165,-0.29155336,-0.7573582,0.94189121,-0.67774826,-0.99282175,-0.27337138,-0.21874927,-0.23111277,0.28950566,-0.18464922,-0.5079611,-0.18464922,-0.66257723,-0.35634435,-0.54739966,4,"walking_upstairs"
-0.28154256,-0.24273563,0.2679306,-0.26852548,-0.87897438,-0.020123013,0.054132289,0.060279906,0.057165554,0.9500157,-0.33927248,0.83566723,-0.57459331,0.62141337,0.87279791,-0.22752319,-0.74850923,0.93903314,-0.66624918,-0.994058,-0.14274503,-0.17383185,-0.22274687,0.17330207,-0.13615105,-0.48864061,-0.13615105,-0.62186656,-0.26304999,-0.42492681,4,"walking_upstairs"
-0.15312245,-0.23623688,0.21573924,-0.19433835,-0.935017,-0.010581914,0.017768235,0.046794806,0.11874601,0.96700647,-0.3424693,0.9199297,-0.74559164,0.78827317,0.91715484,-0.15680989,-0.82534583,0.97105431,-0.83103374,-0.9942182,-0.45606486,-0.023701833,-0.39866892,0.4306911,-0.035810765,-0.67962701,-0.035810765,-0.53011838,-0.44138163,-0.46265832,4,"walking_upstairs"
-0.21847643,-0.23623688,0.25161028,-0.24625913,-0.89900246,-0.0056572214,0.017768235,0.039623954,0.068412726,0.95991166,-0.43529938,0.87809039,-0.63230563,0.68726313,0.90200358,-0.24401946,-0.77549337,0.95525724,-0.7413419,-0.99697666,-0.48438965,-0.079924882,-0.30720989,0.50320424,-0.10032862,-0.65506173,-0.10032862,-0.59009487,-0.55929625,-0.4567437,4,"walking_upstairs"
-0.26008396,-0.23509208,0.25383419,-0.24792238,-0.89797337,-0.027199369,0.043799071,0.070347679,0.086519521,0.94439732,-0.35630497,0.84493764,-0.57985042,0.62714904,0.87791364,-0.34158969,-0.7659623,0.94258606,-0.67275903,-0.99111418,-0.5678131,-0.29350825,-0.24496312,0.57960678,-0.25860272,-0.74135283,-0.25860272,-0.72042036,-0.62172697,-0.4063176,4,"walking_upstairs"
-0.26008396,-0.2382414,0.25920252,-0.25524141,-0.89124197,-0.033669683,0.069015698,0.079517835,0.086519521,0.94405362,-0.3080532,0.83027605,-0.61904357,0.66473438,0.87080077,-0.29803372,-0.75588517,0.93694984,-0.70916495,-0.9890067,-0.54215742,-0.22506446,-0.21142226,0.56815081,-0.21223302,-0.71174239,-0.21223302,-0.68486647,-0.62696636,-0.0096645149,4,"walking_upstairs"
-0.2674635,-0.2382414,0.26195618,-0.25951855,-0.88743555,-0.027107082,0.057929647,0.070205227,0.084993161,0.94405362,-0.34253884,0.83434658,-0.62592436,0.67168711,0.87264597,-0.25005704,-0.75461503,0.93851677,-0.71627457,-0.9915485,-0.3548475,-0.13760188,-0.22167802,0.38808028,-0.14651869,-0.66297711,-0.14651869,-0.63082805,-0.46723578,-0.35264287,4,"walking_upstairs"
-0.26650708,-0.23392082,0.25687486,-0.25145685,-0.89487849,-0.034159953,0.057929647,0.080074704,0.10350515,0.94574145,-0.29038966,0.8258284,-0.62975397,0.67280134,0.87264597,-0.33930223,-0.75890627,0.93523093,-0.7144965,-0.98844526,-0.4638949,-0.22414586,-0.22351704,0.4959654,-0.24516306,-0.69731307,-0.24516306,-0.71032229,-0.56636599,-0.24721276,4,"walking_upstairs"
-0.26650708,-0.23204461,0.25937335,-0.25525351,-0.89140456,-0.042434721,0.076408452,0.091984258,0.10350515,0.94572748,-0.31998485,0.82291948,-0.55827833,0.60408956,0.87085366,-0.30536031,-0.75169,0.93411232,-0.64774616,-0.98496555,-0.34973509,-0.25325016,-0.18353461,0.38667397,-0.21125769,-0.71714284,-0.21125769,-0.68409649,-0.46909596,-0.30960939,4,"walking_upstairs"
-0.27316132,-0.23204461,0.26207063,-0.2596535,-0.88741036,-0.029986205,0.055009461,0.074329429,0.10332033,0.94572748,-0.39332207,0.83277342,-0.61066205,0.65920808,0.87085366,-0.22818088,-0.75337311,0.93791659,-0.70612204,-0.99000988,-0.092228139,-0.13376413,-0.21144551,0.12522286,-0.12438638,-0.63775093,-0.12438638,-0.61166574,-0.21940228,-0.45970699,4,"walking_upstairs"
-0.05132774,-0.45526778,0.22651387,-0.20585047,-0.87978352,0.012494456,-0.11525486,0.013182683,0.20346828,0.70639072,0.85393652,0.83736693,-0.79239692,0.79013759,0.9414015,-0.30817532,-0.81414564,0.93650096,-0.78757093,-0.97731245,-0.91848005,-0.46377006,-0.2956531,0.91012759,-0.30239095,-0.94775067,-0.30239095,-0.75202776,-0.90690272,-0.96278036,4,"standing"
-0.05132774,-0.12775602,0.11835988,-0.050699336,-0.99611759,-0.094424021,-0.047769731,0.16720798,0.23611483,0.95524209,-0.43251762,0.92018379,-0.92746398,0.93070381,0.9414015,-0.59999861,-0.84322586,0.97087763,-0.93359724,-0.93123409,-0.8729611,-0.67507066,-0.45168651,0.89091599,-0.59182696,-0.9567071,-0.59182696,-0.91338781,-0.91881165,-0.91096536,4,"standing"
-0.051967912,-0.052930157,0.12175811,-0.055413663,-0.99670073,-0.13509802,0.1756053,0.22322925,0.23611483,0.95524209,0.15256891,0.84919313,-0.73138902,0.73077529,0.88867904,-0.87312205,-0.78656348,0.94421684,-0.72985605,-0.90533548,-0.59613147,-0.88066065,-0.35609649,0.59228343,-0.86748629,-0.93902231,-0.86748629,-0.98995851,-0.61645753,-0.86522739,4,"standing"
-0.084042938,-0.053444081,0.13388241,-0.073188998,-0.9940574,-0.10830583,0.16458858,0.18558345,0.22571201,0.95607029,-0.22050421,0.87394587,-0.56591731,0.56425784,0.88717307,-0.88355893,-0.81875908,0.95367675,-0.5624155,-0.9347151,-0.28286658,-0.85796079,-0.39022691,0.25042777,-0.86482765,-0.77996416,-0.86482765,-0.98957887,-0.26598337,-0.8987204,4,"standing"
-0.081361253,-0.053444081,0.1290933,-0.066233372,-0.99533625,-0.094479611,0.16172394,0.16622092,0.16187883,0.97857037,-0.058423465,0.89166758,-0.50092041,0.50651407,0.88717307,-0.91240532,-0.83926742,0.96044341,-0.51165713,-0.94897019,-0.23559749,-0.88296748,-0.44784186,0.18859548,-0.88892539,-0.84059842,-0.88892539,-0.9927596,-0.19163596,-0.87915757,4,"standing"
-0.081361253,-0.04046932,0.12516901,-0.060448239,-0.99650711,-0.090367381,0.15351475,0.16028191,0.16028445,0.97932784,-0.27434503,0.89337478,-0.0013730469,0.0030208782,0.8880792,-0.9394636,-0.84638464,0.96109048,-0.0043351013,-0.95257555,-0.30409085,-0.92534832,-0.47817724,0.2578856,-0.9220044,-0.47656278,-0.9220044,-0.99619311,-0.25682648,-0.91000747,4,"standing"
-0.084637779,-0.04296972,0.12925371,-0.066456648,-0.99546231,-0.086403114,0.15351475,0.15471639,0.14849615,0.98124707,0.069131351,0.8969817,-0.053321047,0.068132371,0.88825633,-0.9685305,-0.8499377,0.96245812,-0.082918964,-0.95602685,-0.49725813,-0.96023566,-0.47410227,0.47274524,-0.96520131,-0.62849296,-0.96520131,-0.99904572,-0.48164702,-0.88733689,4,"standing"
-0.094005515,-0.053409544,0.13389226,-0.073286697,-0.99407946,-0.084311768,0.14315491,0.15182124,0.14763179,0.98229687,0.23566295,0.89923689,0.14306844,-0.09382768,0.89038208,-0.97371447,-0.8504071,0.96331188,0.043636498,-0.95767199,-0.36675011,-0.96803663,-0.46164882,0.31737356,-0.96963159,-0.60868633,-0.96963159,-0.99923378,-0.30874328,-0.90624517,4,"standing"
-0.096558678,-0.053409544,0.13718519,-0.078120437,-0.99303234,-0.076199834,0.13045077,0.14028738,0.14316088,0.98336263,0.038568611,0.9042531,0.30643837,-0.21773115,0.89152899,-0.98057773,-0.85900105,0.96520951,0.12698942,-0.9640107,-0.24357758,-0.9727187,-0.4756925,0.18711437,-0.97124302,-0.067725706,-0.97124302,-0.9992974,-0.17954647,-0.94192985,4,"standing"
-0.10256324,-0.055106301,0.13821876,-0.079618526,-0.99268843,-0.070713213,0.13008911,0.13243322,0.13023349,0.98487052,0.061372729,0.90645442,0.25488117,-0.16944893,0.89152899,-0.96496731,-0.8652808,0.96604192,0.082412244,-0.96816587,-0.3443427,-0.95332909,-0.49101046,0.32462877,-0.95194415,-0.34870738,-0.95194415,-0.99836637,-0.34905429,-0.94334824,4,"standing"
-0.094400395,-0.05514328,0.13767918,-0.078819348,-0.99285361,-0.077620696,0.13008911,0.14225345,0.15237731,0.9809871,0.00052318754,0.90152523,0.072955092,-0.028061771,0.89149895,-0.96075291,-0.85689634,0.96417698,-0.017843712,-0.96279044,-0.36549619,-0.95174764,-0.47052654,0.3222201,-0.94993862,-0.30222225,-0.94993862,-0.99824911,-0.32025496,-0.9413993,4,"standing"
-0.092702159,-0.05514328,0.1337755,-0.073096451,-0.99410229,-0.087386061,0.14300051,0.1561396,0.15269893,0.98096358,-0.23476128,0.89566267,0.32275417,-0.28782801,0.88976794,-0.97052208,-0.84645346,0.96195803,0.25204008,-0.95511615,-0.14745601,-0.96279702,-0.45322986,0.070748607,-0.9552907,-0.073391031,-0.9552907,-0.99855261,-0.048045747,-0.95984635,4,"standing"
-0.089660233,-0.043459987,0.13032409,-0.068005728,-0.99518185,-0.088237758,0.15480754,0.15725999,0.15269893,0.97993481,-0.18916329,0.89375141,0.50374112,-0.47289849,0.88706101,-0.97519844,-0.84701452,0.9612339,0.44158166,-0.95449795,-0.43798751,-0.96825952,-0.465453,0.3936645,-0.96715848,0.19597151,-0.96715848,-0.99913034,-0.38489387,-0.94993992,4,"standing"
-0.089660233,-0.044864831,0.13001224,-0.067529722,-0.99526881,-0.087886151,0.1507149,0.15670307,0.15218614,0.97980193,-0.25109037,0.89265518,-0.42487383,0.43150715,0.88804074,-0.9695479,-0.84762438,0.96081806,-0.43809682,-0.9548256,-0.48018519,-0.96970057,-0.46903344,0.43187749,-0.9672228,-0.25179172,-0.9672228,-0.99913376,-0.41644812,-0.9709211,4,"standing"
-0.089723445,-0.049574731,0.13290053,-0.071789669,-0.99439693,-0.082845558,0.14134453,0.14962243,0.15218614,0.97980193,-0.22015178,0.89761064,-0.50380484,0.50809064,0.89049025,-0.96487165,-0.85283598,0.96269456,-0.51224496,-0.95881914,-0.16727754,-0.97189106,-0.47277661,0.088726449,-0.96585992,-0.43098002,-0.96585992,-0.9990749,-0.063097294,-0.96936578,4,"standing"
-0.098399177,-0.052756406,0.1362436,-0.076732025,-0.99336012,-0.078436203,0.14134453,0.14345413,0.13754113,0.98321969,0.18103171,0.90252338,-0.29246057,0.33499032,0.89049025,-0.81138702,-0.85670336,0.96455572,-0.37790939,-0.96240842,-0.62723948,-0.80171502,-0.4722583,0.67930103,-0.79871507,-0.66111862,-0.79871507,-0.97788913,-0.76043419,-0.93408992,4,"standing"
-0.042408884,-0.3329121,0.20006878,-0.16721457,-0.92212808,-0.049550163,0.029242831,0.100496,0.12070645,0.8563474,0.94470067,0.81864706,-0.7097097,0.70666728,0.90508138,-0.33129992,-0.82532301,0.93160663,-0.70334875,-0.9800353,-0.96455868,-0.52230124,-0.40342184,0.96349068,-0.34999058,-0.80463503,-0.34999058,-0.78427801,-0.96481696,-0.88648678,4,"standing"
-0.042408884,-0.10575583,0.12031805,-0.053433793,-0.99592794,-0.066811328,0.11891332,0.12712279,0.12096665,0.97158022,0.89698964,0.92156911,-0.97223813,0.97506625,0.90508138,-0.89960499,-0.8799181,0.97172731,-0.97754749,-0.97077054,-0.90418977,-0.90916621,-0.56410833,0.91826856,-0.89755577,-0.93592982,-0.89755577,-0.99376036,-0.93989675,-0.94314533,4,"standing"
-0.052386386,-0.057275412,0.13260679,-0.071386796,-0.99398066,-0.059648852,0.10591358,0.11664377,0.12096665,0.98660222,0.39815357,0.91462171,-0.65483928,0.65486053,0.90218115,-0.92731993,-0.88274994,0.96912227,-0.65466342,-0.97538525,-0.88308997,-0.94128584,-0.54963184,0.87435699,-0.93035359,-0.88676196,-0.93035359,-0.99688909,-0.87320666,-0.91689854,4,"standing"
-0.10206002,-0.067895263,0.14108765,-0.083798087,-0.9915975,-0.051726184,0.10591358,0.10529445,0.1059061,0.98663656,-0.08444595,0.91487756,-0.3279252,0.33968551,0.89586065,-0.9309074,-0.88618467,0.9692206,-0.35139912,-0.98033674,-0.55690092,-0.91862653,-0.54606467,0.51844721,-0.9169859,-0.79638558,-0.9169859,-0.99573911,-0.50802108,-0.78596457,4,"standing"
-0.075725287,-0.067895263,0.13920625,-0.081069885,-0.99202803,-0.052201284,0.10616388,0.10601822,0.10535234,0.98830802,-0.27643511,0.91700435,-0.31970405,0.34092994,0.89586065,-0.89676736,-0.88712771,0.97002269,-0.36238855,-0.98004771,-0.75607804,-0.88500392,-0.54999708,0.73553646,-0.88998974,-0.62676087,-0.88998974,-0.99288828,-0.73063166,-0.80223004,4,"standing"
-0.061666301,-0.06780555,0.12305001,-0.057329273,-0.99615825,-0.058275131,0.10674436,0.11457659,0.11343573,0.98789738,-0.2599357,0.9140373,-0.30505526,0.3351637,0.89565742,-0.91009823,-0.88997591,0.96890408,-0.36568251,-0.97641814,-0.57640158,-0.9049654,-0.59374989,0.53574837,-0.90219389,-0.60770071,-0.90219389,-0.99426613,-0.52186614,-0.94545698,4,"standing"
-0.061666301,-0.044119252,0.11762606,-0.049378026,-0.99781695,-0.063644388,0.11814882,0.12223702,0.11625333,0.98768436,0.17378956,0.91214249,-0.27729785,0.29680043,0.89378932,-0.94213295,-0.88523905,0.96818964,-0.31581174,-0.97309685,-0.65594875,-0.94701342,-0.59624704,0.62397322,-0.94195101,-0.59334957,-0.94195101,-0.99773978,-0.61375994,-0.93686663,4,"standing"
-0.069617484,-0.046643973,0.12918342,-0.066365361,-0.99533935,-0.065520905,0.1245922,0.12502167,0.11792595,0.98762496,0.38461293,0.9120851,-0.27887774,0.28720791,0.8942906,-0.93810715,-0.87731601,0.96816795,-0.29543505,-0.97179674,-0.65256618,-0.95435057,-0.5427169,0.62224294,-0.94194389,-0.647769,-0.94194389,-0.99773953,-0.61419621,-0.92477352,4,"standing"
-0.059075241,-0.046643973,0.12635964,-0.062216889,-0.9958961,-0.06084182,0.097138598,0.11832992,0.11792595,0.98762496,-0.18888292,0.91500677,-0.35812234,0.37561679,0.89607125,-0.91796244,-0.88491069,0.96926937,-0.39336657,-0.97465718,-0.58588402,-0.95119497,-0.56974541,0.54878331,-0.92431455,-0.59238537,-0.92431455,-0.99639319,-0.53818307,-0.97449952,4,"standing"
-0.053561585,-0.040444373,0.11182506,-0.040860905,-0.9986559,-0.048196371,0.090407524,0.10015332,0.11319819,0.98931411,0.14627892,0.91963242,-0.41595882,0.43172529,0.89685789,-0.93348546,-0.90820634,0.97101268,-0.44752486,-0.98205952,-0.73259138,-0.95172003,-0.67295692,0.70637466,-0.93809349,-0.53902683,-0.93809349,-0.99747188,-0.6970046,-0.96512517,4,"standing"
-0.053561585,-0.035038414,0.11203116,-0.041161332,-0.99868693,-0.047673412,0.090407524,0.099399542,0.10788546,0.98964817,0.16978806,0.91956836,-0.30347035,0.31490559,0.89685789,-0.95693829,-0.90884192,0.97098853,-0.32640856,-0.98240319,-0.79847105,-0.96817307,-0.67420165,0.77977993,-0.95995212,-0.67077163,-0.95995212,-0.99879772,-0.77385336,-0.9648899,4,"standing"
-0.06542776,-0.038695459,0.12366982,-0.058261952,-0.99675892,-0.057976528,0.098972615,0.11421571,0.11104244,0.98871374,0.081128415,0.91636542,-0.57171821,0.62566706,0.89646887,-0.95407266,-0.89005226,0.96978189,-0.6805005,-0.97656785,-0.65997482,-0.95566465,-0.59049341,0.6306021,-0.95483387,-0.77855955,-0.95483387,-0.99852971,-0.62306061,-0.93634425,4,"standing"
0.53961454,-0.034303863,-0.23565836,0.4349024,-0.53682911,-0.032867079,0.076755992,0.075794285,0.068276784,0.72177912,-0.87489455,0.42717561,-0.92309837,0.92187814,0.80014455,-0.23018027,-0.51605745,0.77016905,-0.92026449,-0.99025979,-0.98269179,-0.31486684,0.048001715,0.98137543,-0.17504652,-0.5266227,-0.17504652,-0.65473572,-0.98118198,-0.9841016,4,"sitting"
0.53961454,0.52683737,-0.31542832,0.54131783,-0.39477907,-0.02915435,0.066894029,0.071721488,0.066871184,0.72177912,0.2011203,0.28648587,-0.96243303,0.96305945,0.68027752,-0.88098121,-0.40195937,0.70874354,-0.96330321,-0.99132143,-0.90684341,-0.89739187,0.20397982,0.91262449,-0.88153706,-0.40765608,-0.88153706,-0.99184675,-0.9252549,-0.98346942,4,"sitting"
0.4960805,0.52683737,-0.30105868,0.51623839,-0.44914553,-0.026344782,0.066894029,0.066886519,0.064816142,0.72229973,-0.79183321,0.28475342,-0.86225418,0.86209173,0.63873483,-0.98232407,-0.42323031,0.70801359,-0.86157297,-0.99256425,-0.95520343,-0.98069569,0.1215507,0.95196259,-0.98272136,-0.61769966,-0.98272136,-0.99967596,-0.95162443,-0.9912698,4,"sitting"
0.48180549,0.52845587,-0.30217881,0.5193334,-0.4428174,-0.025006078,0.066621848,0.065226526,0.057247889,0.73498523,-0.69361026,0.29091627,-0.57943847,0.58175937,0.63873483,-0.98841022,-0.42185772,0.71085627,-0.58341917,-0.99297306,-0.65195227,-0.98581146,0.13098622,0.61799188,-0.98910344,-0.32940303,-0.98910344,-0.99983009,-0.60603424,-0.99340714,4,"sitting"
0.48180549,0.53883806,-0.30315914,0.5208012,-0.4397974,-0.025741059,0.066621848,0.066280916,0.059505225,0.73379039,-0.27464561,0.28977615,-0.42068666,0.42179952,0.63792495,-0.99145548,-0.42030961,0.71033261,-0.42273045,-0.99271728,-0.49177064,-0.98910515,0.13678264,0.45152039,-0.99146129,-0.42867009,-0.99146129,-0.99987681,-0.44371338,-0.9936476,4,"sitting"
0.48105335,0.53883806,-0.30366644,0.52106047,-0.43925882,-0.025384044,0.062566586,0.065745485,0.059505225,0.7333586,-0.24690157,0.28701293,-0.38371449,0.39803288,0.63788648,-0.95053246,-0.41964213,0.70906231,-0.41232479,-0.99283497,-0.049636891,-0.94677307,0.1336133,0.047165742,-0.94232547,-0.37521074,-0.94232547,-0.99776555,-0.10957625,-0.97986081,4,"sitting"
0.48904635,0.54062909,-0.30625588,0.52395614,-0.4332041,-0.024348708,0.062543905,0.064284463,0.062679238,0.72363842,-0.34489091,0.28022123,-0.41838596,0.41737351,0.63511391,-0.95518287,-0.41608825,0.70593038,-0.41614002,-0.99317178,-0.19305941,-0.94369947,0.13155035,0.15022836,-0.943394,-0.33253254,-0.943394,-0.99783609,-0.16053898,-0.98226586,4,"sitting"
0.48917798,0.5407095,-0.30975566,0.52780049,-0.42513627,-0.029534891,0.062543905,0.071448349,0.074236102,0.72298657,-0.28439736,0.26876668,-0.50637769,0.51271972,0.63507204,-0.9608465,-0.41007127,0.70063476,-0.51893218,-0.99132214,-0.32415254,-0.9455371,0.15094938,0.30052552,-0.94874396,-0.28896774,-0.94874396,-0.99817692,-0.32224113,-0.97609723,4,"sitting"
0.48917798,0.54388907,-0.31056006,0.52859125,-0.42348173,-0.037721661,0.075068845,0.082782886,0.079983118,0.72298657,-0.22216132,0.26318524,-0.49849567,0.52286932,0.62741594,-0.95777262,-0.40716785,0.69805338,-0.54714328,-0.9881664,-0.2630945,-0.94550684,0.17841963,0.26275515,-0.94843198,-0.64209131,-0.94843198,-0.99815797,-0.31335468,-0.97471785,4,"sitting"
0.48739643,0.54350087,-0.30866739,0.52659204,-0.42769052,-0.037343979,0.071958484,0.082294999,0.079983118,0.72350758,-0.48148446,0.26901778,-0.63328457,0.64007987,0.62973477,-0.97270544,-0.40998135,0.70075577,-0.64664849,-0.98829652,-0.12624872,-0.96819057,0.17688341,0.050811999,-0.96853627,-0.73947705,-0.96853627,-0.99918893,-0.030779052,-0.9820461,4,"sitting"
0.48937486,0.54350087,-0.30896035,0.52727983,-0.42624183,-0.028736105,0.064632802,0.070390336,0.074991671,0.72579993,-0.41885123,0.27289222,-0.62045563,0.6241604,0.62973477,-0.98348234,-0.4113745,0.70255079,-0.62764065,-0.99159619,-0.42201123,-0.98244667,0.1503928,0.37304882,-0.98386242,-0.64241384,-0.98386242,-0.99970651,-0.36084602,-0.9936033,4,"sitting"
0.49038704,0.54675767,-0.31136044,0.53010981,-0.42027475,-0.023941312,0.064551517,0.063725544,0.059530325,0.72403329,-0.64017223,0.26848676,-0.57331831,0.57381425,0.6294426,-0.98871666,-0.40878803,0.70051071,-0.57400059,-0.99331919,-0.39330428,-0.98924353,0.13634618,0.34086192,-0.98999707,-0.67631047,-0.98999707,-0.99984845,-0.32710482,-0.98842518,4,"sitting"
0.49038704,0.54775381,-0.31175892,0.53034542,-0.41977787,-0.023125567,0.063296768,0.062567221,0.055077285,0.72403329,-0.64150179,0.26666232,-0.40162927,0.39927517,0.62758156,-0.98545949,-0.40835231,0.69966624,-0.39641801,-0.99358427,0.0495538,-0.98529798,0.13226704,-0.15067026,-0.98705845,-0.5432001,-0.98705845,-0.9997851,0.18594185,-0.98597494,4,"sitting"
0.49065423,0.54775381,-0.31188042,0.5305411,-0.41936314,-0.02288457,0.061996525,0.06223775,0.055258487,0.72399693,-0.63674414,0.26667626,-0.32786177,0.32560028,0.62758156,-0.98596835,-0.40821758,0.69967267,-0.32274325,-0.99365706,-0.23047374,-0.98197535,0.13193042,0.15897198,-0.98518709,-0.51151404,-0.98518709,-0.9997403,-0.13578068,-0.987578,4,"sitting"
-0.0012199326,-0.11352652,0.12012255,-0.052809226,-0.99029961,0.010971607,-0.18034533,0.015390276,0.10322082,0.97176012,-0.51964575,0.91053175,-0.81403337,0.82101309,0.92087601,-0.28886823,-0.96711843,0.96750159,-0.82759959,-0.9787848,-0.90437047,-0.31118182,-0.58226764,0.90539758,-0.24350137,-0.88486321,-0.24350137,-0.70904392,-0.91311785,-0.82051116,4,"sitting"
-0.0012199326,-0.034851962,0.078952079,0.0072076059,-0.9979181,-0.03060262,0.035318128,0.07464031,0.10322082,0.97176012,0.62262473,0.90651361,-0.80344715,0.80412592,0.9030925,-0.91392993,-0.93091854,0.96602774,-0.80442945,-0.98898074,-0.95299678,-0.92939923,-0.729494,0.96063461,-0.91648314,-0.9795725,-0.91648314,-0.9956962,-0.97204329,-0.8980803,4,"sitting"
-0.0017949378,-0.0038485747,0.08706678,-0.0045566105,-0.99893269,-0.0063822528,0.033030582,0.040323739,0.070214213,0.98807119,-0.20160914,0.93376904,-0.36437893,0.36403472,0.9030925,-0.94629982,-0.96665564,0.97632441,-0.36355214,-0.99726368,-0.34764366,-0.93325301,-0.83279337,0.29828412,-0.93444088,-0.93714163,-0.93444088,-0.99720361,-0.29118949,-0.92620334,4,"sitting"
-0.033672527,-0.019449675,0.10494268,-0.030769887,-0.99946381,-0.00063350448,0.033030582,0.032087301,0.024009993,0.99578712,-0.21424988,0.93496714,-0.098544809,0.15167738,0.90309219,-0.95486722,-0.9743238,0.97677559,-0.20554886,-0.9986141,-0.31703742,-0.94172692,-0.86643288,0.26020024,-0.94257677,-0.48564728,-0.94257677,-0.99778153,-0.24715253,-0.9510686,4,"sitting"
-0.057953147,-0.020429172,0.11203465,-0.04117392,-0.99891753,-0.0019051721,0.034985826,0.033916459,0.030145064,0.99578712,-0.18700462,0.93499733,-0.28290601,0.31762846,0.9024591,-0.95012762,-0.96721193,0.97678699,-0.35227722,-0.99840968,-0.68623293,-0.94761839,-0.83799278,0.66104075,-0.948448,-0.61831002,-0.948448,-0.99815892,-0.65608423,-0.98183895,4,"sitting"
-0.046403436,-0.020429172,0.10636414,-0.032857951,-0.99935608,-0.0041188907,0.034986372,0.037090459,0.031141094,0.99614843,-0.14791755,0.93531134,-0.089827082,0.11943731,0.9024591,-0.94971029,-0.96905353,0.9769048,-0.14900151,-0.99802731,-0.73772331,-0.95669858,-0.85186806,0.71538312,-0.95100516,-0.64968251,-0.95100516,-0.99831221,-0.70984236,-0.98808037,4,"sitting"
-0.046176247,-0.0036987299,0.098809961,-0.021775946,-0.99995938,-0.0054904361,0.0380816,0.03904227,0.036524991,0.99490461,0.41780597,0.93381466,-0.33494339,0.37986174,0.90203739,-0.95306481,-0.97024377,0.97634339,-0.42538962,-0.99777935,-0.7851099,-0.94187321,-0.8778267,0.78903337,-0.94541651,-0.70150691,-0.94541651,-0.99796853,-0.80795836,-0.96422306,4,"sitting"
-0.02161405,0.0038187578,0.095886412,-0.017489734,-0.99990365,-0.010096672,0.0380816,0.045614441,0.04906323,0.99284615,-0.0025804452,0.93038556,-0.25164659,0.31127381,0.90159768,-0.89383605,-0.96402503,0.97505588,-0.37142498,-0.99672663,-0.82612324,-0.90519637,-0.85947392,0.84863093,-0.88836384,-0.56458536,-0.88836384,-0.99269199,-0.88447757,-0.96137202,4,"sitting"
0.041512325,0.0038187578,0.07513007,0.012865033,-0.99627695,-0.019380639,0.048760667,0.05880841,0.059134877,0.98319376,-0.22880123,0.91975692,-0.18856727,0.23211907,0.89997886,-0.92555846,-0.9426964,0.97105509,-0.27661994,-0.99430078,-0.43930556,-0.91724072,-0.75604182,0.38446732,-0.91462653,-0.53147617,-0.91462653,-0.99552218,-0.36508604,-0.97677068,4,"sitting"
0.052963808,0.033720317,0.044260645,0.057853714,-0.98786567,-0.020898633,0.054030579,0.060904099,0.059134877,0.98218177,0.2573269,0.90552191,-0.39239408,0.42190306,0.89785985,-0.75400288,-0.9101878,0.96568568,-0.45174462,-0.99389154,-0.50543888,-0.7877457,-0.64374317,0.46728257,-0.74399985,-0.76720886,-0.74399985,-0.96495749,-0.46112265,-0.97029797,4,"sitting"
0.052963808,0.035441347,0.051211628,0.04765106,-0.98995626,-0.023041988,0.054030579,0.06389594,0.067227483,0.98218177,0.43368055,0.90329823,-0.49448158,0.5322403,0.89398725,-0.75163791,-0.91624431,0.96484721,-0.56982632,-0.99314568,-0.64784034,-0.79221796,-0.66506756,0.62299738,-0.74161268,-0.86600078,-0.74161268,-0.96432549,-0.62098559,-0.96552032,4,"sitting"
0.022532684,0.028031181,0.074346983,0.013966913,-0.99778737,-0.034792907,0.063339927,0.080706033,0.086337372,0.98419726,0.02735223,0.90947762,-0.40761227,0.42874796,0.89398725,-0.89123823,-0.92299876,0.96718305,-0.44947333,-0.98862819,-0.79923376,-0.8975709,-0.7071313,0.78797763,-0.88383524,-0.87203393,-0.88383524,-0.99213616,-0.78985279,-0.96104556,4,"sitting"
0.93780602,0.72432124,-0.83435216,0.92433509,0.72681279,-0.095341708,0.084506731,0.1582458,0.17193129,-0.40171377,-0.92160602,-0.87303296,-0.9919957,0.99349838,0.34819219,-0.086485482,0.40358837,-0.22113589,-0.99461913,-0.952491,-0.21854849,-0.17218459,-0.31279577,0.1398514,-0.024711267,-0.6242967,-0.024711267,-0.51926815,-0.11057481,-0.91550871,4,"laying"
0.93780602,0.97276926,-0.88124271,0.97409271,0.89930976,-0.10654521,0.17323077,0.17956526,0.17226139,-0.40171377,-0.68155465,-0.99551961,-0.93078914,0.94443335,-0.43584407,-0.89772295,0.5468672,-0.41080748,-0.95791962,-0.94014166,-0.8620166,-0.92890026,-0.48543316,0.86543155,-0.89826604,-0.59692166,-0.89826604,-0.99383999,-0.87861207,-0.9373843,4,"laying"
0.91944907,0.97276926,-0.87585863,0.9632481,0.85776646,-0.10821837,0.18040617,0.18019987,0.17226139,-0.36897993,-0.29339255,-0.99268603,-0.90514431,0.90439559,-0.44410577,-0.98718387,0.52857668,-0.38606803,-0.90327694,-0.93972022,-0.51936363,-0.98310876,-0.46561473,0.47522136,-0.98500417,-0.35304623,-0.98500417,-0.99973573,-0.4615787,-0.9681529,4,"laying"
0.91318055,0.97332163,-0.87793533,0.96465772,0.86309707,-0.1062753,0.1783779,0.17768763,0.16944347,-0.34317727,-0.055123958,-0.9930396,-0.62126566,0.62389621,-0.44436212,-0.95070428,0.52989784,-0.38782108,-0.62632008,-0.9414449,0.16529526,-0.95358828,-0.47187067,-0.13830658,-0.94316923,-0.50252082,-0.94316923,-0.99781974,0.028087287,-0.97014863,4,"laying"
0.91318055,0.97723863,-0.87868788,0.9655983,0.86665984,-0.10648791,0.1783779,0.17811067,0.17134309,-0.34572376,0.061125977,-0.99393035,-0.23319951,0.24391059,-0.45938424,-0.93023274,0.53397275,-0.39341004,-0.25381865,-0.94115145,0.59430718,-0.92897608,-0.47893324,-0.60332204,-0.91010776,-0.27471157,-0.91010776,-0.99508388,0.50530317,-0.95978481,4,"laying"
0.91415769,0.97723863,-0.88044387,0.96596622,0.86805771,-0.10434086,0.17017123,0.1751464,0.17134309,-0.34572376,0.04150002,-0.99374342,-0.19983037,0.21268436,-0.45613104,-0.92973144,0.5330956,-0.39219917,-0.22554086,-0.94311143,0.51398468,-0.92802734,-0.48352642,-0.55458944,-0.91512523,-0.30843904,-0.91512523,-0.99556829,0.49426227,-0.95336571,4,"laying"
0.91415769,0.97799887,-0.88247793,0.96645764,0.8699228,-0.10121358,0.17017123,0.17084317,0.16758511,-0.34325724,-0.32717415,-0.99302396,-0.70300062,0.71927848,-0.45071926,-0.98292281,0.52976948,-0.38758528,-0.7356742,-0.94600057,-0.41155886,-0.97786909,-0.48481821,0.41778906,-0.97887614,-0.45027159,-0.97887614,-0.99956369,-0.46533389,-0.98559344,4,"laying"
0.91377692,0.97797233,-0.88163618,0.96584315,0.86758899,-0.1013164,0.17062974,0.17091656,0.16207412,-0.33784128,-0.18091808,-0.99236064,-0.5055175,0.50627437,-0.4496917,-0.9933089,0.52680987,-0.38351685,-0.50687249,-0.94596294,0.27099832,-0.99176023,-0.47846748,-0.34335897,-0.99288359,-0.2459253,-0.99288359,-0.99990236,0.33190188,-0.99460785,4,"laying"
0.91362189,0.97797233,-0.88185554,0.96602445,0.86827744,-0.10094133,0.17235674,0.17042203,0.16176467,-0.33488447,-0.33084252,-0.99225686,-0.64704613,0.65531713,-0.4496917,-0.99198805,0.5263605,-0.38288193,-0.66312098,-0.94628752,0.21064602,-0.99186725,-0.47807566,-0.29558409,-0.99124665,-0.14310934,-0.99124665,-0.9998728,0.30279769,-0.995447,4,"laying"
0.91499053,0.97869269,-0.88232945,0.9666984,0.87083733,-0.10130278,0.17235674,0.17101249,0.16321154,-0.34701017,-0.41953395,-0.99294994,-0.64112254,0.63995225,-0.45183479,-0.98825027,0.5294955,-0.38718048,-0.63855798,-0.94589919,0.046320898,-0.98825374,-0.48293357,-0.1211812,-0.98832517,-0.085709861,-0.98832517,-0.99981342,0.12857737,-0.98972489,4,"laying"
0.91519075,0.97869269,-0.88320998,0.96735629,0.87333841,-0.10166157,0.17129101,0.17158024,0.16321154,-0.34834395,-0.51476039,-0.99401697,-0.75196663,0.75136189,-0.45315434,-0.98584772,0.53451908,-0.39411743,-0.75046033,-0.94552646,-0.23846135,-0.98547449,-0.49296926,0.18290033,-0.98506815,-0.15975383,-0.98506815,-0.99973703,-0.17645843,-0.99045201,4,"laying"
0.91519075,0.97936092,-0.88494441,0.96747275,0.87378067,-0.10051584,0.17097971,0.16995158,0.16313289,-0.34955836,0.3204176,-0.99465039,-0.34396771,0.36198985,-0.465554,-0.93599682,0.53756741,-0.39837537,-0.37896004,-0.94658931,1,-0.93009872,-0.50519266,-1,-0.92301012,-0.2106619,-0.92301012,-0.9962813,0.86146975,-0.99335645,4,"laying"
0.94614136,0.79284315,-0.85824115,0.95461863,0.83117048,-0.12374136,0.12891673,0.20069685,0.22156131,-0.44249839,-0.78174316,-0.96162714,-0.96064226,0.97060095,0.066357555,-0.49931721,0.51409469,-0.36643171,-0.98033626,-0.92282569,-0.57812237,-0.49568301,-0.37931346,0.5357119,-0.45057543,-0.6643438,-0.45057543,-0.84496813,-0.51992429,-0.92399987,4,"laying"
0.94614136,0.96577343,-0.8527201,0.96809666,0.87669003,-0.14016568,0.21345713,0.22638023,0.22156131,-0.44249839,-0.80302322,-0.99896494,-0.93609892,0.94497861,-0.49188716,-0.91260791,0.57816364,-0.45460202,-0.9536155,-0.90356213,-0.88813831,-0.92940121,-0.44377579,0.88007764,-0.91188981,-0.64013266,-0.91188981,-0.99525821,-0.87925257,-0.93198805,4,"laying"
0.90942132,0.96577343,-0.85227927,0.95761987,0.83652415,-0.13918918,0.22054575,0.22273622,0.22124733,-0.39716175,0.0980819,-0.99809673,-0.93065015,0.93142634,-0.49188716,-0.98578848,0.55995437,-0.42951824,-0.93184072,-0.90672936,-0.89320074,-0.98475775,-0.45079088,0.89349811,-0.98589807,-0.48194132,-0.98589807,-0.99975771,-0.90121729,-0.96609095,4,"laying"
0.90942721,0.96995333,-0.85544114,0.96120383,0.85002166,-0.13600422,0.2199983,0.21896924,0.20954495,-0.38381025,-0.39528533,-0.99824845,-0.63813627,0.63664788,-0.49232079,-0.99271964,0.56120385,-0.431137,-0.63490016,-0.90998015,-0.227153,-0.99113346,-0.45423665,0.15431263,-0.99384569,-0.56761746,-0.99384569,-0.99991844,-0.1305604,-0.98553063,4,"laying"
0.90942721,0.973501,-0.8560099,0.96128025,0.85030765,-0.1354886,0.21967664,0.21824402,0.20954495,-0.38381025,-0.06732393,-0.99834059,-0.58139351,0.58445851,-0.49915581,-0.99427099,0.56196847,-0.43220593,-0.58694548,-0.91058981,-0.22315278,-0.9928981,-0.45802243,0.17260155,-0.99432352,-0.36199839,-0.99432352,-0.99992596,-0.172521,-0.99551467,4,"laying"
0.90805929,0.97341734,-0.8568176,0.9607836,0.84843079,-0.13451519,0.21834997,0.21675435,0.2067221,-0.38069765,0.042294171,-0.99821637,-0.4636047,0.4820249,-0.49834065,-0.99605944,0.56080704,-0.43062202,-0.49978774,-0.91184027,0.0023549567,-0.99416959,-0.46030588,-0.048889503,-0.99510293,-0.27373205,-0.99510293,-0.99993807,0.030155607,-0.9935015,4,"laying"
0.90852979,0.97341734,-0.8568177,0.96108701,0.84957703,-0.13447135,0.21834997,0.2167599,0.2068736,-0.38017605,-0.036215115,-0.99817059,-0.48077628,0.51369768,-0.49781832,-0.99636394,0.56041263,-0.43005943,-0.54664808,-0.91183557,0.29875294,-0.99463515,-0.45838528,-0.35355667,-0.99520383,-0.1098689,-0.99520383,-0.99993949,0.32242653,-0.99481069,4,"laying"
0.90852979,0.97349028,-0.85695492,0.96120262,0.85001379,-0.1343042,0.21763918,0.21654759,0.2068736,-0.3802438,-0.11400611,-0.99814679,-0.54884972,0.56908869,-0.49755635,-0.99723799,0.56020771,-0.4297708,-0.58940395,-0.91201203,0.23644059,-0.99710437,-0.45808362,-0.32395943,-0.99678684,-0.27902921,-0.99678684,-0.99996208,0.33253887,-0.99558419,4,"laying"
0.90886777,0.97349028,-0.85789595,0.96129205,0.85035188,-0.13337462,0.21655463,0.21523638,0.2062454,-0.3812771,-0.19173053,-0.99820729,-0.52135247,0.52433782,-0.49755635,-0.99645935,0.56073922,-0.43051924,-0.52699796,-0.91310302,0.032273825,-0.99606422,-0.46278361,-0.11423113,-0.9971746,-0.47084321,-0.9971746,-0.99996717,0.13037015,-0.99614062,4,"laying"
0.9093943,0.97364064,-0.85873599,0.9619275,0.8527538,-0.13252537,0.21605392,0.21415801,0.20437822,-0.38140688,-0.19514476,-0.99824009,-0.46757724,0.46717689,-0.49797736,-0.99652268,0.56104092,-0.43092184,-0.46627956,-0.91399523,0.26923805,-0.99531444,-0.46471362,-0.36695721,-0.99694669,-0.2676365,-0.99694669,-0.99996423,0.38329107,-0.99465803,4,"laying"
0.9093943,0.97359808,-0.85936244,0.96182382,0.8523621,-0.13189549,0.21502707,0.21323557,0.20329107,-0.38159663,-0.28392759,-0.99826943,-0.41458041,0.41728262,-0.49797736,-0.99689211,0.56129751,-0.43129185,-0.41932988,-0.91475465,0.15588575,-0.99595169,-0.46817152,-0.24769986,-0.99669449,-0.14737483,-0.99669449,-0.99996089,0.26555148,-0.99526564,4,"laying"
0.90919943,0.97359808,-0.85927675,0.96132658,0.85048231,-0.13206435,0.21502707,0.2133663,0.20357805,-0.38216487,-0.18677961,-0.99835126,-0.27605563,0.28523185,-0.50024611,-0.99632563,0.56202164,-0.43232011,-0.29329943,-0.91464693,-0.23494473,-0.99562067,-0.47114978,0.19741164,-0.99520384,-0.019184983,-0.99520384,-0.999939,-0.21041178,-0.99363299,4,"laying"
-0.07105257,-0.054512283,0.12894191,-0.066111371,-0.99528477,-0.062038281,0.10205334,0.12029246,0.13050355,0.98577741,0.26746889,0.92223341,-0.2815647,0.36376683,0.9019626,-0.6369274,-0.88193431,0.97198883,-0.4423417,-0.97355177,-0.33643725,-0.56628842,-0.54869609,0.35681964,-0.5239087,-0.67025668,-0.5239087,-0.88292884,-0.4244477,-0.70817228,4,"walking"
-0.075406983,-0.054512283,0.12626557,-0.061999323,-0.99601497,-0.056025537,0.10205334,0.11126267,0.1133529,0.98197747,0.20764722,0.91077098,-0.16837361,0.25225391,0.90002729,-0.63391825,-0.89117858,0.96766854,-0.33091608,-0.9778023,-0.35218394,-0.54537287,-0.59229873,0.38936052,-0.53858587,-0.647054,-0.53858587,-0.88992549,-0.47338099,-0.63719332,4,"walking"
-0.075406983,-0.030268359,0.12055331,-0.053605241,-0.99755424,-0.058519395,0.10792784,0.11472931,0.11237729,0.98197747,0.13068774,0.90755871,-0.26317252,0.34951119,0.8967771,-0.68352084,-0.89085091,0.96645737,-0.43151299,-0.97640139,-0.19114018,-0.6121753,-0.60815973,0.25893104,-0.55774348,-0.67177319,-0.55774348,-0.89867696,-0.38470947,-0.58943594,4,"walking"
-0.077891577,-0.041550485,0.12467737,-0.059636907,-0.99662051,-0.054757144,0.10518905,0.10936256,0.10909364,0.97731532,0.19115731,0.90842941,-0.37502871,0.46258693,0.89737746,-0.64141938,-0.8936988,0.96678364,-0.54849607,-0.97865647,-0.17773765,-0.54249825,-0.60549299,0.21420329,-0.50298601,-0.6162507,-0.50298601,-0.87267156,-0.30696703,-0.58288859,4,"walking"
-0.084131622,-0.041896699,0.12849425,-0.065139038,-0.99571573,-0.052245516,0.10518905,0.1056106,0.10036633,0.97614414,0.14138835,0.90221702,-0.38248583,0.46110003,0.89737746,-0.62968933,-0.89465617,0.96443273,-0.53778227,-0.98021934,-0.12350761,-0.49085593,-0.60509745,0.15708466,-0.49715766,-0.49514723,-0.49715766,-0.86973992,-0.25038706,-0.54700635,4,"walking"
-0.087408685,-0.041896699,0.12844944,-0.065129619,-0.99571947,-0.052595176,0.10411832,0.10622776,0.10049912,0.97614414,0.046504163,0.90658648,-0.33908682,0.41786607,0.8955291,-0.67099504,-0.89424393,0.96608532,-0.4931523,-0.97996836,-0.13360242,-0.55507572,-0.60029612,0.17624432,-0.562779,-0.51657715,-0.562779,-0.90093831,-0.2778406,-0.57992112,4,"walking"
-0.085550988,-0.039161042,0.1268051,-0.062802664,-0.99613444,-0.051999456,0.10397001,0.10555163,0.10049912,0.98633277,0.16035325,0.91387029,-0.17596785,0.26325019,0.89610197,-0.68488337,-0.89600664,0.96884081,-0.34349603,-0.98023587,-0.24381722,-0.5677447,-0.60312326,0.28047689,-0.58940548,-0.5063323,-0.58940548,-0.91238277,-0.36763975,-0.55505323,4,"walking"
-0.077767923,-0.037346816,0.12544405,-0.060723529,-0.9964685,-0.051297928,0.10397001,0.10435247,0.097280903,0.97928639,0.23605429,0.90688447,-0.30443344,0.38159967,0.89610197,-0.6849601,-0.89770817,0.96620151,-0.45475868,-0.98071639,-0.43658108,-0.62273658,-0.61704883,0.48308836,-0.58715344,-0.36614321,-0.58715344,-0.91144444,-0.57045906,-0.47435459,4,"walking"
-0.06478392,-0.037346816,0.11928091,-0.05159613,-0.99766376,-0.051351946,0.10406985,0.1040872,0.098099686,0.97681879,0.094509374,0.89492224,-0.37332218,0.45070185,0.89348343,-0.67953014,-0.90091181,0.9616751,-0.52429488,-0.98081959,-0.3899661,-0.59049218,-0.65124819,0.44061201,-0.55545693,-0.32860513,-0.55545693,-0.89767308,-0.53647003,-0.55936626,4,"walking"
-0.06478392,-0.034379877,0.11853642,-0.050589251,-0.99782665,-0.052617394,0.10406985,0.10612404,0.10194231,0.97681879,0.11106975,0.90357138,-0.36947326,0.44797974,0.8986199,-0.69607289,-0.89958619,0.96494047,-0.52340252,-0.98000587,-0.34447548,-0.62658487,-0.64226079,0.40016794,-0.55782538,-0.58402787,-0.55782538,-0.89873239,-0.50469254,-0.69214778,4,"walking"
-0.073821409,-0.03723015,0.12529167,-0.06058179,-0.99648277,-0.056971773,0.10693939,0.11263296,0.11174595,0.98155877,0.13031164,0.91125796,-0.34544866,0.42615075,0.8986199,-0.68652555,-0.89050012,0.96785154,-0.50506359,-0.97729316,-0.29275082,-0.62549135,-0.5921348,0.35273943,-0.56650338,-0.59779086,-0.56650338,-0.90258288,-0.46460712,-0.67023112,4,"walking"
-0.071550252,-0.03723015,0.12389051,-0.05847688,-0.99676843,-0.059462966,0.11453236,0.11603992,0.11188539,0.98155877,0.095071809,0.90522188,-0.3175326,0.39952185,0.89578195,-0.66522018,-0.88799788,0.96557488,-0.47796365,-0.97586877,-0.35884711,-0.57658479,-0.59312517,0.4041699,-0.56022756,-0.53708628,-0.56022756,-0.89979365,-0.49562395,-0.5415266,4,"walking"
-0.071550252,-0.042927635,0.1214965,-0.054918624,-0.99729105,-0.059582326,0.1123615,0.11604199,0.11335352,0.97955431,0.2331112,0.89987447,-0.032335881,0.12290044,0.89244752,-0.68054096,-0.889009,0.96355137,-0.20340248,-0.97585983,-0.37057238,-0.58622044,-0.60667357,0.42137879,-0.53705604,-0.59306041,-0.53705604,-0.88921465,-0.51892345,-0.59827527,4,"walking"
-0.073590974,-0.046883705,0.12782088,-0.064158444,-0.99572361,-0.057105091,0.10675547,0.11252748,0.11335352,0.97955431,0.16223151,0.90006099,-0.1267863,0.21075081,0.89569959,-0.66139016,-0.88890006,0.96362095,-0.2876803,-0.97732949,-0.28919059,-0.58030807,-0.59083898,0.34088721,-0.53090537,-0.60447392,-0.53090537,-0.88631507,-0.44502164,-0.51914273,4,"walking"
-0.057899691,-0.046883705,0.12516693,-0.060402397,-0.9961842,-0.050890161,0.072251423,0.10396692,0.10081239,0.98059845,-0.0371986,0.91474752,-0.32900743,0.40517351,0.9027146,-0.67533354,-0.89839095,0.9691667,-0.4787295,-0.98069574,-0.25344171,-0.52722959,-0.61324924,0.30338577,-0.54518654,-0.66085733,-0.54518654,-0.89298311,-0.40856254,0.46462557,4,"walking"
-0.037747834,-0.051568868,0.11299863,-0.042662617,-0.99777945,-0.061195312,0.10913295,0.11907266,0.13295893,0.97896539,0.20358192,0.92540718,-0.5347163,0.59979566,0.90668741,-0.53389736,-0.89016893,0.97316356,-0.66457441,-0.97419835,-0.408298,-0.42683718,-0.60685691,0.40460842,-0.42068142,-0.62401806,-0.42068142,-0.82788829,-0.44159443,-0.70129477,4,"walking"
-0.053458955,-0.051568868,0.12682593,-0.063024324,-0.99578376,-0.057172255,0.10656564,0.1133876,0.11045105,0.98547865,0.076693031,0.92753951,-0.273352,0.35496542,0.90668741,-0.64938402,-0.88938747,0.97397732,-0.4321565,-0.97697667,-0.36581834,-0.54750894,-0.57170587,0.41717138,-0.50783261,-0.61933695,-0.50783261,-0.87490571,-0.51627185,-0.60641361,4,"walking"
-0.074405593,-0.051304112,0.12399998,-0.058788228,-0.99664578,-0.05132602,0.093093351,0.10482074,0.11045105,0.98547865,-0.0061146414,0.92377522,-0.34616271,0.43152338,0.90462063,-0.61199907,-0.89849899,0.97256584,-0.51368043,-0.98023889,-0.26395951,-0.52697865,-0.6088149,0.30423714,-0.44661247,-0.72098871,-0.44661247,-0.84263708,-0.3977388,-0.57715371,4,"walking"
-0.074405593,-0.027962854,0.11944898,-0.052063993,-0.99776292,-0.048220549,0.093093351,0.10026351,0.1043541,0.98399891,0.12415851,0.92155778,-0.42678895,0.5125694,0.90462063,-0.60234141,-0.90494422,0.9717273,-0.59720628,-0.98214202,-0.058515337,-0.48086907,-0.64086504,0.089497567,-0.43961115,-0.69244308,-0.43961115,-0.83887066,-0.18290411,-0.62017295,4,"walking"
-0.074577966,-0.026623187,0.11909736,-0.051491938,-0.99784267,-0.052291919,0.096808341,0.10591106,0.1043541,0.98242995,0.23959621,0.91314856,-0.35747266,0.43878694,0.90090943,-0.57475151,-0.89975828,0.96856224,-0.51859621,-0.98004594,-0.03648011,-0.47691519,-0.63341407,0.10294911,-0.43172881,-0.61168068,-0.43172881,-0.83439896,-0.23394758,-0.6004837,4,"walking"
-0.075549026,-0.033776136,0.12102826,-0.054432724,-0.99742308,-0.052487783,0.10172022,0.10650479,0.10431944,0.98242995,0.18546889,0.92467035,-0.22536739,0.30797206,0.90369049,-0.57745977,-0.89856668,0.9729008,-0.38664181,-0.97982438,-0.15647313,-0.48411712,-0.61549877,0.23236493,-0.43983803,-0.57296683,-0.43983803,-0.83899352,-0.3679359,-0.63838681,4,"walking"
-0.079835352,-0.035165741,0.12394757,-0.058782186,-0.99678923,-0.055002627,0.10547615,0.11025994,0.10496555,0.98565068,0.13528942,0.92859658,-0.325019,0.40746697,0.90369049,-0.66641472,-0.89377667,0.97438023,-0.4872814,-0.97832238,-0.10358994,-0.56607478,-0.59080843,0.15294588,-0.5130842,-0.59965933,-0.5130842,-0.87756913,-0.26399843,-0.57528508,4,"walking"
-0.075268539,-0.035165741,0.12262302,-0.056584355,-0.99710738,-0.056813572,0.1102816,0.11216235,0.10654961,0.97396265,0.18598505,0.90321457,-0.45633354,0.53583116,0.90242124,-0.6497446,-0.8921037,0.96479175,-0.61470076,-0.97753763,-0.087832067,-0.53517039,-0.61013157,0.12019315,-0.52614435,-0.41817297,-0.52614435,-0.88396602,-0.21320481,-0.59279975,4,"walking"
-0.075268539,-0.03966993,0.12307567,-0.05712091,-0.99699927,-0.055097645,0.10070071,0.10938918,0.10654961,0.97396265,0.12360948,0.89186137,-0.40598611,0.48402209,0.89775959,-0.60993885,-0.89411321,0.96050674,-0.56098615,-0.97866537,-0.14499624,-0.49360047,-0.62432442,0.20780675,-0.46004471,-0.53781927,-0.46004471,-0.85021491,-0.33226435,-0.59162005,4,"walking"
-0.07869016,-0.03966993,0.12707815,-0.06315817,-0.99604726,-0.04826326,0.093251283,0.1001267,0.10131888,0.97645622,0.073530244,0.91190462,-0.36485313,0.44487381,0.90081587,-0.62925648,-0.90055534,0.9680884,-0.52277002,-0.98224449,-0.16794722,-0.5087197,-0.61810048,0.24240419,-0.4771266,-0.69323238,-0.4771266,-0.859363,-0.37789837,-0.45361183,4,"walking"
-0.078399999,-0.039627107,0.12640157,-0.062147802,-0.99622444,-0.04898384,0.093251283,0.10111001,0.10675306,0.97937036,0.13425456,0.90995152,-0.40181381,0.48744707,0.90081587,-0.67162038,-0.90007171,0.96735127,-0.57084939,-0.98183733,-0.18601022,-0.54922853,-0.61963422,0.21885592,-0.54442273,-0.64734025,-0.54442273,-0.89262103,-0.30671241,-0.49816879,4,"walking"
-0.075575135,-0.034957356,0.12194634,-0.055491998,-0.99726255,-0.058892279,0.099836219,0.1148169,0.11385378,0.97664703,0.18923219,0.89169298,-0.41603733,0.49550296,0.89362402,-0.5776851,-0.88970609,0.9604497,-0.57213433,-0.97630763,-0.1273932,-0.47136355,-0.61435435,0.17153743,-0.46001421,-0.6017501,-0.46001421,-0.85018754,-0.27530368,-0.58259318,4,"walking"
-0.075575135,-0.04118093,0.12239034,-0.05616967,-0.99714381,-0.058565787,0.10706459,0.11444119,0.11385378,0.97664703,0.073872899,0.89483039,-0.3630085,0.43651536,0.89845846,-0.56985676,-0.88992085,0.96163572,-0.5073236,-0.97646957,-0.19087172,-0.44530925,-0.61123732,0.2524285,-0.45510653,-0.60635693,-0.45510653,-0.84750746,-0.37235942,-0.53676157,4,"walking"
-0.081487745,-0.041803641,0.12751655,-0.063946801,-0.99589351,-0.052339035,0.10523896,0.10626024,0.10758069,0.97718535,0.057242313,0.922133,-0.40764351,0.48248496,0.90777021,-0.70978883,-0.89514418,0.97193244,-0.555519,-0.97995059,-0.30435174,-0.60419467,-0.59217776,0.34813059,-0.55769965,-0.59517574,-0.55769965,-0.89867924,-0.44194799,-0.61509181,4,"walking"
-0.05882222,-0.030233223,0.11561211,-0.045891404,-0.99835692,-0.061764901,0.095887969,0.11741431,0.15469629,0.94771407,-0.33468334,0.84234301,-0.71012961,0.76181008,0.88535886,-0.15689519,-0.88851956,0.94157164,-0.81320788,-0.97388091,0.10251221,0.011963735,-0.66978679,-0.12989253,0.010888437,-0.62999312,0.010888437,-0.4839822,0.082984752,-0.7331313,4,"walking_downstairs"
-0.031133122,-0.030149699,0.10608191,-0.032268639,-0.99899894,-0.056428823,0.095887969,0.11063262,0.12568789,0.9610159,-0.26993753,0.87056845,-0.66099298,0.73132095,0.88836176,-0.19666467,-0.89848642,0.95240286,-0.80106974,-0.97768017,0.20573518,-0.068346679,-0.6911659,-0.10433232,-0.038037806,-0.59795476,-0.038037806,-0.53221911,-0.088142298,-0.71127183,4,"walking_downstairs"
-0.022728634,-0.0047840386,0.090898995,-0.010230302,-0.99967049,-0.069879736,0.10938353,0.13019698,0.13174001,0.96467201,-0.32749779,0.8820858,-0.70348094,0.75380417,0.9009501,-0.1535289,-0.88046454,0.95677242,-0.80375786,-0.96919585,-0.060677659,0.10780442,-0.65137319,0.094576345,0.044832605,-0.54883219,0.044832605,-0.44898441,-0.19520277,-0.37050516,4,"walking_downstairs"
-0.022728634,-0.018432785,0.098802971,-0.021743096,-0.99927505,-0.072845682,0.12993877,0.13447339,0.13246559,0.95819513,-0.3657175,0.88281839,-0.72921179,0.77657231,0.9009501,-0.17852105,-0.87652965,0.95703529,-0.82383487,-0.96712708,-0.030119806,0.11074133,-0.62108496,0.04967998,0.020013973,-0.36059668,0.020013973,-0.47465724,-0.13761185,0.039650512,4,"walking_downstairs"
-0.0149668,-0.018432785,0.098717126,-0.02158798,-0.99916452,-0.075792858,0.12993877,0.13751069,0.13341981,0.94746054,-0.29838586,0.84917318,-0.6825368,0.73670097,0.89514287,-0.38968758,-0.87242756,0.9441639,-0.7905775,-0.96554531,-0.056419865,-0.15627458,-0.63517158,0.10237706,-0.17254689,-0.40955169,-0.17254689,-0.65269895,-0.21695378,-0.24474993,4,"walking_downstairs"
-0.014948919,-0.00076775998,0.085225182,-0.0021942743,-0.99923879,-0.077972437,0.13716452,0.13971941,0.13432159,0.94501988,-0.32090476,0.82409558,-0.68403162,0.73654667,0.87205534,-0.27740726,-0.86846853,0.93456548,-0.78835377,-0.96442082,0.099063735,-0.087758155,-0.65264691,-0.027865716,-0.1108861,-0.37896758,-0.1108861,-0.59967208,-0.12454537,-0.25632989,4,"walking_downstairs"
-0.014948919,-0.011650424,0.095578774,-0.017060038,-0.99935275,-0.075944647,0.13469118,0.13686937,0.13432159,0.94195885,-0.27967304,0.82514761,-0.70354814,0.76204924,0.87212762,-0.19290138,-0.87225991,0.93496146,-0.82013172,-0.96591169,0.30984699,-0.057283731,-0.66106152,-0.24996983,0.02072713,-0.41669656,0.02072713,-0.47390067,0.094930615,-0.69222385,4,"walking_downstairs"
-0.040624107,-0.011650424,0.10191626,-0.026155577,-0.9997359,-0.070811095,0.10744229,0.12968772,0.1286676,0.94195885,-0.035452395,0.82728572,-0.66241183,0.72827941,0.87212762,-0.036001162,-0.87914665,0.93579091,-0.793295,-0.9694205,0.070892682,0.032925328,-0.698785,-0.017861369,0.14567613,-0.65552123,0.14567613,-0.33876899,-0.11266909,-0.5922189,4,"walking_downstairs"
-0.062550875,-0.04421686,0.12164643,-0.054506844,-0.99714834,-0.064428448,0.10106096,0.1209295,0.12708867,0.93038359,-0.24639169,0.83339243,-0.71526539,0.77833666,0.89853582,-0.089584531,-0.88252282,0.93802431,-0.84212376,-0.9733047,0.15172198,0.18309251,-0.64381904,-0.14849586,0.099363255,-0.46604754,0.099363255,-0.390687,0.065606152,-0.64358045,4,"walking_downstairs"
-0.045774549,-0.023962702,0.10771309,-0.034586724,-0.99928968,-0.072478352,0.12860239,0.13287562,0.12708867,0.93038359,-0.24579941,0.85116195,-0.70554508,0.76482086,0.88838659,-0.095674698,-0.87599987,0.94491075,-0.82441593,-0.96795789,0.15958001,-0.015585703,-0.65275134,-0.16390974,0.044768653,-0.25721151,0.044768653,-0.44915153,0.089078106,-0.69072885,4,"walking_downstairs"
-0.038460603,-0.01283578,0.099507974,-0.022763275,-0.99983916,-0.071865188,0.13032903,0.13289217,0.13192063,0.96275699,-0.29293274,0.87759461,-0.68092405,0.73725358,0.89314204,-0.19514326,-0.87786123,0.95507868,-0.7932383,-0.96793299,-0.096746766,0.062062054,-0.65822055,0.097456487,0.026695031,-0.28303306,0.026695031,-0.46785378,-0.1590868,-0.19823273,4,"walking_downstairs"
-0.038460603,-0.028055169,0.10807241,-0.035155535,-0.99887326,-0.080378266,0.13068998,0.14434646,0.15487155,0.94693531,-0.23417054,0.85662086,-0.66013317,0.72519733,0.89314204,-0.12154424,-0.86501187,0.94703253,-0.79024915,-0.96162686,0.0076159312,0.12868763,-0.60943351,-0.0056668479,0.089817345,-0.46201964,0.089817345,-0.40108413,-0.066226737,0.24863001,4,"walking_downstairs"
-0.040387843,-0.028055169,0.11022277,-0.038275978,-0.99878425,-0.088279953,0.14465193,0.1554667,0.15487155,0.94693531,-0.16185225,0.85153823,-0.63600034,0.69816267,0.88408834,-0.16687526,-0.85368263,0.94510252,-0.75981759,-0.9554986,0.075425418,0.14338538,-0.57932231,-0.13282767,0.074563878,-0.46476953,0.074563878,-0.41761815,0.12010388,0.018964651,4,"walking_downstairs"
-0.040387843,-0.045171132,0.11589438,-0.046450643,-0.99749313,-0.081119131,0.13208665,0.14520094,0.15157694,0.94543634,-0.22144851,0.85021803,-0.68630124,0.7476473,0.88408834,-0.11725667,-0.86212266,0.94458639,-0.80870524,-0.9612005,0.035893984,0.13971797,-0.58554638,-0.092396356,0.08627058,-0.45615646,0.08627058,-0.40500188,0.081082,-0.20137359,4,"walking_downstairs"
-0.062849853,-0.045171132,0.12278015,-0.056075267,-0.99691658,-0.072017922,0.11922406,0.13132022,0.13280309,0.94543634,-0.31488685,0.82260217,-0.66374386,0.73989015,0.87431462,-0.011875469,-0.87192945,0.93398768,-0.81580244,-0.9686946,0.031886066,0.10527526,-0.61955727,-0.054008008,0.14363997,-0.27873742,0.14363997,-0.34101944,0.0062077403,-0.62280792,4,"walking_downstairs"
-0.052599569,-0.033665876,0.11418887,-0.043918662,-0.99840108,-0.073213964,0.12524386,0.13379017,0.12916266,0.94434781,-0.29793944,0.84654047,-0.72290169,0.7849982,0.89686091,-0.076132925,-0.87341933,0.94316253,-0.84760111,-0.96748552,0.039877711,0.12139182,-0.62832736,-0.039496523,0.095360245,-0.4848276,0.095360245,-0.39509125,-0.033245741,-0.6746578,4,"walking_downstairs"
-0.033486024,-0.020841795,0.10178324,-0.026052782,-0.99969563,-0.073953087,0.13076346,0.13549757,0.13332973,0.94434781,-0.24490459,0.86639859,-0.68511613,0.75239467,0.89053639,-0.043141768,-0.87478932,0.9507858,-0.8197413,-0.96660841,0.0021745763,0.045123007,-0.65069181,0.0022548219,0.10946784,-0.45956634,0.10946784,-0.37954185,-0.07533979,-0.55486122,4,"walking_downstairs"
-0.0273673,-0.01181488,0.094341785,-0.01523931,-0.9997685,-0.075194279,0.13076346,0.13792043,0.13351636,0.9672928,-0.22578507,0.88483035,-0.61431895,0.67228369,0.8939071,-0.15163144,-0.87327871,0.95783469,-0.72924668,-0.96533338,0.052622207,0.12031256,-0.63335694,-0.034536379,0.0781873,-0.3817356,0.0781873,-0.41372763,-0.056229275,-0.088887682,4,"walking_downstairs"
-0.0273673,-0.035431136,0.10708586,-0.033747968,-0.99837511,-0.074685395,0.13012324,0.13653283,0.13351636,0.95445337,-0.25128441,0.86572461,-0.64350634,0.70255535,0.8939071,-0.20051776,-0.87306328,0.95052595,-0.76100735,-0.96605848,0.04276312,0.036039225,-0.60778764,-0.058745919,0.039196647,-0.2766451,0.039196647,-0.45485156,0.0033056722,-0.09320247,4,"walking_downstairs"
-0.049611455,-0.035431136,0.11421708,-0.044096615,-0.9983216,-0.07527633,0.13012324,0.13737292,0.14546975,0.95445337,-0.21208762,0.86479477,-0.68485613,0.7544311,0.89484437,-0.18269644,-0.87059344,0.9501671,-0.82407379,-0.96551517,-0.073076394,-0.0035723227,-0.60480139,0.033481741,-0.032979969,-0.60601513,-0.032979969,-0.52737516,-0.055249633,-0.3316227,4,"walking_downstairs"
-0.04057465,-0.02442885,0.10896911,-0.036571414,-0.99911526,-0.084263487,0.13022333,0.15071401,0.15593031,0.95447797,-0.14749105,0.87733996,-0.69735882,0.76099431,0.89484437,-0.18110856,-0.85947433,0.95496366,-0.82464765,-0.95811438,0.053106083,-0.0022869719,-0.57987938,-0.11806807,0.020900244,-0.48854677,0.020900244,-0.47376294,0.11500549,-0.43425193,4,"walking_downstairs"
-0.028309432,-0.02442885,0.10090753,-0.024769733,-0.999211,-0.07985829,0.11814375,0.14355259,0.15593031,0.95417624,-0.15316661,0.85563705,-0.64798526,0.71874573,0.89322732,-0.13272902,-0.86664361,0.94668564,-0.789142,-0.96180303,0.08139267,0.059967438,-0.61854162,-0.01761293,0.095448289,-0.46079334,0.095448289,-0.39498634,-0.12527851,-0.58518926,4,"walking_downstairs"
-0.12108342,-0.20967189,0.19792895,-0.16894739,-0.95010528,-0.057054275,0.075090892,0.11448058,0.1349096,0.97322299,-0.38754484,0.93535166,-0.71382578,0.76343771,0.92233772,-0.2128378,-0.82204556,0.97684481,-0.81315664,-0.97570309,-0.62810762,-0.16522688,-0.27562507,0.61697683,-0.11786929,-0.76237147,-0.11786929,-0.60588406,-0.63097317,-0.72336902,4,"walking_upstairs"
-0.19426955,-0.20967189,0.23626287,-0.22406132,-0.91766662,-0.040059896,0.072297887,0.089373674,0.11153231,0.95911502,-0.37245239,0.88613502,-0.71534955,0.76518673,0.92176291,-0.30766057,-0.78431011,0.95825048,-0.81512461,-0.98581319,-0.44106646,-0.2883241,-0.22880004,0.44824768,-0.23865395,-0.80665039,-0.23865395,-0.70537339,-0.49494844,-0.64715038,4,"walking_upstairs"
-0.23014575,-0.20897519,0.23455777,-0.21948289,-0.92156834,-0.040778683,0.072297887,0.089535587,0.096253874,0.95304092,-0.263216,0.848672,-0.65123638,0.69856077,0.87748381,-0.30236749,-0.78622357,0.94403093,-0.74487253,-0.98585872,-0.41114273,-0.30984209,-0.26814398,0.45709261,-0.23339675,-0.71732593,-0.23339675,-0.70136442,-0.5463513,-0.48803234,4,"walking_upstairs"
-0.22799234,-0.18549995,0.22769862,-0.20974691,-0.92911924,-0.044026657,0.086072134,0.094237556,0.096253874,0.95304092,-0.15803552,0.85698438,-0.62214194,0.66640339,0.88214649,-0.34075001,-0.79354814,0.94721026,-0.70929521,-0.98438597,-0.26845545,-0.24767124,-0.27590551,0.30940734,-0.24981044,-0.64030565,-0.24981044,-0.71384677,-0.39950882,-0.2668372,4,"walking_upstairs"
-0.22711785,-0.18013693,0.22677828,-0.2079793,-0.93042904,-0.045663013,0.086072134,0.096365396,0.098498132,0.94661071,-0.23829007,0.8486202,-0.70212414,0.74676481,0.88214649,-0.29033215,-0.79378845,0.94398721,-0.79080185,-0.98358224,-0.25171091,-0.25641795,-0.28121766,0.32475863,-0.22130959,-0.72526937,-0.22130959,-0.69199498,-0.45108603,-0.46421663,4,"walking_upstairs"
-0.22711785,-0.19760031,0.23178288,-0.21489674,-0.92515569,-0.051789823,0.086781557,0.10495714,0.10874086,0.94661071,-0.27381995,0.83537134,-0.70767704,0.75534023,0.87865432,-0.30727766,-0.7834481,0.93891067,-0.80265458,-0.98032,-0.46092384,-0.19775019,-0.24923668,0.50759498,-0.21798342,-0.73523932,-0.21798342,-0.68939176,-0.59370273,-0.17408051,4,"walking_upstairs"
-0.23211842,-0.20656426,0.23959492,-0.22770203,-0.91513505,-0.045288387,0.077912282,0.096402706,0.10874086,0.95461973,-0.23465783,0.85865754,-0.6469407,0.69704017,0.88360124,-0.30774589,-0.77699245,0.94784674,-0.74607392,-0.98329415,-0.38263352,-0.28134308,-0.22013695,0.42111871,-0.25226052,-0.67609437,-0.25226052,-0.7156803,-0.50405386,-0.46669972,4,"walking_upstairs"
-0.24944521,-0.20656426,0.24303898,-0.23327633,-0.91065382,-0.036414686,0.076895105,0.083886518,0.083216746,0.96534014,-0.26329885,0.869145,-0.64755322,0.70108515,0.88360124,-0.27267965,-0.77693903,0.95186926,-0.7534011,-0.98779692,-0.18746248,-0.30430007,-0.23070838,0.2503997,-0.22532229,-0.57914838,-0.22532229,-0.69512242,-0.37192458,-0.35990505,4,"walking_upstairs"
-0.12018188,-0.23000324,0.20120231,-0.17397419,-0.94559238,-0.03727025,0.067080511,0.085889177,0.1249443,0.94622298,-0.2399718,0.9477409,-0.73545782,0.77715614,0.94133297,-0.17858334,-0.83240575,0.98133794,-0.81920789,-0.98632012,-0.49158622,-0.14986073,-0.32973243,0.47648027,-0.09055749,-0.77056751,-0.09055749,-0.58135515,-0.49582638,-0.39396356,4,"walking_upstairs"
-0.19722101,-0.23000324,0.24471351,-0.23514726,-0.90814834,-0.036341542,0.067080511,0.083584332,0.091497877,0.93837915,-0.30961655,0.85866033,-0.72507997,0.77774897,0.93574026,-0.23236183,-0.77468178,0.94755747,-0.83097996,-0.98766503,-0.32799645,-0.15584787,-0.23472644,0.33874256,-0.14828021,-0.64680995,-0.14828021,-0.63233004,-0.39723974,-0.66858306,4,"walking_upstairs"
-0.22742468,-0.22909314,0.23881389,-0.22473311,-0.91699517,-0.042720003,0.085484961,0.091947623,0.091497877,0.93837915,-0.27392578,0.82809057,-0.68177921,0.73405584,0.88467224,-0.24954949,-0.77945152,0.93604514,-0.78592091,-0.98520699,-0.28073989,-0.16616483,-0.26279745,0.28756047,-0.14938904,-0.5420218,-0.14938904,-0.63323615,-0.34465027,-0.59549667,4,"walking_upstairs"
-0.22742468,-0.2011949,0.23335527,-0.21862173,-0.92224649,-0.038467958,0.077615975,0.086584126,0.091077727,0.9474511,-0.20734016,0.86707018,-0.69882661,0.73991791,0.8858915,-0.27650522,-0.78907317,0.95105831,-0.78057916,-0.98695168,-0.26080061,-0.12489483,-0.26485586,0.28680029,-0.155496,-0.56069198,-0.155496,-0.63834587,-0.36446858,-0.23527702,4,"walking_upstairs"
-0.23439517,-0.2011949,0.23700432,-0.22321689,-0.91875715,-0.040316231,0.077615975,0.088963364,0.10101501,0.94391943,-0.23564227,0.85025896,-0.65609338,0.70136107,0.8858915,-0.34759763,-0.78317416,0.94460913,-0.7456391,-0.98608929,-0.28796242,-0.28251982,-0.25842106,0.32366917,-0.23700422,-0.65133132,-0.23700422,-0.70411677,-0.41013039,-0.53009895,4,"walking_upstairs"
-0.23375038,-0.20187286,0.23544414,-0.220235,-0.92110626,-0.04595339,0.085584655,0.096691583,0.10118751,0.94391943,-0.19841016,0.83597513,-0.70556577,0.75596702,0.87928029,-0.39142068,-0.78215183,0.93913619,-0.80606042,-0.98345401,-0.40801018,-0.20003782,-0.2563925,0.46562887,-0.27492789,-0.72981683,-0.27492789,-0.73244456,-0.56739644,-0.55524538,4,"walking_upstairs"
-0.23375038,-0.21121949,0.24077267,-0.2295847,-0.91351742,-0.040705979,0.07637879,0.089899842,0.10118751,0.94454635,-0.22031447,0.86267792,-0.71840301,0.77019615,0.88728185,-0.3319237,-0.77787733,0.94936709,-0.82200997,-0.98571066,-0.19590215,-0.2849267,-0.22947694,0.245558,-0.2416965,-0.67560879,-0.2416965,-0.70770847,-0.35349742,-0.38620261,4,"walking_upstairs"
-0.22856683,-0.21121949,0.23880024,-0.22659421,-0.91580889,-0.036766194,0.07637879,0.084184218,0.086338133,0.95578192,-0.32183433,0.86391029,-0.65120945,0.70068339,0.88728185,-0.29851539,-0.78255411,0.94985054,-0.74920146,-0.98771868,-0.14174785,-0.19993873,-0.25194084,0.16950548,-0.19447106,-0.56351652,-0.19447106,-0.67067919,-0.25830897,-0.52553952,4,"walking_upstairs"
-0.10148662,-0.24405316,0.19808379,-0.16805355,-0.9459147,-0.048511357,0.072139862,0.10138141,0.13264387,0.94352676,-0.078916812,0.91131846,-0.74461749,0.78663611,0.92260766,-0.25506873,-0.82854717,0.96769622,-0.8287743,-0.98046881,-0.45321219,-0.14385265,-0.33064647,0.42215332,-0.15567663,-0.78027106,-0.15567663,-0.63861124,-0.42706617,-0.32298655,4,"walking_upstairs"
-0.18314392,-0.24502797,0.25459242,-0.24798091,-0.89629647,-0.03149809,0.065883357,0.07620224,0.09104746,0.93812126,-0.17977356,0.82641378,-0.70761432,0.76773802,0.90315305,-0.25250903,-0.76319521,0.93535304,-0.82834257,-0.98996056,-0.32350142,-0.26941426,-0.24306905,0.31115113,-0.16545015,-0.73936175,-0.16545015,-0.6467849,-0.3452976,-0.38130213,4,"walking_upstairs"
-0.24634014,-0.24502797,0.2543444,-0.24678103,-0.89852696,-0.035141554,0.065883357,0.08112764,0.083093344,0.93812126,-0.21706345,0.81170527,-0.65491772,0.70766192,0.87464521,-0.26402677,-0.76198059,0.92975238,-0.75969232,-0.9885379,-0.47189781,-0.19240464,-0.24393615,0.49286991,-0.17817655,-0.72401264,-0.17817655,-0.65738553,-0.5518774,-0.58415664,4,"walking_upstairs"
-0.24634014,-0.23092879,0.25093508,-0.24406951,-0.90117991,-0.037567326,0.072366082,0.085334019,0.083093344,0.94945488,-0.2401261,0.84962006,-0.6686666,0.72232221,0.88080673,-0.23576407,-0.76557216,0.94438536,-0.7752612,-0.98738164,-0.46955738,-0.25543704,-0.21192153,0.49068977,-0.17479106,-0.70439078,-0.17479106,-0.65460273,-0.5497646,-0.11344426,4,"walking_upstairs"
-0.23946347,-0.23092879,0.24819721,-0.24066211,-0.90396904,-0.037685093,0.071254512,0.085693883,0.091145225,0.9597683,-0.18359203,0.86163634,-0.66933738,0.71919096,0.88080673,-0.32914436,-0.76927085,0.9489973,-0.7681721,-0.98713693,-0.45130564,-0.25584256,-0.21134464,0.47641071,-0.26700701,-0.74049612,-0.26700701,-0.72664919,-0.54098458,-0.39978695,4,"walking_upstairs"
-0.23017089,-0.21116738,0.23490919,-0.22013502,-0.92108688,-0.044111002,0.071254512,0.09436026,0.097678798,0.95553266,-0.18346351,0.84953765,-0.6201601,0.66836134,0.88051696,-0.33899255,-0.78391471,0.94436033,-0.71510868,-0.98418103,-0.44025963,-0.25606554,-0.25284777,0.4744775,-0.24253872,-0.69107125,-0.24253872,-0.708282,-0.54963959,-0.42682145,4,"walking_upstairs"
-0.23017089,-0.21649592,0.24004555,-0.22720994,-0.91521225,-0.04446621,0.08458794,0.094736411,0.097678798,0.95232951,-0.26140036,0.83836399,-0.55983352,0.61701439,0.87152616,-0.19793676,-0.77684452,0.94007415,-0.67245138,-0.98418206,-0.22160652,-0.23701567,-0.24087198,0.25700677,-0.11281754,-0.42919351,-0.11281754,-0.60145516,-0.34868302,-0.60244433,4,"walking_upstairs"
-0.24775639,-0.21655888,0.24919022,-0.24070373,-0.90434962,-0.036595695,0.066231196,0.083638241,0.084807606,0.95232951,-0.19011245,0.83787044,-0.58310722,0.6400508,0.87132875,-0.26747808,-0.76842168,0.93988386,-0.69539506,-0.98776661,-0.11818267,-0.23565759,-0.23424904,0.15970159,-0.16765603,-0.62354822,-0.16765603,-0.64863053,-0.26494307,-0.51316643,4,"walking_upstairs"
-0.07021553,-0.052732494,0.12549063,-0.060821273,-0.99607996,-0.076397541,0.11380245,0.14012217,0.17673571,0.96219485,-0.019144378,0.89478151,-0.4089202,0.42517521,0.89400098,-0.82019116,-0.86491385,0.96160999,-0.44162655,-0.9633325,-0.57939598,-0.808063,-0.53003347,0.54139796,-0.80195694,-0.80367761,-0.80195694,-0.97856968,-0.5300173,-0.92758042,9,"standing"
-0.07021553,-0.031128593,0.11703229,-0.048491456,-0.99819294,-0.085944239,0.12299271,0.15388627,0.15568596,0.97926235,-0.48644482,0.89536107,-0.58842274,0.59233272,0.8930825,-0.94708844,-0.8551977,0.96184216,-0.59607107,-0.95624131,-0.8804625,-0.94251432,-0.52629143,0.87343224,-0.94155402,-0.92029082,-0.94155402,-0.99771267,-0.87422899,-0.94869332,9,"standing"
-0.071686571,-0.024588782,0.11822048,-0.050248509,-0.99799881,-0.08741548,0.15290391,0.1560467,0.15564365,0.97935419,-0.17919025,0.89589008,-0.37581666,0.39320206,0.88891084,-0.97655319,-0.85282921,0.96204391,-0.41079626,-0.95520351,-0.47865778,-0.9718999,-0.51535916,0.43323551,-0.9753703,-0.55195313,-0.9753703,-0.99944854,-0.42116784,-0.98465256,9,"standing"
-0.076057265,-0.024959848,0.11867256,-0.050903155,-0.99792137,-0.091827633,0.15290391,0.16226709,0.16830784,0.97737766,-0.30636664,0.89145667,-0.36685539,0.40010249,0.88891084,-0.97615417,-0.84667567,0.96036163,-0.43387837,-0.95127922,-0.24978321,-0.97020491,-0.50019501,0.19404041,-0.97373958,-0.57033562,-0.97373958,-0.99939084,-0.18671071,-0.98451671,9,"standing"
-0.076057265,-0.027434508,0.11965157,-0.052344229,-0.9977304,-0.099158405,0.16329488,0.17268112,0.16839648,0.97737766,-0.41605756,0.8859695,-0.3631408,0.40387297,0.88544368,-0.96990417,-0.83637758,0.95828042,-0.44527402,-0.94475301,-0.14612301,-0.96033939,-0.47245663,0.096207575,-0.96674854,-0.46626364,-0.96674854,-0.99911361,-0.10262266,-0.98459807,9,"standing"
-0.07866694,-0.030749939,0.1216381,-0.055267154,-0.99732809,-0.094878943,0.15685488,0.16666563,0.16839648,0.97759511,-0.34810769,0.8901961,-0.28940752,0.3694596,0.886909,-0.97380935,-0.84157403,0.95988464,-0.45103585,-0.9485632,-0.18059807,-0.9659529,-0.47750808,0.15034433,-0.9693464,-0.15919305,-0.9693464,-0.99922223,-0.17540079,-0.97216331,9,"standing"
-0.081094498,-0.030943495,0.12309681,-0.05739609,-0.99701674,-0.087649219,0.15604152,0.15637156,0.15642355,0.98007753,-0.18433475,0.89460174,-0.30949163,0.35555975,0.88758633,-0.98898654,-0.85083884,0.96155628,-0.40228819,-0.95502898,-0.30914,-0.98829905,-0.49601871,0.27264269,-0.98642478,-0.26964537,-0.98642478,-0.99977027,-0.28184995,-0.98268834,9,"standing"
-0.081910276,-0.030943495,0.12312498,-0.057443663,-0.9970105,-0.085758221,0.15563535,0.15371092,0.1454312,0.98159329,-0.076148017,0.89662375,-0.44302217,0.47601202,0.88814443,-0.99566953,-0.8533758,0.96232247,-0.5091378,-0.95662863,-0.54562125,-0.99504925,-0.5015256,0.53863424,-0.99588158,-0.43056023,-0.99588158,-0.99994955,-0.56272852,-0.97077159,9,"standing"
-0.079597396,-0.0297543,0.12195209,-0.055726911,-0.99726421,-0.087825171,0.15563535,0.15665699,0.15171425,0.98010628,0.21141131,0.89560189,-0.35775909,0.41971961,0.88814443,-0.99142356,-0.85102178,0.96193501,-0.48279414,-0.95486369,-0.11300526,-0.98802455,-0.49906061,0.12049282,-0.98768014,-0.32081692,-0.98768014,-0.99979922,-0.19069469,-0.96811729,9,"standing"
-0.079415673,-0.028271561,0.12094344,-0.054233034,-0.99747848,-0.090194883,0.15836626,0.15995677,0.15171425,0.98009448,0.19911016,0.8924275,-0.34921915,0.39518781,0.88756415,-0.98855937,-0.84816496,0.96073186,-0.4418366,-0.95288869,-0.10664931,-0.98486204,-0.49661375,0.046363249,-0.98477716,-0.35482569,-0.98477716,-0.99973002,-0.044368428,-0.98401108,9,"standing"
-0.063290775,-0.024913578,0.11204174,-0.041007325,-0.9989419,-0.065474668,-0.0029413297,0.12391211,0.15410911,0.95858404,0.5427629,0.882153,-0.78209237,0.78231356,0.89191604,-0.81717037,-0.88461377,0.95679043,-0.78217614,-0.9673729,-0.67799584,-0.83201113,-0.635354,0.65120908,-0.81017531,-0.95965319,-0.81017531,-0.98022762,-0.64509169,-0.89903054,9,"standing"
-0.063290775,-0.015369589,0.11109719,-0.039828078,-0.99907729,-0.085192221,0.14659783,0.15306676,0.15410911,0.98184993,-0.10417928,0.90313862,-0.66864333,0.67366146,0.89191604,-0.96946507,-0.85776135,0.9647876,-0.67837649,-0.95689042,-0.75932678,-0.9681252,-0.5463437,0.74805007,-0.96918955,-0.91807178,-0.96918955,-0.99921593,-0.7527164,-0.94034978,9,"standing"
-0.066483584,-0.015369589,0.11273611,-0.042190364,-0.99887904,-0.083258024,0.14659783,0.15005079,0.14934029,0.98137999,-0.0032447102,0.89737515,-0.35538417,0.37892034,0.89096473,-0.98551154,-0.86004557,0.96260652,-0.40295645,-0.95869801,-0.58512839,-0.98161813,-0.55218162,0.55608694,-0.98468809,-0.66123791,-0.98468809,-0.9997277,-0.55390491,-0.97402727,9,"standing"
-0.066330258,-0.015246876,0.11246108,-0.041794726,-0.99891524,-0.089387544,0.15003781,0.15879541,0.15542154,0.98128276,-0.13398982,0.89401353,-0.4107832,0.47034041,0.88705779,-0.99336729,-0.85167791,0.9613334,-0.53051565,-0.95353967,-0.3608987,-0.99064476,-0.53233791,0.34882042,-0.99245744,-0.36657082,-0.99245744,-0.9998947,-0.38060003,-0.98262157,9,"standing"
-0.063013424,-0.014699761,0.11087328,-0.039476074,-0.99910974,-0.093403911,0.16233277,0.16455928,0.15585424,0.98024196,-0.33788292,0.89271306,-0.29466862,0.30691159,0.88636567,-0.99518849,-0.84647715,0.96084025,-0.31840753,-0.95003617,-0.48813263,-0.99290191,-0.52418131,0.45143497,-0.9941023,-0.33893081,-0.9941023,-0.99992258,-0.4479346,-0.97527695,9,"standing"
-0.062851639,-0.012466905,0.1093753,-0.037271915,-0.99928902,-0.093124536,0.16467526,0.16410745,0.15585424,0.98024196,-0.42551348,0.89176899,-0.34878189,0.3572667,0.8862086,-0.99364093,-0.84714625,0.96048224,-0.36514043,-0.95032065,-0.17209017,-0.99215175,-0.53206271,0.097865468,-0.99252391,-0.22798992,-0.99252391,-0.9998959,-0.076194648,-0.98069595,9,"standing"
-0.061722758,-0.0098480529,0.10867154,-0.036231476,-0.99936447,-0.092821784,0.16467526,0.16360503,0.15470347,0.97931678,-0.37379932,0.89032638,-0.49354909,0.50796117,0.88569585,-0.99625335,-0.84768805,0.95993483,-0.52218283,-0.9506377,-0.041707804,-0.99440512,-0.53728328,-0.037277619,-0.99513,-0.2183812,-0.99513,-0.99993857,0.055333089,-0.98369554,9,"standing"
-0.061722758,-0.015591263,0.10970906,-0.03775839,-0.9992383,-0.092758719,0.16154828,0.16356513,0.15470347,0.97931678,-0.43209087,0.89145627,-0.36723803,0.37647328,0.88808271,-0.94790432,-0.84759161,0.96036307,-0.38569496,-0.95065869,-0.80195621,-0.94864873,-0.53241992,0.79740942,-0.94928451,-0.49905817,-0.94928451,-0.99820973,-0.80613513,-0.67381882,9,"standing"
-0.062479837,-0.026675516,0.1120546,-0.041200729,-0.99893895,-0.088124909,0.13614553,0.1570172,0.15463351,0.97981819,-0.35354097,0.89535562,-0.6528489,0.68367004,0.89033068,-0.8625051,-0.85350878,0.96184156,-0.71445712,-0.95455093,-0.72927606,-0.87582004,-0.53772533,0.71201314,-0.8639013,-0.70823003,-0.8639013,-0.98944545,-0.71230045,-0.56044403,9,"standing"
-0.064504596,-0.040291838,0.12055025,-0.053662076,-0.99728011,-0.072152576,0.11481298,0.13434292,0.1486397,0.98095457,-0.3871845,0.9059594,-0.66412641,0.68912954,0.8954758,-0.86033137,-0.87266757,0.96585014,-0.71408669,-0.96656227,-0.73481165,-0.87101317,-0.5567641,0.71614528,-0.85914999,-0.77153891,-0.85914999,-0.98874574,-0.7146649,-0.78584093,9,"standing"
-0.06521707,-0.040291838,0.12457235,-0.059585902,-0.99653987,-0.062867266,0.11481298,0.12119471,0.1255468,0.98547277,0.21651652,0.91340959,-0.60682885,0.63422227,0.8954758,-0.92635571,-0.88319909,0.96866692,-0.66179574,-0.97348593,-0.63297232,-0.91677537,-0.57039373,0.60291356,-0.91927531,-0.76420358,-0.91927531,-0.99595128,-0.59650978,-0.9354813,9,"standing"
-0.048270681,-0.038306408,0.11168817,-0.040657701,-0.9985628,-0.07513847,0.1186373,0.13853497,0.15175926,0.98013631,-0.014188885,0.90374765,-0.61607061,0.65559907,0.89451285,-0.92924894,-0.87146009,0.9650149,-0.6955882,-0.96459687,-0.41781344,-0.9140837,-0.58248363,0.36419216,-0.92472365,-0.8135754,-0.92472365,-0.99642794,-0.34765918,-0.93545662,9,"standing"
0.0071013871,-0.0088093075,0.071546413,0.018275623,-0.99676769,-0.095345415,0.075933404,0.16758123,0.18402987,0.96551792,-0.64524207,0.8961641,-0.45264803,0.44915819,0.91762167,-0.80341985,-0.8411413,0.96204356,-0.44538339,-0.94576864,-0.86526256,-0.79292773,-0.46866098,0.85599137,-0.7860803,-0.8796567,-0.7860803,-0.97516527,-0.85550077,-0.94796762,9,"sitting"
0.0071013871,0.0436126,0.067960016,0.023290417,-0.9966296,-0.10722582,0.17248776,0.18334071,0.18402987,0.96551792,0.19299764,0.86219566,-0.6396674,0.64128093,0.87997281,-0.96613353,-0.82381067,0.94921667,-0.64258437,-0.93741651,-0.68048028,-0.95774004,-0.44211346,0.6516573,-0.96105048,-0.76037721,-0.96105048,-0.99885188,-0.64304356,-0.98470444,9,"sitting"
-0.0057058065,0.0436126,0.070324801,0.01987647,-0.99721646,-0.097502243,0.16059582,0.16980604,0.17183434,0.96762085,0.22888773,0.87473174,-0.44376759,0.46234008,0.88292575,-0.97547243,-0.83780691,0.95400128,-0.48129962,-0.94657728,-0.75137223,-0.97268319,-0.4783495,0.73874234,-0.9743198,-0.61113672,-0.9743198,-0.99941139,-0.74230746,-0.99268162,9,"sitting"
-0.0057058065,0.043722618,0.070772981,0.019256421,-0.99730714,-0.089749296,0.15619834,0.15899516,0.15934221,0.9752599,-0.20518402,0.88449476,-0.47240159,0.50449449,0.88430403,-0.97986808,-0.84847172,0.95771984,-0.53714327,-0.95343113,-0.65854432,-0.97951714,-0.50177019,0.64502393,-0.97944206,-0.54608345,-0.97944206,-0.99958113,-0.65415798,-0.99502561,9,"sitting"
-0.0091623779,0.043721055,0.071808379,0.017741933,-0.99752545,-0.087287837,0.15619834,0.15551013,0.14817788,0.97721149,-0.39280905,0.8865623,-0.52164814,0.5302564,0.88430441,-0.99218735,-0.85216647,0.95850574,-0.53879454,-0.95556412,-0.45570033,-0.98971469,-0.51368395,0.44117759,-0.99114737,-0.4509639,-0.99114737,-0.9998709,-0.46354521,-0.99548662,9,"sitting"
-0.0093485325,0.043721055,0.071622002,0.018001555,-0.99748935,-0.088322728,0.15646021,0.15692099,0.14824446,0.97703356,-0.2016931,0.88438746,-0.45456276,0.45876169,0.88430441,-0.99264391,-0.8506997,0.95767929,-0.46272142,-0.95472495,-0.48884595,-0.99128077,-0.51079822,0.48387691,-0.9922344,-0.41014897,-0.9922344,-0.99989059,-0.51393788,-0.9966761,9,"sitting"
-0.0093485325,0.042399991,0.071827336,0.017702289,-0.99752958,-0.089494853,0.15959301,0.15858373,0.15075689,0.97703356,0.10734079,0.88363247,-0.40350232,0.42114991,0.88329259,-0.98704875,-0.84918053,0.95739252,-0.43849165,-0.95372436,-0.24067549,-0.98367907,-0.50771938,0.17859566,-0.98712434,-0.47116032,-0.98712434,-0.99978637,-0.16527831,-0.99782437,9,"sitting"
-0.0096443055,0.042333186,0.072758468,0.016357149,-0.99771245,-0.088644184,0.1531281,0.15745218,0.15075689,0.97763663,0.069512709,0.88625193,-0.38416278,0.40027813,0.88449691,-0.98482943,-0.85064632,0.95838782,-0.41650329,-0.95438937,-0.29299905,-0.98310411,-0.51248195,0.24670192,-0.98571491,-0.52469623,-0.98571491,-0.9997533,-0.2466583,-0.99571978,9,"sitting"
-0.011897808,0.042293264,0.07312245,0.015819505,-0.99778451,-0.086029867,0.15286371,0.15372718,0.15032139,0.97847082,-0.012515382,0.88771374,-0.41656868,0.43975428,0.88449691,-0.99104987,-0.85431792,0.95894314,-0.46318021,-0.95660109,-0.25206276,-0.98845748,-0.5228276,0.23489752,-0.98911203,-0.47930932,-0.98911203,-0.99983007,-0.26705029,-0.9946443,9,"sitting"
-0.010429397,0.042293264,0.072836606,0.01622332,-0.9977309,-0.085260754,0.15286371,0.15257647,0.14424852,0.97832917,-0.061956231,0.88665835,-0.35492001,0.39556304,0.88445595,-0.9926014,-0.85526628,0.95854232,-0.43678103,-0.95728731,-0.40790921,-0.9887037,-0.52557653,0.40407221,-0.99110812,-0.41738198,-0.99110812,-0.99986995,-0.44132758,-0.9942799,9,"sitting"
-0.0095092045,0.042592574,0.072014621,0.017423354,-0.99756829,-0.085957767,0.15423839,0.15355596,0.14599843,0.97819089,0.018151121,0.88579921,-0.41617539,0.44955146,0.88354589,-0.99143249,-0.85403998,0.958216,-0.48259716,-0.95671576,-0.49813893,-0.98936014,-0.52032792,0.48289031,-0.99116569,-0.51295362,-0.99116569,-0.99987123,-0.50165328,-0.99409232,9,"sitting"
0.038209872,0.026055639,0.049681135,0.050563593,-0.99045404,0.026687111,-0.069381477,-0.0071449913,0.019244854,0.97155236,-0.51502671,0.94821792,-0.93920025,0.94037458,0.98574672,-0.85374419,-0.93430479,0.98131959,-0.94119261,-0.99699354,-0.91450362,-0.85248522,-0.69752579,0.9083427,-0.84332927,-0.93642983,-0.84332927,-0.98625067,-0.90772956,-0.89595774,9,"sitting"
0.036332485,0.067320694,0.051685662,0.046789108,-0.99178267,0.0093417169,0.0076042317,0.017694997,0.019244854,0.97155236,-0.29383214,0.89922474,-0.92588016,0.93215969,0.89926285,-0.969287,-0.93725546,0.96328178,-0.93814288,-0.9995818,-0.71584553,-0.95553743,-0.79366467,0.6939525,-0.96531589,-0.88448046,-0.96531589,-0.99905079,-0.69041621,-0.93728711,9,"sitting"
0.022830695,0.067320694,0.053345535,0.044714273,-0.9923758,0.015798718,0.0075744996,0.0085234202,0.012651541,0.98407564,0.031387997,0.92047324,-0.63198695,0.63179767,0.89926285,-0.97045318,-0.94067176,0.97132723,-0.63138135,-0.99994025,-0.54602072,-0.96273799,-0.80797447,0.52825588,-0.96715865,-0.85507145,-0.96715865,-0.99913123,-0.54098377,-0.9591645,9,"sitting"
0.02406529,0.070284854,0.049927553,0.049683206,-0.99112741,0.017910429,0.0067487695,0.0055026335,-0.0026081422,0.98885302,-0.29279709,0.91804641,-0.42342103,0.42477012,0.89910785,-0.97782581,-0.93578463,0.97041462,-0.42594818,-1,-0.68693816,-0.97343425,-0.80294429,0.66903296,-0.97591994,-0.56644798,-0.97591994,-0.99946741,-0.67174331,-0.98221848,9,"sitting"
0.026333196,0.07619926,0.048313618,0.052009472,-0.99052122,0.017642305,0.0067487695,0.0058859535,-0.0013324285,0.98885302,-0.023223461,0.91585951,-0.33690305,0.35674855,0.89515924,-0.97288654,-0.93344626,0.96959135,-0.37587793,-0.9999982,-0.52390114,-0.96321981,-0.79700402,0.49530284,-0.96817098,-0.51484302,-0.96817098,-0.99917395,-0.49770477,-0.98828487,9,"sitting"
0.026697044,0.070956247,0.048306793,0.052046246,-0.9905001,0.020463233,-0.010206544,0.0018521281,-0.0013324285,0.98943773,-0.1399643,0.91729829,-0.37597778,0.41694197,0.89647332,-0.95937323,-0.93333955,0.97013351,-0.4584398,-0.99989329,-0.54819817,-0.95169486,-0.78568337,0.51137885,-0.9574517,-0.70353021,-0.9574517,-0.99867007,-0.50356897,-0.98141717,9,"sitting"
0.026697044,0.063674666,0.052627645,0.045769026,-0.99204449,0.028131912,-0.013832234,-0.0091203466,-0.0028679126,0.98947087,-0.49073968,0.92023759,-0.43854311,0.47490687,0.89727844,-0.95633928,-0.93808225,0.9712404,-0.51165381,-0.99945543,-0.72203077,-0.95579518,-0.77415642,0.69917227,-0.95451535,-0.66936365,-0.95451535,-0.9985116,-0.69409347,-0.98526777,9,"sitting"
0.037086505,0.063674666,0.051873977,0.046862778,-0.9916912,0.033174476,-0.019631962,-0.016331047,-0.022012713,0.98736184,-0.32175939,0.91910088,-0.2620505,0.32476765,0.89727844,-0.95155241,-0.9351336,0.97081182,-0.38876009,-0.99903901,-0.60714403,-0.95129796,-0.75279298,0.57149076,-0.94817818,-0.52785923,-0.94817818,-0.9981409,-0.56083262,-0.97433896,9,"sitting"
0.037909398,0.067107042,0.043214341,0.059442605,-0.9882872,0.034642607,-0.020392453,-0.018412151,-0.020667856,0.98686043,-0.28106715,0.91267613,-0.22003995,0.27357765,0.89673732,-0.95281274,-0.92255477,0.96839018,-0.32819739,-0.99883663,-0.58564363,-0.94592266,-0.71772684,0.55051229,-0.9476592,-0.64739796,-0.9476592,-0.99811015,-0.54196044,-0.98182153,9,"sitting"
0.037909398,0.079183005,0.042803981,0.06000875,-0.98818801,0.030093206,-0.020392453,-0.011903344,-0.010223518,0.98686043,-0.16347993,0.91141245,-0.012341998,0.070436973,0.89391547,-0.94813426,-0.92359491,0.967914,-0.12873133,-0.99925592,-0.52819344,-0.94126415,-0.73449705,0.50453807,-0.94099357,-0.74985076,-0.94099357,-0.99767497,-0.5120805,-0.97909216,9,"sitting"
0.030724146,0.078757149,0.046792996,0.054211342,-0.98991288,0.027544166,-0.012545186,-0.0082648282,-0.010223518,0.98825089,-0.12101775,0.91408992,0.0017602439,0.10089093,0.89447893,-0.95067826,-0.92997221,0.96892421,-0.2032319,-0.99957032,-0.48683347,-0.94128047,-0.75802038,0.49744452,-0.94308831,-0.66256595,-0.94308831,-0.99781658,-0.544613,-0.98688666,9,"sitting"
0.026820704,0.078757149,0.047065894,0.053832119,-0.99002348,0.029884661,-0.012545186,-0.011613829,-0.014033149,0.98889776,0.07605736,0.91500622,-0.42458058,0.48061606,0.89447893,-0.97287414,-0.92967981,0.96926974,-0.53618245,-0.99939455,-0.5113272,-0.969312,-0.74943701,0.52990466,-0.97212026,-0.70078272,-0.97212026,-0.99933094,-0.58357158,-0.99253229,9,"sitting"
0.026824792,0.079385174,0.046247775,0.055023192,-0.98969126,0.02621975,-0.012354533,-0.0063749707,-0.0094361564,0.98903502,-0.17510491,0.91484908,-0.083672593,0.17268309,0.89442816,-0.97747512,-0.92951348,0.9692105,-0.26038145,-0.99966564,-0.50906461,-0.97539477,-0.76031503,0.50367075,-0.97778908,-0.66390316,-0.97778908,-0.99952927,-0.53188109,-0.99293127,9,"sitting"
0.030149747,0.081079232,0.045310839,0.056389387,-0.98929996,0.024740451,-0.0050590804,-0.0042604573,-0.0094361564,0.98898174,-0.17210607,0.91455464,-0.16635212,0.25041119,0.8942481,-0.98537626,-0.92846884,0.96909948,-0.33428602,-0.99979344,-0.41381366,-0.98275344,-0.76246857,0.37737596,-0.9852195,-0.67297474,-0.9852195,-0.99974109,-0.37928923,-0.99552131,9,"sitting"
0.1958352,0.19858762,-0.073341689,0.21426564,-0.89543627,-0.94922847,0.73844714,0.96203022,1,-0.66661419,-0.49399957,-0.89138033,-0.98568104,0.98940072,0.30581159,0.0083622203,0.56164345,-0.43313049,-0.99278112,0.81989844,-0.78522827,-0.12562574,-0.04030151,0.79165992,0.079884302,-0.80356985,0.079884302,-0.41176267,-0.81355842,-0.85989656,9,"laying"
0.19529711,0.21779334,-0.062959199,0.20938839,-0.89989686,-0.93168988,0.98439305,0.99558775,1,-0.66661419,-0.43269423,-0.96256737,-0.94780383,0.95415621,-0.67956899,-0.86579234,0.7344069,-0.67339733,-0.96023121,0.93855672,-0.7173999,-0.83411748,-0.12236919,0.72740574,-0.84070721,-0.51014031,-0.84070721,-0.98581797,-0.757878,-0.92690107,9,"laying"
0.17456194,0.21779334,-0.057672753,0.19870645,-0.9093142,-0.9439021,0.98439305,0.98529477,0.97270768,-0.63326531,-0.078641084,-0.97370838,-0.78608156,0.78803136,-0.69264473,-0.90384158,0.71441358,-0.64302583,-0.78971334,0.89812329,-0.73225255,-0.86687683,-0.23728332,0.72876553,-0.88265389,-0.041358169,-0.88265389,-0.99198861,-0.74373665,-0.94197302,9,"laying"
0.17290281,0.21785898,-0.059580773,0.20175749,-0.90674392,-0.93991466,0.98654864,0.98572613,0.97014408,-0.61505594,-0.364176,-0.97093281,-0.63370724,0.63948453,-0.69270569,-0.9465477,0.72065102,-0.65192096,-0.64515521,0.89979036,-0.49627345,-0.9222747,-0.21074045,0.4583478,-0.92667685,0.28086216,-0.92667685,-0.99659141,-0.45294909,-0.96896926,9,"laying"
0.17290281,0.21138497,-0.05768229,0.19932059,-0.90875605,-0.93408973,0.98531634,0.9845269,0.96937123,-0.66256491,0.045784116,-0.96144889,-0.68838403,0.6897328,-0.72494525,-0.95280564,0.74011029,-0.67883451,-0.69090671,0.8951431,-0.58103981,-0.94978844,-0.16880945,0.55543885,-0.94227145,0.3055924,-0.94227145,-0.9977619,-0.55743662,-0.98117095,9,"laying"
0.16798802,0.2069103,-0.050218383,0.18903028,-0.91718688,-0.93007147,0.98493131,0.98347667,0.96764171,-0.67739587,0.80161024,-0.94803298,-0.88407064,0.88353426,-0.7384601,-0.925324,0.76389185,-0.71153022,-0.88264466,0.89107909,-0.70361589,-0.93333791,-0.13668837,0.68130654,-0.9283446,-0.022105814,-0.9283446,-0.99672792,-0.6782407,-0.98008779,9,"laying"
0.15466689,0.2069103,-0.046803802,0.18442774,-0.92088798,-0.92763016,0.98493131,0.98331934,0.96813023,-0.67739587,0.79313496,-0.94163768,-0.89090801,0.89268192,-0.78727752,-0.97586242,0.7748651,-0.72672745,-0.89408466,0.89047054,-0.66613552,-0.97602325,-0.12038414,0.63718303,-0.97724571,-0.11422025,-0.97724571,-0.99951155,-0.62942535,-0.98095092,9,"laying"
0.15319967,0.20562163,-0.046117852,0.18354184,-0.92157666,-0.92928837,0.98503866,0.98428772,0.96825869,-0.67056428,0.14391718,-0.94306553,-0.78206847,0.79537795,-0.78791506,-0.96330518,0.77256346,-0.72366885,-0.80854946,0.89421741,-0.59482198,-0.9592555,-0.12608385,0.58105134,-0.96071509,-0.11852142,-0.96071509,-0.99883511,-0.59438811,-0.98610851,9,"laying"
0.15129473,0.20454579,-0.045362908,0.18243392,-0.92243892,-0.92959478,0.98559194,0.98414011,0.96825869,-0.66921868,0.10011801,-0.94271834,-0.71881004,0.75230925,-0.79014052,-0.96003449,0.77316939,-0.72443084,-0.78602293,0.89364594,-0.60617102,-0.95788496,-0.12802166,0.60778401,-0.95866635,-0.089054735,-0.95866635,-0.99873283,-0.63684,-0.98743537,9,"laying"
0.15129473,0.20286155,-0.04433234,0.18090315,-0.92361289,-0.93034171,0.98559194,0.98396745,0.96781183,-0.66970412,0.38633911,-0.94268094,-0.29866898,0.29536869,-0.78783158,-0.98220151,0.77331045,-0.72450867,-0.29172882,0.89297724,-0.70003529,-0.98139113,-0.13249034,0.69581183,-0.98343993,-0.10065489,-0.98343993,-0.99969525,-0.71217111,-0.98995611,9,"laying"
0.14800674,0.20208786,-0.04314112,0.17916157,-0.92495065,-0.93200921,0.98592846,0.98419522,0.96781183,-0.66970412,0.43081724,-0.9436535,-0.57572358,0.57514662,-0.78636392,-0.99310812,0.77181747,-0.72236942,-0.57418243,0.89385846,-0.5450347,-0.99426395,-0.14072488,0.50720663,-0.99404743,0.019509683,-0.99404743,-0.99992171,-0.49828646,-0.98878615,9,"laying"
0.14933486,0.2018718,-0.043172037,0.17910181,-0.92499465,-0.93327751,0.98592846,0.98414982,0.96779131,-0.66376926,0.35946232,-0.94535842,-0.63571519,0.63674921,-0.77845461,-0.98629914,0.76915009,-0.71859599,-0.63754915,0.89368269,-0.64634527,-0.98827492,-0.14826451,0.62055496,-0.98768039,-0.066751523,-0.98768039,-0.99979916,-0.61762833,-0.98946634,9,"laying"
0.28001475,0.22597251,-0.10104867,0.26241572,-0.8451001,-0.88828856,0.92339208,0.9773834,0.97798541,-0.71642019,0.36152986,-0.94333144,-0.98055588,0.98447061,-0.46788298,-0.74949341,0.75805922,-0.70617234,-0.9880575,0.86811645,-0.90989423,-0.71829074,0.043235056,0.91010354,-0.70894088,-0.90328768,-0.70894088,-0.95509291,-0.91659615,-0.85489952,9,"laying"
0.22772605,0.21830102,-0.065223849,0.21087533,-0.89813738,-0.89622313,0.96964626,0.97404123,0.97575119,-0.73707177,0.30819159,-0.91719015,-0.87114909,0.87656775,-0.81800521,-0.9113018,0.80913975,-0.7744934,-0.8817511,0.85486578,-0.75475289,-0.91670935,0.018496606,0.73389773,-0.90871793,-0.42756808,-0.90871793,-0.99494437,-0.728796,-0.93658244,9,"laying"
0.16886356,0.20807417,-0.053060473,0.19325338,-0.91381492,-0.89851886,0.96964626,0.97205408,0.95854232,-0.73792167,0.45216348,-0.90771234,-0.83898323,0.84002613,-0.84198887,-0.97690301,0.82246625,-0.79164827,-0.84074065,0.8471723,-0.78749663,-0.96756432,-0.001679845,0.77665838,-0.9743435,-0.41634502,-0.9743435,-0.99941252,-0.77989475,-0.95850273,9,"laying"
0.16207782,0.20607311,-0.04869577,0.18748234,-0.91844947,-0.90126091,0.97498686,0.97471324,0.95854935,-0.73896161,0.87561992,-0.90681355,-0.71486813,0.71414016,-0.85132338,-0.96873721,0.82325738,-0.79320856,-0.71300449,0.85733536,-0.65855643,-0.96682351,-0.0072459403,0.62624174,-0.97026887,-0.28925639,-0.97026887,-0.99925925,-0.61548557,-0.95784881,9,"laying"
0.15835296,0.20607311,-0.048162998,0.18660549,-0.91916049,-0.90280925,0.97634513,0.97474389,0.95855389,-0.73896161,0.91329302,-0.90861731,-0.74873141,0.74822904,-0.85021152,-0.97045049,0.82110802,-0.79008892,-0.74730391,0.85745238,-0.50083964,-0.97418064,-0.015544146,0.45423007,-0.97315986,-0.16859363,-0.97315986,-0.9993697,-0.43892337,-0.9618212,9,"laying"
0.16249557,0.20872941,-0.049264559,0.18820653,-0.91789616,-0.90305269,0.97635466,0.97514069,0.95916714,-0.73527756,0.46923916,-0.91007432,-0.60562827,0.61019297,-0.84073518,-0.90029627,0.81917677,-0.78756429,-0.61457079,0.85897405,-0.77016958,-0.88445294,-0.014990736,0.75704064,-0.88832127,-0.24463194,-0.88832127,-0.99268879,-0.75899428,-0.92121337,9,"laying"
0.18024198,0.20872941,-0.055821745,0.19716677,-0.9104026,-0.90324425,0.97416556,0.97436683,0.95916714,-0.73527756,0.50521702,-0.91738406,-0.60074718,0.60228181,-0.82240104,-0.9075744,0.80956714,-0.77424511,-0.60355231,0.85601102,-0.74598374,-0.88819063,-0.018337972,0.73346984,-0.89100653,-0.25504189,-0.89100653,-0.99300926,-0.73782866,-0.89931275,9,"laying"
0.18024198,0.21526578,-0.061201628,0.20462459,-0.90423557,-0.90195135,0.97416556,0.97369516,0.96048252,-0.71925238,0.22407871,-0.9216778,-0.75178617,0.75243719,-0.82240104,-0.92790095,0.80397612,-0.76660608,-0.75274127,0.8534386,-0.75969783,-0.91390137,-0.014569563,0.74753307,-0.9255392,-0.31222615,-0.9255392,-0.99649646,-0.75133943,-0.96717366,9,"laying"
0.17980043,0.2042854,-0.052743984,0.1930992,-0.9137438,-0.90563983,0.97416852,0.97638778,0.96229483,-0.72189204,-0.18634398,-0.91750335,-0.46602581,0.47423879,-0.82746085,-0.93706129,0.8094276,-0.77436937,-0.48236335,0.86377103,-0.66580768,-0.92745285,-0.023744885,0.64983842,-0.92107678,0.34486349,-0.92107678,-0.9961119,-0.65616465,-0.96852338,9,"laying"
0.15838689,0.2042854,-0.045983368,0.18359793,-0.92152264,-0.90795234,0.97615407,0.97707584,0.96229483,-0.73748498,0.080015454,-0.91369908,-0.49308733,0.51154133,-0.84115026,-0.94940582,0.81449347,-0.78117029,-0.53015339,0.8664077,-0.54159151,-0.93682669,-0.034630352,0.51004049,-0.9327558,0.37838536,-0.9327558,-0.99707629,-0.50823117,-0.97642043,9,"laying"
0.15299868,0.19882603,-0.043980083,0.18082173,-0.9236558,-0.90263498,0.97600279,0.97497649,0.96103057,-0.7567742,0.73262307,-0.90385459,-0.80113595,0.80322278,-0.847101,-0.96138357,0.82686341,-0.79799077,-0.8050196,0.85834631,-0.46781456,-0.95512956,-0.015434313,0.41739204,-0.95934819,-0.0016348146,-0.95934819,-0.9987675,-0.40038045,-0.96634712,9,"laying"
0.15178322,0.19882603,-0.042468312,0.17892616,-0.92511396,-0.90016248,0.97600279,0.9750074,0.9593512,-0.7567742,0.94264823,-0.89859792,-0.86841026,0.86802378,-0.86322538,-0.96568594,0.83318021,-0.80691286,-0.86725739,0.85846355,-0.63567429,-0.97067862,-0.0033426934,0.60069794,-0.96840163,-0.1537493,-0.96840163,-0.99918353,-0.58863917,-0.97175928,9,"laying"
-0.056875163,-0.059958117,0.12601016,-0.061627819,-0.99541613,0.006448828,-0.015300241,0.02192575,0.092064288,0.98601348,-0.27821498,0.930383,-0.5225338,0.60576403,0.90873029,-0.41242648,-0.95705751,0.97504747,-0.68873915,-0.99624833,-0.21399337,-0.37253699,-0.77210079,0.19382857,-0.32306233,-0.43326921,-0.32306233,-0.7663287,-0.22656134,-0.51838245,9,"walking"
-0.092342303,-0.066326429,0.14303934,-0.086641419,-0.99082811,0.019867332,-0.015300241,0.0026942911,0.01436267,0.98803119,-0.40146325,0.93091287,-0.44255693,0.52961201,0.90652103,-0.50134923,-0.93515915,0.97524901,-0.61454393,-0.99953122,-0.22802982,-0.34901118,-0.75537982,0.2580767,-0.35887268,-0.40364213,-0.35887268,-0.79002911,-0.34304878,-0.44972219,9,"walking"
-0.11145169,-0.067616337,0.14698961,-0.092594236,-0.98927987,0.0092907946,0.0049483686,0.017898075,0.01436267,0.99306302,-0.38743977,0.93792931,-0.29255382,0.38363777,0.90652103,-0.56410097,-0.92853597,0.97788537,-0.46938825,-0.99966067,-0.24247579,-0.37104516,-0.73868979,0.25810346,-0.37962732,-0.38270567,-0.37962732,-0.80321627,-0.32427859,-0.50019524,9,"walking"
-0.11063373,-0.067616337,0.1462915,-0.091530331,-0.9895781,0.0096007425,0.016983191,0.017445968,0.012404696,0.99495665,-0.37687191,0.93613401,-0.1826853,0.28289153,0.90433436,-0.57266834,-0.92960312,0.97721289,-0.37370531,-0.99971617,-0.15267943,-0.41033151,-0.74443549,0.1582441,-0.39862955,-0.18800234,-0.39862955,-0.81488282,-0.21966173,-0.44453514,9,"walking"
-0.10624655,-0.06712251,0.14368496,-0.087662542,-0.99063922,0.012170582,0.0099303005,0.013747049,0.0081298852,0.99375225,-0.3858933,0.93476714,-0.37595838,0.47242557,0.90490281,-0.54353271,-0.93383126,0.97670019,-0.56389617,-0.99985276,-0.089534662,-0.44861275,-0.76580857,0.064016574,-0.40572058,-0.28968232,-0.40572058,-0.81909759,-0.096293054,-0.53148068,9,"walking"
-0.10624655,-0.061432805,0.14173824,-0.084857254,-0.99138664,0.017763737,-0.00081368222,0.0057128835,0.007007087,0.99254665,-0.35306542,0.93842586,-0.52418504,0.60868436,0.90840059,-0.59466787,-0.93710371,0.97806949,-0.69168271,-0.99991318,-0.16146713,-0.47470914,-0.77631491,0.14829139,-0.45349082,-0.37400015,-0.45349082,-0.8466069,-0.18869985,-0.42269248,9,"walking"
-0.10644972,-0.064308036,0.14298679,-0.086534993,-0.99094083,0.01976458,-0.00081368222,0.002842925,0.0021877613,0.98675473,-0.36176167,0.92928763,-0.44582496,0.5324053,0.90840059,-0.62587041,-0.93524108,0.97463269,-0.61651834,-0.99994335,-0.2033881,-0.53501767,-0.78159014,0.20808062,-0.50465664,-0.32425204,-0.50465664,-0.87352741,-0.26539283,-0.41042995,9,"walking"
-0.11019898,-0.065348132,0.14595525,-0.090702907,-0.98981453,0.011244846,0.0012752891,0.01503953,0.024024124,0.98675473,-0.30293518,0.9186525,-0.30709799,0.39571271,0.90064534,-0.58016527,-0.93041053,0.97064239,-0.47888373,-0.99958849,-0.10040501,-0.45937875,-0.76130113,0.10530723,-0.47822797,-0.35744201,-0.47822797,-0.8599431,-0.16869802,-0.49288998,9,"walking"
-0.11649928,-0.073809015,0.1489864,-0.095375736,-0.98844783,0.0026605349,0.014073092,0.027390529,0.024024124,0.9896637,-0.24561124,0.92916235,-0.32259577,0.40595289,0.90538055,-0.58731816,-0.92372125,0.97459322,-0.48405105,-0.99897993,-0.15228657,-0.49149651,-0.71245775,0.19649615,-0.50961841,-0.45993771,-0.50961841,-0.87599728,-0.30023812,-0.44326609,9,"walking"
-0.11787409,-0.079417518,0.15204807,-0.10011941,-0.98698,7.1551892e-05,0.030470165,0.031187505,0.025076724,0.99375567,-0.2064052,0.93991358,-0.37226727,0.45950998,0.90770307,-0.58895709,-0.91844829,0.97862784,-0.54308653,-0.99870395,-0.24164309,-0.45031844,-0.68167163,0.25007467,-0.47511789,-0.26081832,-0.47511789,-0.85829662,-0.30999699,-0.41638617,9,"walking"
-0.11685922,-0.079417518,0.15084882,-0.098308293,-0.98753503,0.00091413833,0.02243477,0.029959277,0.025076724,0.99445352,-0.18581746,0.93811797,-0.30927603,0.39486929,0.90770307,-0.62938129,-0.92045271,0.97795479,-0.47518376,-0.99880388,-0.14085076,-0.51639073,-0.69116608,0.1426126,-0.52078943,-0.41707227,-0.52078943,-0.88142125,-0.2018325,-0.54600561,9,"walking"
-0.11197029,-0.06898314,0.14723198,-0.092891287,-0.98918781,0.0060508961,0.01303389,0.022543865,0.025010537,0.99445352,-0.31721873,0.93456237,-0.26123164,0.3420313,0.90560124,-0.65249349,-0.92733631,0.97662292,-0.41609844,-0.9993462,-0.09211896,-0.59628131,-0.72825219,0.091617544,-0.555329,-0.34343577,-0.555329,-0.89759327,-0.15117124,-0.59633718,9,"walking"
-0.11197029,-0.06691392,0.14691132,-0.092400999,-0.98933372,0.01135913,0.0072257514,0.014913841,0.017649019,0.99014093,-0.26891345,0.93399835,-0.43172759,0.5067957,0.90560124,-0.67438167,-0.92905609,0.97640956,-0.57856066,-0.99976594,-0.11311224,-0.56833838,-0.75005237,0.10855309,-0.57075016,-0.38207473,-0.57075016,-0.90443502,-0.16214398,-0.52216048,9,"walking"
-0.065445316,-0.054752044,0.12417905,-0.059033485,-0.99639446,0.01006157,-0.023045661,0.016773029,0.036290228,0.98822663,-0.15926282,0.93928764,-0.43767827,0.51267649,0.90762395,-0.49328716,-0.96111475,0.97839157,-0.58464493,-0.9991131,-0.18191319,-0.38206245,-0.81768547,0.15164635,-0.35776818,-0.66024392,-0.35776818,-0.78929903,-0.17590505,-0.34111543,9,"walking"
-0.079316328,-0.063201949,0.13742402,-0.078576044,-0.99269155,0.018703576,-0.00067938005,0.0043608228,0.017400894,0.99413223,-0.32307986,0.9431067,-0.47544092,0.56247224,0.91157387,-0.55126559,-0.94334093,0.97982161,-0.64717736,-0.99991992,-0.18886436,-0.45114639,-0.79325565,0.21791908,-0.43703973,-0.5126923,-0.43703973,-0.83741194,-0.30512779,-0.49178921,9,"walking"
-0.10812859,-0.063201949,0.143582,-0.087768122,-0.99062115,0.021087271,-0.0023847767,0.00092142692,-0.0037436347,0.99413223,-0.37778698,0.94922057,-0.4740301,0.55732008,0.91361242,-0.55754238,-0.93428193,0.98210624,-0.6387476,-0.99993752,-0.17650835,-0.45668371,-0.76427916,0.19205377,-0.45444362,-0.38126124,-0.45444362,-0.84714317,-0.26267499,-0.53363912,9,"walking"
-0.10941346,-0.066906212,0.14465315,-0.089247999,-0.9902125,0.02425099,-0.0061598617,-0.0036273163,-0.004633982,0.99371217,-0.40783164,0.9434553,-0.4189197,0.49851267,0.91361242,-0.66563554,-0.93230975,0.97994885,-0.5749143,-0.99980357,-0.28981165,-0.54687684,-0.75225435,0.31228607,-0.5362754,-0.37611888,-0.5362754,-0.88885605,-0.3836339,-0.49695389,9,"walking"
-0.099755211,-0.066906212,0.14182302,-0.084848459,-0.99131427,0.027436187,-0.013146568,-0.0081633836,-0.013242196,0.99138704,-0.54333868,0.93034406,-0.34539597,0.43079982,0.90460085,-0.59233898,-0.93563171,0.9750397,-0.51128534,-0.99960645,-0.25621346,-0.48630633,-0.76152111,0.27189165,-0.4868438,-0.4195365,-0.4868438,-0.86445266,-0.33928217,-0.60141562,9,"walking"
-0.099755211,-0.065797194,0.14165258,-0.084522552,-0.99140963,0.032526726,-0.023370783,-0.015441246,-0.013436328,0.98659912,-0.45513473,0.92552866,-0.38718678,0.47824978,0.90167128,-0.50538321,-0.93410053,0.97322948,-0.56510874,-0.99903704,-0.14979627,-0.43198937,-0.74644014,0.1607219,-0.41231051,-0.37995964,-0.41231051,-0.82304955,-0.2302615,-0.50737187,9,"walking"
-0.11027894,-0.065797194,0.14468656,-0.088948411,-0.99029787,0.033310002,-0.023370783,-0.016559963,-0.012687894,0.98640308,-0.37690205,0.92373007,-0.40960815,0.50045029,0.90529839,-0.50016028,-0.92957766,0.97255091,-0.58877109,-0.99893602,-0.036000661,-0.41387784,-0.73273677,0.02693413,-0.3863116,-0.3649299,-0.3863116,-0.80731599,-0.080196419,-0.47912925,9,"walking"
-0.11027894,-0.064513107,0.14419357,-0.088406117,-0.99045138,0.030419443,-0.020671948,-0.012465123,-0.012687894,0.98640308,-0.4058343,0.93402514,-0.37317536,0.46218583,0.90843307,-0.54769848,-0.93135585,0.97641416,-0.54765861,-0.99930562,-0.092472308,-0.41423779,-0.73772234,0.089298917,-0.40286711,-0.42225044,-0.40286711,-0.81745317,-0.14384641,-0.43477737,9,"walking"
-0.10932374,-0.064513107,0.14407799,-0.088323506,-0.99047235,0.02668275,-0.013615385,-0.0071140086,0.00065334059,0.99108603,-0.40747269,0.93913958,-0.26281216,0.35937621,0.90843307,-0.54486687,-0.93261963,0.97833616,-0.45024174,-0.99955727,-0.1462966,-0.42574044,-0.74738873,0.1534059,-0.41465346,-0.36094354,-0.41465346,-0.82447395,-0.21652843,-0.52398124,9,"walking"
-0.10358631,-0.064465647,0.14228225,-0.085568216,-0.99119452,0.016201749,-0.010407567,0.007955227,0.012786773,0.99108603,-0.28035128,0.93322017,-0.30716784,0.398222,0.90599713,-0.57195021,-0.9362771,0.97611788,-0.48416586,-0.99976509,-0.034817824,-0.48928933,-0.76851604,0.025446846,-0.46701319,-0.38488318,-0.46701319,-0.85398437,-0.079300695,-0.4940094,9,"walking"
-0.10287129,-0.059045405,0.1402938,-0.082629904,-0.99194906,0.0073959326,0.012614225,0.020591085,0.017683678,0.99278887,-0.16533674,0.9320674,-0.22613972,0.31802406,0.90352128,-0.57901606,-0.93755547,0.97568699,-0.40188302,-0.99951793,0.035493525,-0.53398847,-0.76313586,-0.045496218,-0.49438513,-0.34423504,-0.49438513,-0.86833305,-0.012219951,-0.60771528,9,"walking"
-0.10287129,-0.072058668,0.14404675,-0.088231779,-0.99041543,0.0075694037,0.016838076,0.020364203,0.017683678,0.99384055,-0.37550471,0.9365146,-0.22236567,0.31892987,0.90757718,-0.62968791,-0.93229366,0.97735408,-0.40750777,-0.99953239,-0.11040238,-0.50854997,-0.74532386,0.13317817,-0.50268796,-0.35558857,-0.50268796,-0.87253942,-0.21711856,-0.47630116,9,"walking"
-0.11257779,-0.072563936,0.14894239,-0.095504225,-0.98842299,0.0095105853,0.016838076,0.017589002,0.011549451,0.99493833,-0.29353167,0.93941446,-0.23351942,0.32340903,0.90757718,-0.62526942,-0.92578883,0.97844158,-0.40702649,-0.99971005,-0.03226363,-0.52064351,-0.73089902,0.045025937,-0.53071981,-0.26579516,-0.53071981,-0.88621599,-0.12306865,-0.57322676,9,"walking"
-0.086642331,-0.067154382,0.13262804,-0.070850463,-0.99447208,0.0055108063,-0.014529624,0.0231152,0.062535665,0.96585357,-0.50986998,0.89507085,-0.72494161,0.77990168,0.91063495,-0.10563166,-0.94756879,0.96168447,-0.83488414,-0.99757291,-0.40831704,-0.040916257,-0.78674784,0.40662022,-0.00073755866,-0.59682351,-0.00073755866,-0.49562152,-0.44536154,-0.68598111,9,"walking_downstairs"
-0.086642331,-0.042745358,0.12911706,-0.066217653,-0.99551522,-0.023151966,0.014439455,0.06436191,0.074153499,0.97567427,-0.54771472,0.92729559,-0.65862374,0.73085103,0.91063495,0.011157793,-0.9285948,0.97386658,-0.80292885,-0.99235977,-0.23669963,0.20541021,-0.69424703,0.24190456,0.1400469,-0.49795251,0.1400469,-0.34520479,-0.2984664,-0.54385383,9,"walking_downstairs"
-0.058467776,-0.031563166,0.11642233,-0.047336294,-0.9981765,-0.0038576234,0.001022106,0.036429453,0.075683069,0.96409112,-0.28770926,0.89893319,-0.66701597,0.73176235,0.92845496,0.041782792,-0.9609386,0.96310129,-0.79662298,-0.99608634,-0.35689905,0.24265411,-0.83453866,0.34813211,0.16808493,-0.58079628,0.16808493,-0.31289184,-0.38204564,-0.070551695,9,"walking_downstairs"
-0.072111073,-0.035507353,0.12268751,-0.056461802,-0.99713877,-0.020891148,0.013866141,0.060647311,0.075683069,0.96400727,-0.30988698,0.89659705,-0.68309178,0.73984445,0.91876544,0.026230267,-0.9367873,0.96221907,-0.79668608,-0.99310019,-0.34409894,0.32175955,-0.75306329,0.33007892,0.18206175,-0.41111774,0.18206175,-0.2964956,-0.35970518,-0.021437839,9,"walking_downstairs"
-0.079390904,-0.03932323,0.12564819,-0.061004472,-0.9964078,-0.00089120586,-0.0036115188,0.032383288,0.075674718,0.96400727,-0.44481223,0.92141888,-0.76037022,0.80982505,0.91876544,-0.26335835,-0.95304189,0.97163411,-0.85955415,-0.99670691,-0.35595288,-0.065121468,-0.78629433,0.34567005,-0.15264504,-0.57436068,-0.15264504,-0.63604666,-0.37760744,-0.31793896,9,"walking_downstairs"
-0.079374199,-0.03932323,0.12638879,-0.06202415,-0.99624216,-0.0088367036,-0.0036115188,0.043684509,0.080211594,0.98333758,-0.42567254,0.91437042,-0.53604162,0.60288267,0.9042161,-0.10845303,-0.94563927,0.96902482,-0.66704046,-0.99436887,-0.25514976,-0.024655158,-0.75834513,0.23638372,0.012884048,-0.53961506,0.012884048,-0.48195875,-0.26567315,-0.5366634,9,"walking_downstairs"
-0.079374199,-0.050740518,0.12819627,-0.064817337,-0.99566503,-0.0275557,0.04934322,0.070595566,0.080211594,0.98497891,-0.38768414,0.92189754,-0.4858015,0.5599357,0.90900402,0.029538527,-0.92457254,0.97185455,-0.63061795,-0.99121909,-0.28526419,0.20804388,-0.68526201,0.26685991,0.16120792,-0.38337139,0.16120792,-0.32089409,-0.29548889,-0.47211044,9,"walking_downstairs"
-0.097025134,-0.10812698,0.14643812,-0.092266572,-0.9884673,0.090589658,-0.15132063,-0.099530936,-0.082657051,0.98236903,0.20850102,0.94436854,-0.66602629,0.70149714,0.92404369,-0.54544239,-0.87806264,0.9802389,-0.73690339,-0.9771509,-0.75928504,-0.3936985,-0.48723813,0.74810729,-0.46818824,-0.76145835,-0.46818824,-0.85461576,-0.75269961,-0.55919076,9,"walking_upstairs"
-0.098022313,-0.13691819,0.15461066,-0.10349481,-0.98379062,0.091885487,-0.11928895,-0.10036032,-0.082657051,0.96379608,0.014840932,0.90285267,-0.61681936,0.65087246,0.92404369,-0.49989332,-0.86937979,0.96456741,-0.6845726,-0.97738993,-0.78920939,-0.34822364,-0.4846657,0.77883065,-0.41776935,-0.77773073,-0.41776935,-0.82630311,-0.78233191,-0.61468241,9,"walking_upstairs"
-0.10118716,-0.13691819,0.18219976,-0.14343611,-0.96813493,0.10367802,-0.1601151,-0.11687551,-0.10436057,0.96379608,-0.044864726,0.87141035,-0.53807107,0.57873446,0.88763224,-0.50841952,-0.82988904,0.95272482,-0.61891745,-0.96967945,-0.73343671,-0.40899378,-0.35484337,0.71862516,-0.41907115,-0.75432489,-0.41907115,-0.82705408,-0.72126414,-0.68607026,9,"walking_upstairs"
-0.16443056,-0.15173956,0.19085791,-0.15646045,-0.96288922,0.13086284,-0.19006177,-0.15593242,-0.10619194,0.94992784,-0.0027323838,0.85848764,-0.59786614,0.63781686,0.88763224,-0.64362349,-0.793446,0.94776543,-0.67758146,-0.9462194,-0.58260921,-0.67891457,-0.22464808,0.55455629,-0.61459631,-0.75506193,-0.61459631,-0.92256192,-0.55322919,-0.63275948,9,"walking_upstairs"
-0.13370191,-0.15853506,0.18345351,-0.14574858,-0.96673404,0.10962014,-0.17995191,-0.12581764,-0.098655492,0.9367531,0.12052043,0.88206062,-0.64937805,0.68038267,0.91874427,-0.71118026,-0.8227238,0.95647682,-0.71156959,-0.9641674,-0.57219714,-0.60419097,-0.31745469,0.54846111,-0.61542635,-0.6785697,-0.61542635,-0.92288216,-0.55273972,0.077910424,9,"walking_upstairs"
-0.13370191,-0.12953418,0.1726895,-0.13073632,-0.97497078,0.12282966,-0.18245768,-0.14553124,-0.098655492,0.95481193,-0.21622906,0.9022745,-0.64743627,0.68783451,0.91874427,-0.67910889,-0.81900313,0.9642997,-0.72841508,-0.95231344,-0.70829561,-0.58228227,-0.29050318,0.70548645,-0.58861418,-0.66106101,-0.58861418,-0.91204216,-0.72253844,-0.24707738,9,"walking_upstairs"
-0.14686764,-0.15012637,0.19137761,-0.15728621,-0.96207228,0.1419031,-0.18245768,-0.17165471,-0.15784899,0.95481193,-0.18326768,0.85054411,-0.58154652,0.64719111,0.89234317,-0.60094847,-0.78102477,0.94473233,-0.71352473,-0.93758756,-0.64835476,-0.54067657,-0.18622704,0.64132622,-0.5209124,-0.6958853,-0.5209124,-0.88150835,-0.65804244,-0.29374945,9,"walking_upstairs"
-0.14521741,-0.15012637,0.19156908,-0.15778017,-0.96184477,0.12536516,-0.18212427,-0.14844837,-0.13038469,0.9568066,-0.058288039,0.86993409,-0.52591557,0.59160516,0.88713407,-0.60554624,-0.79851198,0.95214792,-0.65687536,-0.95227302,-0.63233364,-0.55193924,-0.23263484,0.61956386,-0.50250068,-0.69223123,-0.50250068,-0.87242639,-0.63123863,-0.552637,9,"walking_upstairs"
-0.14246705,-0.13166092,0.1755251,-0.13433521,-0.97353756,0.1089064,-0.14676044,-0.12496646,-0.12434489,0.9760169,0.052327723,0.89165877,-0.47027666,0.52668305,0.89319094,-0.53743981,-0.83140643,0.96043712,-0.58113412,-0.96612141,-0.70203675,-0.49652358,-0.34310802,0.70119167,-0.4657698,-0.61983572,-0.4657698,-0.85330489,-0.720677,-0.34829071,9,"walking_upstairs"
-0.14246705,-0.10829944,0.17061744,-0.12707275,-0.9770139,0.10464601,-0.11937179,-0.11878509,-0.12434489,0.971264,-0.0017716945,0.89425618,-0.50547918,0.563464,0.89319094,-0.53181817,-0.84063684,0.96141829,-0.62040688,-0.96938718,-0.44268393,-0.41134895,-0.37746042,0.42230551,-0.43963538,-0.4413857,-0.43963538,-0.83888516,-0.43754671,0.11017167,9,"walking_upstairs"
-0.08250531,-0.060316304,0.13647571,-0.07605386,-0.99320361,0.015665453,-0.045224662,0.008672319,0.036600169,0.95589323,-0.44400439,0.86994854,-0.6909583,0.74790304,0.89881418,-0.12435013,-0.94464915,0.95214294,-0.8047717,-0.99831242,-0.46893344,0.065861736,-0.79797204,0.47295426,0.047332654,-0.52863023,0.047332654,-0.44650667,-0.51362324,-0.53657869,9,"walking_downstairs"
-0.07942097,-0.058404288,0.12650665,-0.062032065,-0.99614154,-0.0030160169,0.016138508,0.035267388,0.036600169,0.96484039,-0.47713635,0.90130112,-0.66320078,0.72868066,0.91571973,-0.11492749,-0.95039824,0.96402148,-0.79378034,-0.99810137,-0.4794107,0.097800038,-0.80228761,0.47162392,0.055105142,-0.54655668,0.055105142,-0.43830099,-0.49888936,-0.57263933,9,"walking_downstairs"
-0.069321069,-0.18369721,0.14327768,-0.085948062,-0.9870786,0.0497391,-0.080569051,-0.039461426,0.017225438,0.9577396,-0.48027045,0.86931648,-0.6339064,0.6996972,0.89267529,-0.086556086,-0.92159735,0.95191509,-0.76544083,-0.99330962,-0.53822934,0.1466541,-0.70898822,0.51252105,0.12942872,-0.50721468,0.12942872,-0.35691311,-0.51702572,-0.4535766,9,"walking_downstairs"
-0.069487836,-0.071949978,0.13786863,-0.077891493,-0.99252274,0.012579897,-0.041941829,0.013005688,0.029324206,0.95990908,-0.56384095,0.85880417,-0.46718197,0.54265508,0.88131117,0.053555556,-0.9422661,0.94791507,-0.6153943,-0.99864633,-0.35203505,0.32833378,-0.80591411,0.35804645,0.25462681,-0.47981584,0.25462681,-0.20825117,-0.40896169,-0.17316074,9,"walking_downstairs"
-0.10820703,-0.081548132,0.15071432,-0.096670946,-0.98792459,0.0015101774,0.02578259,0.028679268,0.029324206,0.96163867,-0.53323721,0.86913812,-0.44863615,0.52694311,0.88344,0.030019568,-0.9208744,0.95186621,-0.60184656,-0.99889628,-0.2825264,0.17765592,-0.74919952,0.30973526,0.2381404,-0.43803887,0.2381404,-0.22857966,-0.38798825,-0.014139764,9,"walking_downstairs"
-0.10025657,-0.081548132,0.14835727,-0.093476458,-0.98874306,0.002044172,0.02578259,0.027984935,0.023205209,0.96923989,-0.47206506,0.88025256,-0.4183987,0.50295095,0.89190003,0.042262987,-0.9243624,0.95610202,-0.58288213,-0.9989856,-0.42236842,0.26850217,-0.75158462,0.44228507,0.1882457,-0.36607765,0.1882457,-0.28915048,-0.50332687,-0.60432349,9,"walking_downstairs"
-0.082882654,-0.10961928,0.14331872,-0.088201445,-0.98942271,0.10734339,-0.15878787,-0.12463962,-0.096415218,0.98458404,-0.083152976,0.96582221,-0.50571847,0.58260173,0.92934417,-0.4685527,-0.86063752,0.98825473,-0.66020118,-0.96518033,-0.62874846,-0.38089335,-0.41577133,0.6158595,-0.36984865,-0.59477306,-0.36984865,-0.79705052,-0.62776113,-0.55663929,9,"walking_upstairs"
-0.11056406,-0.14110501,0.17345542,-0.13243705,-0.97331226,0.13188573,-0.17254575,-0.15929575,-0.13503273,0.97502792,-0.15441848,0.91349985,-0.41959825,0.51648399,0.91875999,-0.50562515,-0.80808676,0.96865282,-0.61414547,-0.94579603,-0.63792478,-0.35290546,-0.24073415,0.64588264,-0.37409795,-0.45615792,-0.37409795,-0.79974855,-0.67954145,-0.54111145,9,"walking_upstairs"
-0.16295382,-0.1702678,0.2001427,-0.17126686,-0.95408099,0.13888957,-0.17254575,-0.16879979,-0.16951832,0.96350934,-0.14540302,0.87658994,-0.41093472,0.50566951,0.88911486,-0.52764639,-0.77595486,0.95470105,-0.5999735,-0.93979372,-0.63474931,-0.4018699,-0.13672026,0.63190264,-0.41395264,-0.55080271,-0.41395264,-0.82406144,-0.65384072,-0.11273787,9,"walking_upstairs"
-0.14358545,-0.1702678,0.19974659,-0.16960675,-0.95472724,0.14294277,-0.17986503,-0.17330751,-0.16962655,0.95127062,-0.15448626,0.84690195,-0.47946614,0.55577939,0.88384573,-0.56941754,-0.77204247,0.94333121,-0.63128983,-0.93656595,-0.67049484,-0.46474857,-0.15104705,0.66466736,-0.45355458,-0.58665159,-0.45355458,-0.84662364,-0.68126071,-0.10899093,9,"walking_upstairs"
-0.14006979,-0.15636593,0.17905349,-0.13851723,-0.97123734,0.14724126,-0.17986503,-0.17795771,-0.17360246,0.95127062,-0.17474743,0.82930303,-0.44963016,0.51203048,0.86989205,-0.57091199,-0.78566499,0.93658349,-0.5728272,-0.93331259,-0.65046146,-0.51983853,-0.23602404,0.6407789,-0.48622141,-0.47428273,-0.48622141,-0.86412486,-0.6546159,-0.4119339,9,"walking_upstairs"
-0.14006979,-0.10482709,0.17004864,-0.12553978,-0.97766827,0.13464302,-0.1785601,-0.16036395,-0.1446309,0.95385251,-0.13463763,0.84833831,-0.41878227,0.47636592,0.88220978,-0.57881501,-0.80770564,0.94389292,-0.53162161,-0.9449771,-0.36747504,-0.51866329,-0.30422194,0.34046407,-0.48070433,-0.6540272,-0.48070433,-0.86124593,-0.35348594,-0.52290218,9,"walking_upstairs"
-0.14374349,-0.12283455,0.17524814,-0.13379219,-0.97395412,0.1339738,-0.19582124,-0.16043757,-0.1446309,0.96361301,-0.14627331,0.86858519,-0.41653841,0.51266664,0.88220978,-0.54865804,-0.80417734,0.95165588,-0.60780682,-0.944738,-0.57954943,-0.44424838,-0.26668716,0.57524244,-0.44009802,-0.68988943,-0.44009802,-0.83904841,-0.59909545,-0.32403984,9,"walking_upstairs"
-0.14896314,-0.13878775,0.18575111,-0.14985065,-0.96618256,0.15091721,-0.1970754,-0.1854907,-0.15853274,0.96633869,-0.11808633,0.86758634,-0.34680817,0.45263692,0.88175644,-0.53557252,-0.77583515,0.95127681,-0.55658204,-0.92735114,-0.62509836,-0.44280462,-0.15686377,0.61444815,-0.43423321,-0.60909728,-0.43423321,-0.8358217,-0.62856406,-0.36757151,9,"walking_upstairs"
-0.072102434,-0.064603471,0.1350852,-0.073735398,-0.99366013,0.04581082,-0.062801175,-0.033637405,0.026337586,0.94816207,-0.22641983,0.84677137,-0.66111157,0.72439222,0.89969003,-0.17802951,-0.93451413,0.94323989,-0.78747326,-0.99518886,-0.58747452,0.091131707,-0.77235853,0.58433271,0.064367932,-0.52426409,0.064367932,-0.42828403,-0.60937495,-0.28254189,9,"walking_downstairs"
-0.056064698,-0.06385046,0.11878079,-0.050318504,-0.99736084,0.011457673,-0.061517741,0.0145492,0.052153132,0.94816207,-0.44884241,0.8487759,-0.70064781,0.76977884,0.89856987,0.070299569,-0.9691723,0.94400453,-0.8390943,-0.99628065,-0.57893222,0.23469622,-0.84597475,0.5789988,0.1860399,-0.57940843,0.1860399,-0.29178129,-0.60804245,-0.42735846,9,"walking_downstairs"
-0.056064698,-0.048969219,0.11730211,-0.048667512,-0.99767119,0.00056570606,0.0076108087,0.030189208,0.052153132,0.95632529,-0.58360605,0.90596779,-0.67865921,0.74343183,0.90661141,0.1076086,-0.96414072,0.96578467,-0.80803188,-0.99794415,-0.50390108,0.3039809,-0.84856615,0.50747125,0.26037268,-0.58442457,0.26037268,-0.20103001,-0.54532141,-0.32699187,9,"walking_downstairs"
-0.065510435,-0.067727847,0.13620677,-0.076265238,-0.99286715,0.010297123,0.0076108087,0.016358472,0.022006202,0.96458071,-0.27323226,0.90896306,-0.56494351,0.63576472,0.90661141,0.15301577,-0.94417033,0.96694348,-0.70501757,-0.99962883,-0.43251501,0.41927917,-0.80834973,0.44392982,0.32798971,-0.52675249,0.32798971,-0.11371533,-0.49520813,-0.28902917,9,"walking_downstairs"
-0.097243478,-0.074527484,0.144295,-0.087035222,-0.9906893,0.018395772,-0.050258796,0.0048225568,0.022006202,0.93961755,-0.23068659,0.85220547,-0.57354177,0.65313791,0.89748792,0.15192785,-0.93339545,0.9453247,-0.73226405,-0.99870974,-0.40949488,0.54250502,-0.79338486,0.40040788,0.38421608,-0.47198003,0.38421608,-0.037692772,-0.4310174,-0.10624026,9,"walking_downstairs"
-0.097243478,-0.097127341,0.15283854,-0.098573085,-0.98691088,0.042912796,-0.062028206,-0.029319818,0.020136663,0.93807482,-0.42459799,0.8143869,-0.58368658,0.65976843,0.8705631,0.038073747,-0.91384623,0.93080017,-0.73543108,-0.9959568,-0.45112524,0.39044613,-0.74210071,0.43374933,0.2346784,-0.41250912,0.2346784,-0.23294545,-0.45280753,0.045704671,9,"walking_downstairs"
-0.090102277,-0.097127341,0.14896144,-0.093557098,-0.98807897,0.022208884,-0.062028206,-0.00052276839,0.056825576,0.93807482,-0.50660924,0.8421214,-0.59814343,0.67588912,0.88376311,0.016302967,-0.9263952,0.94145059,-0.75287874,-0.99495049,-0.443764,0.16233997,-0.71629292,0.42339073,0.18567518,-0.55682516,0.18567518,-0.29212553,-0.43983512,-0.6765405,9,"walking_downstairs"
-0.090102277,-0.067296319,0.13529443,-0.074348507,-0.99379883,-0.013874857,0.0039317493,0.050343288,0.056825576,0.95606106,-0.64113753,0.86651044,-0.50647277,0.59139958,0.88376311,0.17166499,-0.93118902,0.95085512,-0.67408764,-0.99553238,-0.4306495,0.23656026,-0.7535664,0.42440578,0.3358805,-0.36313872,0.3358805,-0.10275015,-0.45674546,-0.4315736,9,"walking_downstairs"
-0.087515719,-0.084126478,0.14406225,-0.089085839,-0.98975602,0.10987455,-0.15964493,-0.12788518,-0.098931366,0.98612045,-0.026396966,0.95154083,-0.50144049,0.56516833,0.92256595,-0.51824576,-0.85701287,0.98294141,-0.62943432,-0.96341656,-0.63889879,-0.4110774,-0.41491448,0.62459748,-0.40809154,-0.54913444,-0.40809154,-0.82054812,-0.6341888,-0.50999501,9,"walking_upstairs"
-0.08822178,-0.11305546,0.15884341,-0.11070938,-0.98251154,0.13518412,-0.18913993,-0.1637727,-0.143489,0.96349988,-0.1359266,0.9133646,-0.47702401,0.55590671,0.92225528,-0.68839228,-0.81558342,0.96854011,-0.63585973,-0.94280679,-0.68226761,-0.58345122,-0.28799212,0.68223594,-0.59600133,-0.47034777,-0.59600133,-0.9151112,-0.70418171,-0.60065079,9,"walking_upstairs"
-0.13792422,-0.13822925,0.17795994,-0.13761297,-0.97218797,0.14877771,-0.19190576,-0.18117619,-0.17036207,0.9520294,-0.053669799,0.84962972,-0.49080434,0.58009097,0.89060512,-0.52856668,-0.78474946,0.94437692,-0.67001816,-0.9307862,-0.63157974,-0.36665433,-0.21489333,0.62512627,-0.4327034,-0.55668231,-0.4327034,-0.83495693,-0.64345551,-0.12111039,9,"walking_upstairs"
-0.16197539,-0.14047457,0.18862314,-0.15284993,-0.96474141,0.14792605,-0.19190576,-0.1795832,-0.17574867,0.95149487,-0.012756082,0.83537566,-0.45834119,0.54161007,0.87577489,-0.41902413,-0.77677593,0.9389173,-0.62430877,-0.93198702,-0.6145554,-0.21744745,-0.18827074,0.60752206,-0.29360408,-0.5781068,-0.29360408,-0.74585668,-0.62627972,-0.082979315,9,"walking_upstairs"
-0.14467336,-0.14047457,0.18372613,-0.14596825,-0.96796232,0.14176139,-0.1774427,-0.17120929,-0.16581243,0.95149487,0.00068348336,0.85096293,-0.47512815,0.55318989,0.87795201,-0.45361094,-0.78802541,0.94490481,-0.63073303,-0.93807274,-0.58169177,-0.2663139,-0.21782077,0.56998652,-0.34199241,-0.44856086,-0.34199241,-0.77902317,-0.5859212,-0.40871118,9,"walking_upstairs"
-0.14467336,-0.13998748,0.18289094,-0.14467524,-0.96861891,0.13642694,-0.1774427,-0.16356304,-0.16366155,0.96138899,0.0025917683,0.8538581,-0.37339551,0.45587972,0.87795201,-0.53052581,-0.79476181,0.94602431,-0.53590829,-0.94325975,-0.513221,-0.39226346,-0.23961069,0.49281823,-0.42091078,-0.49882273,-0.42091078,-0.82814651,-0.50401462,-0.62684939,9,"walking_upstairs"
-0.15836707,-0.13998748,0.19072228,-0.15590408,-0.96318462,0.13607153,-0.17042293,-0.16287384,-0.16366155,0.95774539,-0.011982982,0.84454856,-0.29267156,0.39245962,0.87113371,-0.52708438,-0.7879939,0.9424548,-0.48961172,-0.94379432,-0.53169375,-0.4212161,-0.217823,0.51440337,-0.41329089,-0.52055075,-0.41329089,-0.82367249,-0.52792915,-0.56592346,9,"walking_upstairs"
-0.15518196,-0.13276786,0.18626532,-0.1494667,-0.96651025,0.14563329,-0.19680149,-0.17640726,-0.17100197,0.95774539,-0.075049826,0.84021423,-0.24883562,0.33879769,0.86922239,-0.54340534,-0.78142951,0.94078997,-0.42564258,-0.93424772,-0.51473831,-0.48310942,-0.20234357,0.49081689,-0.45543928,-0.59692817,-0.45543928,-0.84769635,-0.49812101,-0.53311117,9,"walking_upstairs"
0.10481897,0.074570271,0.012277955,0.10382891,-0.97002659,0.19626953,-0.29144395,-0.24561753,-0.1576799,0.91516903,-0.041286543,0.76625974,-0.39302753,0.4023282,0.87355672,-0.73861292,-0.72498031,0.91195318,-0.41162581,-0.87148353,-0.59513629,-0.67767569,-0.098606928,0.57027172,-0.69439122,-0.6328233,-0.69439122,-0.95066461,-0.57201005,-0.70178972,9,"standing"
0.10355196,0.03427915,0.043328285,0.059047802,-0.98531572,0.14542959,-0.27651623,-0.17530627,-0.13505924,0.92370813,-0.041275524,0.84477753,-0.4158109,0.43046586,0.88970451,-0.73447944,-0.80895886,0.94239746,-0.44543658,-0.93003563,-0.65957537,-0.7988993,-0.3495493,0.63446202,-0.71589123,-0.6946688,-0.71589123,-0.95714202,-0.63145468,-0.8092183,9,"standing"
0.018669535,0.025850794,0.075182619,0.012848893,-0.99777283,0.12048329,-0.15465077,-0.14098662,-0.13505924,0.96944005,-0.078175949,0.89424083,-0.47876007,0.48309323,0.88970451,-0.9258817,-0.85660991,0.96141463,-0.48737078,-0.95728978,-0.79200977,-0.91273022,-0.53014338,0.78305588,-0.91878962,-0.89733858,-0.91878962,-0.99590785,-0.78799818,-0.89312126,9,"standing"
-0.020405668,0.024343667,0.084059766,-0.0001291319,-0.99936882,0.12667816,-0.15513261,-0.15001631,-0.14480862,0.98132268,0.039864496,0.89669087,-0.21082524,0.25079568,0.88967772,-0.94170449,-0.85020375,0.96234763,-0.29145719,-0.95201058,-0.68366673,-0.9426416,-0.53946466,0.68252151,-0.94089518,-0.74764304,-0.94089518,-0.99766831,-0.70330925,-0.90812865,9,"standing"
-0.028460476,0.020397186,0.085881614,-0.0028161631,-0.99954761,0.11992084,-0.15513261,-0.14029492,-0.13418925,0.98132268,-0.0033991407,0.89873471,-0.38295845,0.40919514,0.89054522,-0.93725838,-0.85986006,0.96312129,-0.43584366,-0.95762584,-0.76896664,-0.9493223,-0.57125012,0.76984606,-0.93957072,-0.83877177,-0.93957072,-0.99757631,-0.78680573,-0.92069541,9,"standing"
-0.027641541,0.02011264,0.086872284,-0.0042720541,-0.9996267,0.11255329,-0.13380214,-0.12979653,-0.1340496,0.98338344,-0.34502319,0.90318854,-0.12822122,0.14713474,0.8907147,-0.98048358,-0.87022357,0.96480727,-0.16644925,-0.96371665,-0.71077301,-0.97607875,-0.60001416,0.68724283,-0.97970008,-0.79212609,-0.97970008,-0.99958899,-0.68223487,-0.96493565,9,"standing"
-0.023230652,0.02011264,0.084441883,-0.00071115593,-0.99938238,0.11334244,-0.13244186,-0.13089894,-0.1340496,0.98315203,-0.29717643,0.90190673,-0.14283958,0.14588125,0.8907147,-0.98610474,-0.86872028,0.96432227,-0.14872069,-0.96312155,-0.74078727,-0.98080351,-0.58833104,0.72122548,-0.98449019,-0.32883717,-0.98449019,-0.99972273,-0.71837052,-0.95914,9,"standing"
-0.022406661,0.02684268,0.081217762,0.0040151868,-0.99905714,0.11215446,-0.13244186,-0.12921214,-0.13345404,0.98315203,-0.076793131,0.9024242,-0.4533742,0.47963281,0.89078421,-0.98554126,-0.86966952,0.96451795,-0.5059715,-0.96402106,-0.66674866,-0.97889042,-0.57962708,0.64394729,-0.98423124,-0.50660163,-0.98423124,-0.99971604,-0.64266862,-0.92025519,9,"standing"
-0.022406661,0.029088402,0.081317877,0.0038768808,-0.99906946,0.11015463,-0.1253053,-0.12641978,-0.13070541,0.98490265,-0.0053452817,0.90524553,-0.33717094,0.41505032,0.89106321,-0.97740472,-0.8724429,0.96558511,-0.49373194,-0.96551697,-0.33569502,-0.97169106,-0.58541195,0.28484955,-0.97429403,-0.33442642,-0.97429403,-0.99941059,-0.27637469,-0.95495321,9,"standing"
-0.02185411,0.029088402,0.081225386,0.0040082682,-0.99905762,0.10737,-0.1253053,-0.12243316,-0.12372131,0.98537259,0.038304881,0.9063307,-0.25128317,0.34689743,0.89199405,-0.97749283,-0.87624531,0.96599518,-0.44384703,-0.96752942,-0.38128123,-0.97486528,-0.59491916,0.32891459,-0.97505389,-0.15027872,-0.97505389,-0.99943756,-0.31577859,-0.97538186,9,"standing"
-0.02185411,0.023690254,0.082197267,0.0025829129,-0.99916258,0.10346276,-0.11980213,-0.11686894,-0.12285559,0.98607327,-0.17850721,0.90882553,-0.53902697,0.58857376,0.89303955,-0.9889162,-0.8818538,0.9669375,-0.63877303,-0.97031956,-0.63856281,-0.98887791,-0.61184584,0.61349995,-0.98926036,-0.56487581,-0.98926036,-0.99983327,-0.61197676,-0.96816308,9,"standing"
0.029496838,0.02063586,0.060623261,0.034205931,-0.9942811,0.13765794,-0.24293208,-0.16543005,-0.088295458,0.9437905,-0.01517706,0.88004784,-0.73105912,0.74000601,0.89086419,-0.68652195,-0.82799966,0.95598726,-0.74881488,-0.93516476,-0.86799419,-0.78774085,-0.41726787,0.86683752,-0.69233462,-0.95699426,-0.69233462,-0.95001956,-0.87475703,-0.80881412,9,"standing"
0.016458584,0.047390045,0.064395776,0.028573475,-0.99569686,0.094351521,-0.18130946,-0.10365638,-0.088283402,0.98112439,-0.35258355,0.90289632,-0.55312628,0.62474385,0.89126017,-0.88855406,-0.88665499,0.96469628,-0.69750033,-0.97507481,-0.71702891,-0.90353718,-0.58088009,0.70121059,-0.88729273,-0.87896139,-0.88729273,-0.99256409,-0.70401718,-0.93021112,9,"standing"
0.018035732,0.047790644,0.058290652,0.037512299,-0.99391207,0.09170385,-0.10716338,-0.099919694,-0.088283402,0.98425049,-0.39633256,0.90377925,-0.50000975,0.54350492,0.89126017,-0.93091914,-0.8861096,0.96503065,-0.5872275,-0.97778318,-0.62486333,-0.9243293,-0.5659474,0.58858279,-0.92536586,-0.64739806,-0.92536586,-0.99648121,-0.57598948,-0.95783144,9,"standing"
0.018035732,0.051620068,0.059023019,0.036465663,-0.99415919,0.094234928,-0.10716338,-0.10357025,-0.10795467,0.98425049,-0.093507108,0.90428515,-0.41908843,0.49828367,0.89103755,-0.97072709,-0.88347034,0.96522195,-0.57843053,-0.97639477,-0.78373163,-0.96126108,-0.55866726,0.76629816,-0.96302525,-0.68078534,-0.96302525,-0.99894525,-0.76273584,-0.96588025,9,"standing"
0.0075097033,0.04980884,0.06552775,0.026935813,-0.99606471,0.093247477,-0.10274098,-0.10212638,-0.10795467,0.98527662,0.08724037,0.90522405,-0.29439948,0.3313807,0.89103755,-0.99485279,-0.8887206,0.96557699,-0.3684826,-0.97703341,-0.46302476,-0.99353959,-0.58772205,0.41218995,-0.99391238,-0.33598542,-0.99391238,-0.9999195,-0.39548478,-0.97704847,9,"standing"
0.003702382,0.04980884,0.066088213,0.026124863,-0.99621855,0.094823476,-0.1032088,-0.10439129,-0.10973977,0.98517651,0.23113424,0.90524243,-0.28636472,0.39919189,0.89121062,-0.93697401,-0.88700494,0.96558392,-0.51289933,-0.97606232,-0.62264708,-0.94432965,-0.58385896,0.61025748,-0.9287218,-0.20264418,-0.9287218,-0.99675741,-0.6233559,-0.95828548,9,"standing"
0.010054771,0.051411327,0.061943884,0.032187084,-0.99509168,0.095958395,-0.10756888,-0.10600844,-0.11200887,0.98374255,0.36328974,0.90361855,-0.3209518,0.4473136,0.89121062,-0.93613982,-0.88315299,0.96496975,-0.57504687,-0.97535133,-0.62833507,-0.91652714,-0.56425619,0.62941719,-0.92134517,-0.28234616,-0.92134517,-0.99613363,-0.65660627,-0.94574324,9,"standing"
0.010574713,0.058531615,0.058378081,0.037403152,-0.99405612,0.099541865,-0.11459011,-0.11111172,-0.11234221,0.98352413,0.49574377,0.90068608,-0.35150028,0.47928343,0.8901048,-0.95068963,-0.87641585,0.96386066,-0.60873043,-0.97301108,-0.4814921,-0.93955356,-0.53858773,0.4519171,-0.94415894,-0.482079,-0.94415894,-0.99788692,-0.45661396,-0.96133704,9,"standing"
0.010574713,0.060544152,0.058442679,0.03732068,-0.9940753,0.10115098,-0.11459011,-0.11342623,-0.11443244,0.98352413,-0.16012548,0.90056984,-0.3852664,0.4161177,0.88967221,-0.98554322,-0.87443023,0.9638167,-0.44712218,-0.97195032,-0.1615019,-0.98327969,-0.53271171,0.091932634,-0.98392386,-0.16690565,-0.98392386,-0.99970807,-0.076192337,-0.98338716,9,"standing"
0.0094022789,0.060311133,0.059921079,0.035156665,-0.99453182,0.098365693,-0.11401624,-0.10945921,-0.11375757,0.98355843,-0.11437582,0.90251141,-0.46272615,0.48978326,0.89031353,-0.98248818,-0.87886527,0.96455122,-0.51697284,-0.97378622,-0.31481293,-0.97759192,-0.54777606,0.26492645,-0.9816354,-0.40092397,-0.9816354,-0.99964577,-0.25956479,-0.98004437,9,"standing"
0.0086090348,0.060311133,0.059772081,0.035383213,-0.99448531,0.099986385,-0.11966357,-0.11178426,-0.11375757,0.98298998,0.1842873,0.90213301,-0.43126924,0.45154391,0.89031353,-0.98561646,-0.87672378,0.96440798,-0.47204657,-0.97268607,-0.47268115,-0.98168781,-0.54122359,0.44761935,-0.9846842,-0.43424832,-0.9846842,-0.99972764,-0.4575161,-0.98045688,9,"standing"
0.0088796656,0.06149813,0.058872235,0.036719302,-0.99420776,0.1062481,-0.12379767,-0.12073578,-0.11904785,0.98296035,-0.038526318,0.89940187,-0.27666128,0.29861332,0.88985283,-0.98376102,-0.86821929,0.96337454,-0.32095762,-0.96837283,-0.38495892,-0.98136689,-0.51566342,0.3541007,-0.9836767,-0.37922957,-0.9836767,-0.99970163,-0.36400821,-0.98268147,9,"standing"
0.02754771,-0.10495044,0.14518226,-0.089490597,-0.98516858,0.0040618495,-0.26293126,0.025292784,0.11290168,0.919542,-0.86361382,0.91441075,-0.84919394,0.84781646,0.91117971,-0.52614768,-0.92955467,0.96885931,-0.84609391,-0.97269002,-0.96677289,-0.52885448,-0.49276868,0.96476935,-0.47629011,-0.9884674,-0.47629011,-0.8588916,-0.96494562,-0.93448573,9,"sitting"
-0.10350236,-0.10495044,0.15130752,-0.099186108,-0.98645804,-0.036935011,0.056975624,0.08455572,0.11290168,0.9919657,-0.46602195,0.93776262,-0.82387506,0.82854983,0.91117971,-0.85190174,-0.89248706,0.97781441,-0.8329166,-0.98630703,-0.92993198,-0.89511049,-0.5431667,0.92614349,-0.8580283,-0.95520201,-0.8580283,-0.98857689,-0.92697367,-0.97996108,9,"sitting"
-0.10350236,-0.062904056,0.13962311,-0.081619462,-0.99219677,-0.021557091,0.056975624,0.062089885,0.069926695,0.9919657,0.1322066,0.92534456,-0.60934678,0.61441964,0.90127151,-0.96799751,-0.91951139,0.97316188,-0.61933732,-0.99361957,-0.89084006,-0.96036372,-0.65984777,0.88995146,-0.9665388,-0.90544912,-0.9665388,-0.99910457,-0.89658809,-0.97863948,9,"sitting"
-0.10490926,-0.096186302,0.14345474,-0.08725278,-0.99060474,-0.028393073,0.058898675,0.071901233,0.11965541,0.97416544,0.93240885,0.92315561,-0.82818836,0.83881729,0.90035738,-0.22095284,-0.90897551,0.97233335,-0.84920406,-0.99088652,-0.91941758,-0.38944184,-0.61992643,0.92620066,-0.22811789,-0.93436065,-0.22811789,-0.69727905,-0.93904301,-0.94361334,9,"sitting"
-0.10962954,-0.21211835,0.18581996,-0.14798117,-0.95992852,-0.092876092,0.07128074,0.16248127,0.28785795,0.90197539,0.95846125,0.83269613,-0.74533076,0.74510287,0.90035738,-0.3796545,-0.80074065,0.93738089,-0.74449525,-0.93470517,-0.91005021,-0.50379016,-0.28018678,0.90281088,-0.38475165,-0.94830887,-0.38475165,-0.80639747,-0.90134539,-0.92485968,9,"sitting"
-0.15141588,-0.21211835,0.22214478,-0.20034317,-0.93416523,-0.14567682,0.13601173,0.23642423,0.28785795,0.89507826,0.935253,0.75394481,-0.87625944,0.878476,0.87735957,-0.21022556,-0.70914121,0.90706313,-0.88030961,-0.89081658,-0.89162313,-0.3638933,0.0012898234,0.88363558,-0.22983956,-0.94415104,-0.22983956,-0.69861365,-0.88261165,-0.88181053,9,"sitting"
-0.19657715,-0.36079326,0.2659343,-0.25731679,-0.87931056,-0.2265277,0.19638672,0.33949864,0.60579282,0.60196842,0.83848007,0.53618913,-0.7499096,0.74894738,0.8557605,-0.19863132,-0.57717411,0.8132606,-0.74771844,-0.74215293,-0.80909497,-0.28828919,0.25105368,0.79349118,-0.19793397,-0.9119534,-0.19793397,-0.67347118,-0.79012809,-0.83428237,9,"sitting"
-0.23914164,-0.3750025,0.34021088,-0.36120554,-0.7663903,-0.40421065,0.26437279,0.56538123,0.68340518,0.50874035,0.7766428,0.098139999,-0.55795932,0.55426205,0.79449394,-0.26584722,-0.29125674,0.61176331,-0.55040772,-0.34213305,-0.66947253,-0.31744627,0.74928254,0.64918041,-0.22953088,-0.82731597,-0.22953088,-0.6983358,-0.65068138,-0.87939662,9,"sitting"
-0.41141251,-0.38320659,0.36665526,-0.40567512,-0.71015413,-0.49167916,0.62566981,0.6795644,0.68340518,0.50807312,-0.18487096,-0.13508744,-0.87018178,0.87126978,0.49693714,-0.91587362,-0.14865482,0.49544429,-0.87203518,-0.10116456,-0.84333465,-0.89908611,0.95147576,0.84654325,-0.89888294,-0.95352544,-0.89888294,-0.99390764,-0.86082557,-0.95616806,9,"sitting"
-0.4188059,-0.3917707,0.37488602,-0.41468068,-0.69641662,-0.48638418,0.66188298,0.67007669,0.68115947,0.50807312,-0.36590617,-0.14712363,-0.3442633,0.35039866,0.42288145,-0.93985651,-0.14749702,0.48891945,-0.35631669,-0.12656789,-0.41514742,-0.92702946,0.93803273,0.36379882,-0.92054318,-0.35069067,-0.92054318,-0.99606519,-0.34973629,-0.96988804,9,"sitting"
-0.43281465,-0.3917707,0.38025548,-0.42202648,-0.68520996,-0.47779326,0.66188298,0.66077125,0.64927826,0.52260984,-0.13486821,-0.13501428,-0.23624279,0.29943879,0.42454127,-0.91895864,-0.15367603,0.49576041,-0.36316916,-0.15112879,-0.53910962,-0.90283528,0.94627103,0.52615394,-0.90013013,-0.31362228,-0.90013013,-0.99404445,-0.54442466,-0.95885564,9,"sitting"
-0.43657579,-0.39107164,0.37945491,-0.42109987,-0.68665862,-0.47969484,0.66270246,0.66312663,0.65670278,0.51494107,-0.079286751,-0.1376881,-0.36641465,0.42421868,0.42454127,-0.92686176,-0.15191289,0.49425344,-0.48317583,-0.14499545,-0.52877922,-0.91317737,0.94715063,0.55816549,-0.9175442,-0.26918117,-0.9175442,-0.99579317,-0.62228075,-0.97401123,9,"sitting"
0.0045771837,-0.12058565,0.087165889,-0.0044655134,-0.99595724,0.12663303,-0.17861048,-0.15253845,-0.091015002,0.97123721,-0.43994574,0.96136371,-0.94099353,0.95073901,0.95371179,-0.85112647,-0.85072954,0.98635074,-0.96026575,-0.94963835,-0.87322729,-0.84524832,-0.43002711,0.89503587,-0.82792784,-0.9455908,-0.82792784,-0.98358588,-0.92698275,-0.92321643,9,"sitting"
0.0044717469,0.01580395,0.082626279,0.0019098819,-0.99880681,0.12129851,-0.16314555,-0.14189878,-0.14342647,0.97123721,-0.036257106,0.88843494,-0.84175365,0.84173157,0.90887055,-0.92641417,-0.857377,0.95919705,-0.84136487,-0.95684771,-0.81153846,-0.93759157,-0.56167645,0.79786987,-0.92668243,-0.71252975,-0.92668243,-0.99659162,-0.79639535,-0.91750386,9,"sitting"
-0.03100449,0.01580395,0.089001055,-0.0074011723,-0.99976829,0.11845633,-0.13738817,-0.13807739,-0.14343593,0.97232203,-0.3010617,0.8963981,-0.38556653,0.41242567,0.89112119,-0.93376879,-0.86230607,0.96223013,-0.43980847,-0.95915873,-0.75761578,-0.93175336,-0.59134028,0.75748442,-0.92939347,-0.51613523,-0.92939347,-0.99681251,-0.77402991,-0.94705018,9,"sitting"
-0.03100449,0.015995569,0.089039288,-0.0074380522,-0.99976977,0.11783066,-0.13738569,-0.13744689,-0.14429262,0.98403705,-0.12306485,0.90367536,-0.30133617,0.36523592,0.89112119,-0.95513243,-0.86317978,0.96499131,-0.42976301,-0.95951838,-0.78666752,-0.95341,-0.5878156,0.78030601,-0.95258632,-0.43934271,-0.95258632,-0.99840354,-0.78830358,-0.96776965,9,"sitting"
-0.033659749,0.015994777,0.090500833,-0.0095875323,-0.99985883,0.1172151,-0.13545649,-0.13650162,-0.14286434,0.98403705,-0.29159845,0.90231579,-0.40229144,0.42367469,0.89020811,-0.98145512,-0.86418102,0.9644773,-0.44510081,-0.96005215,-0.59517734,-0.98119047,-0.59716698,0.56478395,-0.98064961,-0.49214087,-0.98064961,-0.99961719,-0.56054171,-0.98465171,9,"sitting"
-0.028515835,0.015994777,0.088127368,-0.0061023751,-0.99969899,0.11779732,-0.13686055,-0.13736561,-0.14286434,0.98443249,-0.31454564,0.90274164,-0.38918942,0.4351521,0.88987269,-0.97330636,-0.8631193,0.9646384,-0.48104146,-0.95956108,-0.68615202,-0.9684463,-0.58508422,0.6789831,-0.97149945,-0.54806872,-0.97149945,-0.99930726,-0.69324053,-0.98289186,9,"sitting"
-0.028515835,0.020667323,0.086112055,-0.0031412411,-0.99956666,0.11856165,-0.13738259,-0.13848888,-0.14400276,0.98452632,-0.29794449,0.90301995,-0.16107271,0.27360419,0.89014784,-0.96708761,-0.86177939,0.96474366,-0.38707774,-0.9589252,-0.60288327,-0.96440066,-0.57383906,0.59211408,-0.96643513,-0.36071915,-0.96643513,-0.99909981,-0.60832834,-0.9780087,9,"sitting"
-0.028967884,0.021465931,0.08684125,-0.0042144832,-0.99962786,0.11761868,-0.13738259,-0.13711799,-0.14010196,0.98455958,-0.33570405,0.90294867,-0.093854693,0.21449735,0.89014784,-0.97275319,-0.86319509,0.9647167,-0.33653817,-0.95969515,-0.34904529,-0.9711623,-0.58046854,0.31564516,-0.9720217,-0.31485119,-0.9720217,-0.99932653,-0.32541975,-0.98013436,9,"sitting"
-0.028484393,0.021465931,0.08672592,-0.0040485518,-0.999619,0.11480103,-0.13709215,-0.1330791,-0.13148881,0.98455958,0.35757767,0.90404113,-0.17270879,0.3759347,0.89183468,-0.83907694,-0.86708544,0.96512964,-0.58258667,-0.96192511,-0.35511649,-0.82742972,-0.59001606,0.40416315,-0.83155719,-0.65663176,-0.83155719,-0.98424082,-0.5012605,-0.96571397,9,"sitting"
-0.018980411,0.022648355,0.083484105,0.00069318671,-0.99928375,0.10335573,-0.12941107,-0.11669654,-0.091026088,0.98484316,0.063696167,0.90840447,-0.14597352,0.33950438,0.89365474,-0.86901507,-0.88230426,0.96677814,-0.53627619,-0.96988777,-0.46910013,-0.84291486,-0.61774471,0.52948871,-0.84970589,-0.7202492,-0.84970589,-0.98728609,-0.63111332,-0.97038121,9,"sitting"
-0.016641387,0.025918895,0.078943275,0.0073288301,-0.99873183,0.08941828,-0.1202857,-0.096752472,-0.089651779,0.98685814,-0.3331108,0.91271989,-0.16855001,0.2983445,0.89426812,-0.89646037,-0.90004002,0.96840734,-0.42989232,-0.97897573,-0.52613669,-0.88594235,-0.64988395,0.5549396,-0.88858866,-0.77956201,-0.88858866,-0.99272098,-0.618736,-0.95593599,9,"sitting"
-0.0121683,0.03549811,0.07557403,0.012277972,-0.99821262,0.091693735,-0.10898026,-0.10004794,-0.089651779,0.98775891,-0.54893801,0.91292298,-0.37916758,0.44885306,0.89426812,-0.93467503,-0.89569083,0.96848402,-0.51925605,-0.97766808,-0.40822438,-0.92917573,-0.6274908,0.37245892,-0.9275554,-0.75162681,-0.9275554,-0.99666313,-0.37503708,-0.96785032,9,"sitting"
-0.0121683,0.03631563,0.074779236,0.01346254,-0.99807603,0.095876196,-0.10898026,-0.10608029,-0.10476669,0.98775891,-0.48867684,0.91293899,-0.3387358,0.37658331,0.89452414,-0.97994561,-0.88976755,0.96849004,-0.41495339,-0.97527948,-0.53887099,-0.97757704,-0.60814355,0.5087269,-0.97967763,-0.59956083,-0.97967763,-0.9995883,-0.50876115,-0.98664079,9,"sitting"
-0.44508331,-0.40707957,0.39469211,-0.43096233,-0.67112519,-0.81611901,0.92355269,0.93088319,0.93086874,-0.42457966,0.069480881,-0.99814235,-0.9271091,0.934902,-0.48055825,-0.90918187,0.56540303,-0.43705932,-0.94242044,0.69331661,-0.64560772,-0.91377786,-0.1011056,0.61979371,-0.90318807,-0.43895144,-0.90318807,-0.99437391,-0.61686609,-0.93369328,9,"laying"
-0.4452845,-0.4088348,0.39931461,-0.43470053,-0.66511067,-0.81019534,0.92355269,0.92246651,0.91010676,-0.37660017,-0.22678432,-0.99656613,-0.82712423,0.83503529,-0.47866795,-0.96808631,0.54831231,-0.41364101,-0.84270309,0.66246559,-0.43969438,-0.96559546,-0.068767065,0.39989814,-0.96373313,-0.41246879,-0.96373313,-0.99897907,-0.39650508,-0.97386887,9,"laying"
-0.44936873,-0.4088348,0.40164394,-0.43896629,-0.65825127,-0.8076981,0.92445759,0.92376746,0.91084386,-0.36378335,-0.35219533,-0.99638925,-0.61088077,0.63564872,-0.47862154,-0.97733936,0.54726467,-0.41200477,-0.66039161,0.66719009,-0.43598844,-0.9714786,-0.050560282,0.39130654,-0.97373462,-0.18144808,-0.97373462,-0.99939053,-0.38298544,-0.97054655,9,"laying"
-0.45116943,-0.40872594,0.40069089,-0.43819843,-0.65950056,-0.80870953,0.92530207,0.92537503,0.91092426,-0.36379342,-0.48454923,-0.99642974,-0.60347848,0.62751526,-0.47862154,-0.96759156,0.54756644,-0.41235439,-0.65138217,0.67303163,-0.52334007,-0.96398634,-0.04902224,0.48634295,-0.96504329,-0.39290322,-0.96504329,-0.99903824,-0.47997381,-0.95646996,9,"laying"
-0.45116943,-0.40833206,0.40180283,-0.43931691,-0.65768394,-0.80725545,0.92358376,0.92382356,0.91092426,-0.36379342,-0.59355352,-0.99581497,-0.60151227,0.61481187,-0.46349152,-0.94539828,0.54402751,-0.40749589,-0.62812092,0.66739753,-0.48373576,-0.93240136,-0.040787922,0.49231347,-0.93753129,-0.40991887,-0.93753129,-0.99743155,-0.53720355,-0.93907693,9,"laying"
-0.45334136,-0.40833206,0.40317513,-0.44069734,-0.65544449,-0.80546826,0.92319536,0.9219197,0.90810954,-0.36456089,-0.47314251,-0.99511992,-0.6281616,0.64229118,-0.46336565,-0.93576391,0.54003859,-0.40203455,-0.65650638,0.66048289,-0.43010515,-0.91606465,-0.031624621,0.464611,-0.92487637,-0.2125513,-0.92487637,-0.99644057,-0.54107233,-0.9167108,9,"laying"
-0.45278811,-0.40845808,0.40219668,-0.43965553,-0.65713797,-0.8072407,0.92319536,0.92344576,0.90916319,-0.38575862,-0.16582543,-0.99644099,-0.55001866,0.56844749,-0.46336565,-0.94438562,0.54866932,-0.41395477,-0.58714391,0.66602302,-0.36377859,-0.92211272,-0.053297919,0.32022307,-0.93239173,-0.24653314,-0.93239173,-0.99704836,-0.31741912,-0.90902255,9,"laying"
-0.44460915,-0.40845808,0.40018969,-0.43724967,-0.66101636,-0.81040814,0.92649217,0.92571254,0.91253307,-0.40290667,-0.19243446,-0.9985552,-0.50634764,0.50916772,-0.48371744,-0.95513833,0.56529518,-0.43698514,-0.51191633,0.67425993,-0.29147224,-0.93622273,-0.098060305,0.22778214,-0.94150637,-0.13831496,-0.94150637,-0.99770917,-0.20890592,-0.95109566,9,"laying"
-0.44442247,-0.40840086,0.3973237,-0.43330039,-0.66736956,-0.81370667,0.92650459,0.92709478,0.91260326,-0.40290667,-0.49465739,-0.999286,-0.52212662,0.51986287,-0.50521505,-0.95935921,0.57270552,-0.44728162,-0.51730984,0.67929473,-0.40129823,-0.94905493,-0.1248911,0.34672376,-0.95081992,-0.094764366,-0.95081992,-0.99830127,-0.32994655,-0.96169479,9,"laying"
-0.4431182,-0.40083108,0.39492012,-0.43027246,-0.67222413,-0.81610431,0.92880885,0.92866658,0.91442872,-0.40263848,-0.59567344,-0.99910652,-0.65370566,0.65427812,-0.50816823,-0.97555595,0.57020207,-0.44380415,-0.65453988,0.68502817,-0.43784981,-0.96990131,-0.12222689,0.38795439,-0.97514875,-0.26957916,-0.97514875,-0.99944082,-0.37328455,-0.96170194,9,"laying"
-0.4431182,-0.40053005,0.39457907,-0.42987195,-0.6728649,-0.81633809,0.92920555,0.92889407,0.91442872,-0.39082183,-0.82066547,-0.99889607,-0.71119303,0.71560784,-0.50644804,-0.97652843,0.56748754,-0.44003622,-0.71955189,0.68585812,-0.50976516,-0.97713144,-0.11546116,0.46405123,-0.97798346,-0.5395543,-0.97798346,-0.99953552,-0.44908775,-0.95859179,9,"laying"
-0.41964597,-0.39802494,0.37573695,-0.40943956,-0.70445403,-0.83649586,0.93327933,0.9501178,0.95374079,-0.47362607,-0.44405103,-0.99900959,-0.88272682,0.90940269,-0.49770707,-0.91045235,0.59631103,-0.48007605,-0.93603404,0.76463705,-0.92947287,-0.93604445,-0.12457511,0.92689682,-0.91484298,-0.94057256,-0.91484298,-0.99554254,-0.92906122,-0.91369536,9,"laying"
-0.42084084,-0.38203855,0.37989393,-0.41042016,-0.70302582,-0.83180186,0.93327933,0.93680241,0.93683023,-0.44189051,-0.80709464,-0.99906557,-0.94219702,0.94265606,-0.50130585,-0.96458452,0.57254821,-0.4470782,-0.94273955,0.71491736,-0.78414317,-0.96389442,-0.15680412,0.76401048,-0.96422252,-0.68778984,-0.96422252,-0.99900132,-0.75757283,-0.92977529,9,"laying"
-0.42149443,-0.38203855,0.37903481,-0.40928328,-0.70474252,-0.83252306,0.93329066,0.93716463,0.92358562,-0.39603658,-0.84522213,-0.99897091,-0.80349045,0.80492588,-0.50130585,-0.97634421,0.56855794,-0.44154962,-0.80596352,0.71620972,-0.49733054,-0.98017904,-0.15218269,0.44931519,-0.97789663,-0.57776416,-0.97789663,-0.99953263,-0.43287625,-0.96965634,9,"laying"
-0.42149443,-0.38346254,0.37892875,-0.40978641,-0.70398444,-0.83264069,0.93835452,0.93875788,0.92358562,-0.39603658,-0.7077914,-0.99898966,-0.82635616,0.83177792,-0.50261141,-0.95693404,0.56871975,-0.44171981,-0.83690304,0.72207052,-0.85661363,-0.96795162,-0.14688637,0.85164945,-0.96004955,-0.62790701,-0.96004955,-0.99880261,-0.85627827,-0.96185519,9,"laying"
-0.42735841,-0.39492347,0.38554376,-0.41829047,-0.69093692,-0.8254605,0.92937807,0.93444963,0.92246335,-0.39039248,-0.92112162,-0.99839309,-0.89678344,0.90792698,-0.49286004,-0.88553967,0.56262247,-0.43327248,-0.91885137,0.70624247,-0.90998438,-0.89461937,-0.11906086,0.91157409,-0.88353977,-0.73136813,-0.88353977,-0.99209974,-0.91950674,-0.92590939,9,"laying"
-0.39311383,-0.39492347,0.38201023,-0.41303961,-0.69859155,-0.82946888,0.92937807,0.93517839,0.93686013,-0.43431063,-0.88839204,-0.99870453,-0.89783583,0.9005781,-0.49286004,-0.86877764,0.56930883,-0.4426008,-0.90302415,0.70899565,-0.92584381,-0.92345956,-0.14647469,0.91824501,-0.87856711,-0.79056484,-0.87856711,-0.99146399,-0.91531898,-0.93652594,9,"laying"
-0.38006685,-0.39241142,0.35933815,-0.38390446,-0.74094533,-0.85355658,0.93015203,0.94963905,0.94505902,-0.44275505,-0.98481833,-0.99958611,-0.915342,0.91593506,-0.49724268,-0.90098539,0.59201642,-0.47406097,-0.91615397,0.76272543,-0.81500889,-0.91923295,-0.21636849,0.79490458,-0.90191043,-0.56673347,-0.90191043,-0.99423728,-0.78636881,-0.96570834,9,"laying"
-0.38006685,-0.34675161,0.34924895,-0.37102293,-0.75961608,-0.86402456,0.95336357,0.95628867,0.94505902,-0.44275505,-0.92237744,-0.99985822,-0.86436529,0.86542201,-0.53508176,-0.9411812,0.59678408,-0.48068778,-0.86613747,0.7874118,-0.91351247,-0.95940553,-0.24792727,0.90804131,-0.94646536,-0.72700886,-0.94646536,-0.99803561,-0.90820045,-0.95586998,9,"laying"
-0.38643847,-0.34675161,0.35295095,-0.3754677,-0.75358896,-0.8601774,0.95336357,0.95308434,0.94166726,-0.42938403,0.087382941,-0.99995544,-0.60857948,0.61678732,-0.53053783,-0.92940514,0.58825266,-0.46883587,-0.62463075,0.77535802,-0.43306297,-0.93321417,-0.25271083,0.39142435,-0.91832806,0.41907675,-0.91832806,-0.99585711,-0.38631919,-0.97095598,9,"laying"
-0.38840642,-0.34436986,0.35170132,-0.37374525,-0.75596531,-0.86144185,0.95392105,0.9535525,0.93766464,-0.4181713,0.17553519,-0.9999037,-0.49280253,0.51077411,-0.53000851,-0.92687638,0.58538177,-0.46485209,-0.52852647,0.77710868,-0.39847052,-0.93252191,-0.24970999,0.38584185,-0.91651166,0.60546185,-0.91651166,-0.99569216,-0.41383473,-0.96852712,9,"laying"
-0.38817255,-0.34570248,0.35132975,-0.37300226,-0.75697951,-0.86179167,0.95166411,0.95306226,0.93766464,-0.412676,-0.61357278,-0.99984761,-0.77311796,0.77639077,-0.52470982,-0.97870215,0.58328025,-0.46194418,-0.7793294,0.7752745,-0.75569819,-0.97500769,-0.24744591,0.74225249,-0.97654509,-0.35559931,-0.97654509,-0.99948835,-0.74489674,-0.96732949,9,"laying"
-0.38653615,-0.34631912,0.35244512,-0.37415124,-0.75539309,-0.8606111,0.95147126,0.95159008,0.93816137,-0.41461257,-0.92944322,-0.99980701,-0.79287965,0.79298201,-0.52432202,-0.97307391,0.58223542,-0.46050831,-0.79273123,0.76976356,-0.59556824,-0.97519822,-0.24549838,0.55677667,-0.9752216,-0.41786994,-0.9752216,-0.99944339,-0.54346245,-0.95885184,9,"laying"
-0.3850495,-0.34631912,0.3505093,-0.37191625,-0.75844045,-0.8626607,0.95147126,0.95350572,0.939835,-0.41626912,-0.0063996693,-0.99986194,-0.56030842,0.56837907,-0.52432202,-0.95958451,0.58416048,-0.46316489,-0.57624405,0.77694758,-0.45874076,-0.95506037,-0.25155748,0.41297615,-0.95558688,-0.21023624,-0.95558688,-0.99857078,-0.40149323,-0.96811096,9,"laying"
-0.38028324,-0.33800516,0.34670058,-0.36702091,-0.76509724,-0.86659883,0.95659255,0.95591658,0.939835,-0.41626912,-0.043350821,-0.99981243,-0.55728962,0.58106207,-0.51606584,-0.92077562,0.58310685,-0.4616969,-0.60500493,0.78598338,-0.57696876,-0.92224634,-0.25558652,0.55762364,-0.91059308,-0.19570707,-0.91059308,-0.99513143,-0.56572864,-0.92977177,9,"laying"
-0.38028324,-0.35976669,0.35159289,-0.37314153,-0.75660798,-0.86119453,0.94751003,0.95220483,0.93979327,-0.41281535,-0.1632176,-0.9992125,-0.56704495,0.60340809,-0.50141267,-0.9159873,0.57273204,-0.44733114,-0.64037342,0.77209408,-0.77207313,-0.913584,-0.22125883,0.76027497,-0.90565725,-0.22021505,-0.90565725,-0.99463288,-0.76357493,-0.91019079,9,"laying"
0.0025266761,0.011551555,0.079268959,0.0067367137,-0.99822867,0.17792054,-0.24185935,-0.22078781,-0.20403982,0.93571433,-0.11595047,0.82282467,-0.5388208,0.61185158,0.87973921,-0.5191102,-0.77843623,0.93401677,-0.68554817,-0.89806187,-0.14527302,-0.41253294,-0.38619178,0.1586326,-0.38060382,-0.73797338,-0.38060382,-0.80374309,-0.23221026,-0.56954198,9,"walking"
0.0025266761,0.032806795,0.068925573,0.021797546,-0.99683899,0.18738914,-0.24185935,-0.23385724,-0.22384791,0.93571433,-0.12316803,0.80876098,-0.47955465,0.56476456,0.86656232,-0.49579681,-0.76322059,0.9286136,-0.65021574,-0.8864948,-0.049432096,-0.35880999,-0.32075987,0.077978685,-0.37068325,-0.62874842,-0.37068325,-0.7975754,-0.1744288,-0.52506561,9,"walking"
0.00099976781,0.038618999,0.070223394,0.019970535,-0.9971557,0.18817252,-0.24799526,-0.23534519,-0.23321322,0.93813888,-0.039845793,0.8141351,-0.44487077,0.53674202,0.86656232,-0.46594781,-0.76245689,0.93070238,-0.62860053,-0.8850297,0.10191356,-0.29968404,-0.31772883,-0.037498849,-0.26514073,-0.45600383,-0.26514073,-0.72507554,-0.10743055,-0.47759303,9,"walking"
-4.2438073e-05,0.038752617,0.068811461,0.021962897,-0.99686386,0.19592306,-0.25557543,-0.24566969,-0.23324055,0.93745455,0.059256726,0.79833934,-0.36854988,0.47257422,0.86397592,-0.46443965,-0.75145014,0.9245781,-0.576298,-0.87491251,0.12272048,-0.29114538,-0.29650718,0.0094740752,-0.2416069,-0.48844456,-0.2416069,-0.70756071,-0.22791261,-0.47069531,9,"walking"
-4.2438073e-05,0.041169407,0.069695142,0.020774355,-0.99704703,0.19604926,-0.25557543,-0.246484,-0.24075754,0.93745455,0.03491237,0.80752934,-0.35799051,0.4608145,0.86158642,-0.46678981,-0.75148385,0.92815004,-0.56214621,-0.87418462,0.13032327,-0.2960077,-0.29069027,-0.0062930635,-0.32287266,-0.56528113,-0.32287266,-0.76620238,-0.20287706,-0.46844331,9,"walking"
-0.0075666503,0.041169407,0.071941373,0.017454638,-0.99755979,0.18956328,-0.24510098,-0.23721419,-0.23748995,0.94591264,-0.10860159,0.81184412,-0.29733567,0.40228019,0.86158642,-0.50495971,-0.76093109,0.92983311,-0.50272373,-0.88333205,0.22436673,-0.33606034,-0.32123848,-0.11384149,-0.38077539,-0.4332512,-0.38077539,-0.80393769,-0.087121105,-0.50262308,9,"walking"
-0.0073641216,0.040728013,0.072161638,0.017113415,-0.99760484,0.18743326,-0.23533824,-0.2341218,-0.23710763,0.94591264,-0.21133506,0.81236908,-0.25089486,0.35462762,0.86184716,-0.4749133,-0.76391726,0.93003636,-0.45253318,-0.88631895,0.089965254,-0.33658203,-0.33003739,-0.021597805,-0.35639697,-0.38807224,-0.35639697,-0.78845458,-0.12463072,-0.55214557,9,"walking"
0.004561033,0.040728013,0.068486967,0.022508214,-0.99672359,0.19023458,-0.24453842,-0.23823284,-0.23710763,0.94347589,-0.11471234,0.81163865,-0.31591872,0.41920732,0.86184716,-0.47250417,-0.75919857,0.92975108,-0.51889242,-0.88234326,0.10271201,-0.29969264,-0.30495078,-0.0041965928,-0.33583144,-0.57271719,-0.33583144,-0.77492969,-0.17680525,-0.57965737,9,"walking"
0.004561033,0.04763306,0.065218433,0.027312765,-0.99600316,0.19319493,-0.24784522,-0.24253538,-0.24391125,0.94347589,-0.087356557,0.81016037,-0.31967997,0.42166139,0.86099789,-0.46603048,-0.75428086,0.92917847,-0.5209774,-0.87819203,0.25144477,-0.26048283,-0.28150788,-0.069108391,-0.27773054,-0.44320099,-0.27773054,-0.73437255,-0.21237588,-0.67981143,9,"walking"
0.0020671153,0.041407078,0.06813259,0.023221656,-0.99669222,0.19344495,-0.24908664,-0.24387247,-0.24531804,0.94594825,-0.21789115,0.82498161,-0.27978529,0.38538415,0.86508838,-0.41193168,-0.75469534,0.93491576,-0.4869029,-0.87686504,0.1338337,-0.25409434,-0.27801248,0.0025203987,-0.23912703,-0.34812638,-0.23912703,-0.70575243,-0.22610372,-0.55414935,9,"walking"
-0.0049227568,0.036957548,0.072375668,0.017008575,-0.99758566,0.18820366,-0.24908664,-0.23662164,-0.23095457,0.95397013,-0.051345979,0.83307721,-0.15456181,0.25605264,0.86638019,-0.48750277,-0.7629013,0.93804263,-0.34942487,-0.88376522,-0.038073461,-0.29685078,-0.30824675,0.092696924,-0.31169983,-0.43298876,-0.31169983,-0.7585094,-0.2168248,-0.5501866,9,"walking"
0.0093886354,0.036957548,0.068352088,0.022845501,-0.99655556,0.18752762,-0.24629995,-0.23530113,-0.23095457,0.94792557,0.014853073,0.82735317,-0.2433693,0.3363729,0.86638019,-0.46350031,-0.76288635,0.93583168,-0.42389282,-0.88503602,-0.128812,-0.30708492,-0.30017593,0.17760984,-0.31205995,-0.51457206,-0.31205995,-0.75878767,-0.28990979,-0.57594071,9,"walking"
0.0093886354,0.045584375,0.063242932,0.030233927,-0.99542459,0.19367325,-0.24629995,-0.24339047,-0.23588539,0.94573045,-0.069377871,0.81186335,-0.20749301,0.31204677,0.86483944,-0.51924398,-0.75307106,0.92983934,-0.41142565,-0.87730837,-0.10034927,-0.33923762,-0.27001943,0.15895571,-0.33806566,-0.57172923,-0.33806566,-0.77642086,-0.28393062,-0.38136717,9,"walking"
0.024292048,0.031836635,0.05361167,0.044001491,-0.99232122,0.20211769,-0.28082282,-0.25385314,-0.24934922,0.92839439,0.11821808,0.78129898,-0.37788472,0.46629945,0.85136113,-0.40822018,-0.7384636,0.91793761,-0.55175363,-0.86666528,-0.23876751,-0.26887686,-0.22756138,0.25699365,-0.30299033,-0.59253629,-0.30299033,-0.75247957,-0.32952813,-0.73903115,9,"walking"
0.024292048,0.056634579,0.0532819,0.044235875,-0.99242691,0.19630433,-0.24706821,-0.2448515,-0.24714731,0.92839439,0.10984223,0.77449167,-0.46935018,0.55400298,0.85431319,-0.46649671,-0.74622397,0.91527343,-0.63764971,-0.87591208,-0.0417221,-0.39117327,-0.25610094,0.13033185,-0.36228671,-0.27992965,-0.36228671,-0.7922403,-0.29087434,-0.56521969,9,"walking"
0.01875208,0.047012654,0.062080666,0.031797617,-0.99507483,0.19500939,-0.24543567,-0.24457197,-0.24714731,0.92863981,-0.012465722,0.80028169,-0.45182455,0.54713266,0.86269907,-0.51056654,-0.75090293,0.92531564,-0.64204217,-0.87619352,-0.088610751,-0.33967601,-0.27131481,0.16444624,-0.34595163,-0.30138991,-0.34595163,-0.78163652,-0.30849431,-0.54351546,9,"walking"
0.001704789,0.031219428,0.070988676,0.01893769,-0.99725907,0.19345305,-0.24543567,-0.24323545,-0.24341388,0.94684262,-0.037591918,0.81609453,-0.29427586,0.39549226,0.86269907,-0.50027424,-0.75535608,0.93148092,-0.49368513,-0.87749699,-0.029502053,-0.2959185,-0.29795324,0.051036234,-0.32679166,-0.37963939,-0.32679166,-0.76885317,-0.14055816,-0.62507694,9,"walking"
-0.0076893386,0.026431673,0.078355545,0.0081112649,-0.99859206,0.18919039,-0.24387521,-0.23683939,-0.23377081,0.94684262,-0.29543935,0.81548124,-0.38019688,0.47268554,0.86455748,-0.45743195,-0.76267138,0.93124304,-0.56213905,-0.88368837,-0.14268807,-0.28644963,-0.34490177,0.14954581,-0.27882108,-0.33199739,-0.27882108,-0.7352669,-0.21538477,-0.55844919,9,"walking"
0.00019858791,0.026431673,0.075853555,0.011835895,-0.99808217,0.18743317,-0.23939461,-0.23497405,-0.23371823,0.94950913,-0.22874682,0.82593074,-0.39193376,0.48427085,0.86841631,-0.41455601,-0.76466752,0.93528005,-0.57463064,-0.88547569,-0.1475968,-0.24751731,-0.33200851,0.20099727,-0.24756784,-0.43253649,-0.24756784,-0.71211191,-0.31681907,-0.65085864,9,"walking"
0.00019858791,0.035997552,0.069089792,0.021596531,-0.99691431,0.18922863,-0.242259,-0.23664057,-0.23371823,0.93558858,-0.06071064,0.81010787,-0.36325436,0.46385219,0.86841631,-0.42305923,-0.7607309,0.92913313,-0.56282488,-0.88387379,0.0170484,-0.2712327,-0.31286948,0.078572005,-0.28438301,-0.53225219,-0.28438301,-0.73925333,-0.25130177,-0.45557417,9,"walking"
0.00019751488,0.042235123,0.069901918,0.020172506,-0.99715321,0.19307348,-0.25266388,-0.24042769,-0.23627275,0.93343392,-0.076324843,0.78314748,-0.39309632,0.48950876,0.85419757,-0.37387888,-0.75563156,0.91866233,-0.58454686,-0.88014856,0.15699231,-0.33225974,-0.32675185,-0.059543791,-0.26688635,-0.50051759,-0.26688635,-0.72656,-0.12348068,-0.46594142,9,"walking"
-0.00076909126,0.042235123,0.069317306,0.021169524,-0.99700315,0.19757092,-0.25266388,-0.24758267,-0.24164112,0.93343392,0.020707594,0.79123525,-0.37847733,0.47332108,0.85603486,-0.37743675,-0.74929977,0.92181276,-0.56613256,-0.87311973,0.12760706,-0.34310115,-0.29886765,-0.05320128,-0.25598477,-0.44790389,-0.25598477,-0.71847828,-0.10116609,-0.57562682,9,"walking"
0.0014907887,0.048164983,0.065530936,0.026697195,-0.99612323,0.19764428,-0.25166897,-0.24780316,-0.24451551,0.93533755,-0.053013313,0.79197388,-0.28725344,0.38410803,0.85603486,-0.40603912,-0.74825878,0.9221043,-0.47628736,-0.87294809,0.055510514,-0.29173548,-0.28270685,0.0236669,-0.28792543,-0.40339469,-0.28792543,-0.74181153,-0.17738542,-0.57888149,9,"walking"
0.0095473925,0.053915672,0.0618571,0.031969688,-0.99514245,0.19556814,-0.24811909,-0.24457723,-0.24451551,0.93533755,-0.087916347,0.78846849,-0.34834778,0.44108372,0.85430719,-0.47524294,-0.75007246,0.92074143,-0.53063484,-0.8761758,0.0034224293,-0.2884942,-0.2796294,0.08411284,-0.30967698,-0.45636886,-0.30967698,-0.75713364,-0.24463791,-0.57255866,9,"walking"
0.010445167,0.056203947,0.058716802,0.036563852,-0.99422947,0.19900166,-0.25293843,-0.24946877,-0.24458533,0.93078114,0.019937406,0.78556839,-0.40227666,0.49204279,0.85430719,-0.4286823,-0.74441721,0.91960421,-0.57987421,-0.87125054,0.15563574,-0.2615385,-0.2562697,-0.052706704,-0.29358936,-0.46206576,-0.29358936,-0.74580032,-0.13502829,-0.58786529,9,"walking"
0.022551733,0.062848535,0.054654377,0.042249137,-0.99292692,0.20350821,-0.25669234,-0.2547441,-0.25853568,0.92772774,0.11111146,0.76593318,-0.37718803,0.46773926,0.84867073,-0.37641097,-0.73693857,0.91192293,-0.55617472,-0.86592496,0.10412395,-0.22619011,-0.24150524,-0.042179964,-0.21763444,-0.34158576,-0.21763444,-0.68902433,-0.098862677,-0.39245005,9,"walking"
-0.016257542,-0.0011290948,0.085927304,-0.0031319211,-0.99915011,0.15336569,-0.23012953,-0.18444904,-0.17731416,0.93332784,0.29796365,0.8096616,-0.62777539,0.69498888,0.87267707,0.12014085,-0.8134491,0.9289456,-0.76192632,-0.92811269,-0.12591859,0.26528678,-0.51035217,0.13710865,0.26571173,-0.51693488,0.26571173,-0.19425849,-0.20967849,-0.38188108,9,"walking_downstairs"
-0.016257542,0.02512746,0.079439439,0.0063672538,-0.99880991,0.14861973,-0.18299166,-0.17893325,-0.17731416,0.93675238,0.21682248,0.83443885,-0.61583399,0.68409446,0.87267707,0.091713796,-0.81901013,0.93854384,-0.75182905,-0.93258272,-0.31862969,0.42602974,-0.49032813,0.30980435,0.29402605,-0.36215856,0.29402605,-0.15815036,-0.34659752,-0.37140013,9,"walking_downstairs"
-0.017987191,0.013737205,0.084480151,-0.00086228604,-0.99935234,0.1520979,-0.19050339,-0.18470536,-0.18311071,0.95835996,0.28345908,0.84955164,-0.40603884,0.46973117,0.88165452,0.049758091,-0.81502708,0.94437131,-0.52851719,-0.92829973,-0.22804071,0.29089788,-0.48333143,0.21960326,0.24439911,-0.45910902,0.24439911,-0.22095588,-0.26287929,-0.4304108,9,"walking_downstairs"
-0.020671558,0.0016730167,0.093297941,-0.013715964,-0.99976904,0.14787683,-0.19050339,-0.17889214,-0.15960411,0.95513914,0.3824821,0.85612478,-0.51928334,0.59170137,0.88165452,0.12172056,-0.82165478,0.94688626,-0.66159628,-0.93232982,-0.21802661,0.50563025,-0.5158713,0.25665011,0.34073278,-0.49060844,0.34073278,-0.096779867,-0.35125909,-0.40002121,9,"walking_downstairs"
-0.012755519,0.0016730167,0.09085045,-0.010235632,-0.99942663,0.13465368,-0.18657689,-0.15841357,-0.14438473,0.92644556,0.46593995,0.82549835,-0.53578311,0.6066996,0.88134971,0.086390016,-0.83994162,0.93504903,-0.67658557,-0.94628371,-0.2019821,0.45647155,-0.58329921,0.21280409,0.36598088,-0.43183635,0.36598088,-0.062719004,-0.2795422,-0.19572602,9,"walking_downstairs"
-0.012755519,0.0052241869,0.084674782,-0.0015742416,-0.99921659,0.13795229,-0.18212864,-0.16053585,-0.14438473,0.91913058,0.39266501,0.76940077,-0.54624328,0.60569515,0.86148597,0.095729855,-0.8346798,0.91323378,-0.66375774,-0.94493094,-0.34109996,0.45512387,-0.6091197,0.35185788,0.31747515,-0.4452613,0.31747515,-0.12757797,-0.40890225,-0.036621874,9,"walking_downstairs"
-0.015368715,0.0097125402,0.087335643,-0.0052748526,-0.9995363,0.15173378,-0.18548619,-0.18056665,-0.17009174,0.91913058,0.37637565,0.78029754,-0.61994123,0.69578122,0.86960174,0.28965038,-0.81587225,0.91746172,-0.77149972,-0.93134844,-0.38266123,0.37619696,-0.55811868,0.40525792,0.39196766,-0.44480317,0.39196766,-0.026983082,-0.47171107,-0.71874838,9,"walking_downstairs"
0.030936275,0.026597297,0.060052628,0.033836971,-0.9939491,0.17140052,-0.21542675,-0.20800311,-0.20287121,0.91147599,0.23633194,0.76430087,-0.66147252,0.73157199,0.86789634,0.25095333,-0.78239277,0.91121111,-0.80219437,-0.90970722,-0.32135581,0.38964182,-0.39061343,0.29260406,0.41174741,-0.36385793,0.41174741,0.00071689704,-0.30915971,-0.62321695,9,"walking_downstairs"
0.015278113,0.023662608,0.076244261,0.010819588,-0.99804649,0.16162168,-0.20819341,-0.19578104,-0.18594156,0.9164052,0.24331469,0.79889724,-0.62205731,0.69778588,0.86852418,0.25303636,-0.80040515,0.92473599,-0.77343856,-0.91954928,-0.47354553,0.27899436,-0.45977049,0.45231796,0.37768881,-0.34586028,0.37768881,-0.046701947,-0.4659991,-0.30648957,9,"walking_downstairs"
-0.0080605615,0.016514206,0.080947599,0.0041571051,-0.99889776,0.16126789,-0.23158097,-0.19635683,-0.18594156,0.93824868,0.45003711,0.81885655,-0.59478799,0.65750793,0.86852418,0.25152722,-0.8017822,0.93253766,-0.71913691,-0.91886573,-0.35283271,0.51368576,-0.46132252,0.33856144,0.45247872,-0.51205832,0.45247872,0.058848623,-0.3677184,-0.45671149,9,"walking_downstairs"
-0.0081161693,0.014571437,0.085924307,-0.003185706,-0.99940761,0.17969585,-0.24314355,-0.21993413,-0.1906053,0.9038144,0.39024988,0.76917437,-0.65444942,0.71829174,0.86223168,0.20701259,-0.776849,0.9130738,-0.78217532,-0.89869793,-0.31777414,0.52469401,-0.45569039,0.32202023,0.42332859,-0.49530478,0.42332859,0.017058725,-0.37312132,-0.55084661,9,"walking_downstairs"
-0.0064458048,0.014571437,0.08239127,0.0016296011,-0.99894933,0.17373083,-0.24314355,-0.20891038,-0.18389492,0.9038144,0.32089766,0.72898266,-0.62648455,0.69945011,0.85058911,0.031910166,-0.78471803,0.89729403,-0.77278186,-0.90759164,-0.28765525,0.39405887,-0.50241365,0.26262595,0.29375921,-0.53022907,0.29375921,-0.15829532,-0.28475345,-0.14462501,9,"walking_downstairs"
-0.0064458048,0.013734994,0.08059417,0.0041965966,-0.99879027,0.15428484,-0.20634385,-0.18264688,-0.18162258,0.9061026,0.41045279,0.75062803,-0.60934048,0.68641709,0.85497001,0.17050949,-0.81139126,0.90584952,-0.7634582,-0.92979106,-0.20237959,0.60596118,-0.54916891,0.16810702,0.4211394,-0.52224385,0.4211394,0.013939884,-0.18659881,0.072702057,9,"walking_downstairs"
-0.018343513,0.013734994,0.086958739,-0.0046620872,-0.99959028,0.14909151,-0.18093352,-0.1779422,-0.18069823,0.92690501,0.32075585,0.80233736,-0.64519268,0.71916819,0.86953371,0.21471036,-0.81950539,0.92608202,-0.79329757,-0.93333725,-0.23724629,0.1792094,-0.54689103,0.25978783,0.318554,-0.34638639,0.318554,-0.1262052,-0.33616724,-0.66584071,9,"walking_downstairs"
0.09011086,-0.022505149,0.065074112,0.027792345,-0.98805852,0.25801555,-0.35383121,-0.33337142,-0.32523954,0.89394758,0.028698314,0.7383609,-0.5104119,0.57949088,0.84250036,-0.5033994,-0.66494759,0.90100607,-0.64909834,-0.7724641,-0.72503484,-0.32606753,-0.047346196,0.71443788,-0.37920654,-0.73501258,-0.37920654,-0.80295004,-0.72226722,0.083933396,9,"walking_upstairs"
0.09011086,0.046863199,0.019266629,0.094122771,-0.97451169,0.27011938,-0.39338377,-0.34728032,-0.32523954,0.86563806,-0.21828092,0.67505839,-0.51668086,0.61116306,0.83828249,-0.57392468,-0.63263818,0.87560771,-0.70705549,-0.75252709,-0.61952453,-0.4131977,0.076794863,0.61075833,-0.43931415,-0.75683873,-0.43931415,-0.83871271,-0.62800357,-0.37007859,9,"walking_upstairs"
0.088133933,0.056347521,0.026639929,0.082868368,-0.9792461,0.29886278,-0.41002662,-0.38346061,-0.34354433,0.86149792,-0.28713656,0.61075522,-0.48106892,0.57179777,0.79702951,-0.48316413,-0.5971626,0.84956496,-0.66278558,-0.69988813,-0.5456308,-0.28059346,0.092829884,0.52927374,-0.34327995,-0.71177995,-0.34327995,-0.77987213,-0.54331849,-0.054845257,9,"walking_upstairs"
0.052433896,0.054656617,0.04654424,0.054201522,-0.98929387,0.3149218,-0.41245778,-0.40518882,-0.39702381,0.86149792,-0.18462095,0.59546053,-0.23409151,0.33287118,0.77299775,-0.39365039,-0.58194768,0.84330047,-0.42551404,-0.66608461,-0.59930048,-0.23328366,0.060994841,0.5833203,-0.2428293,-0.61642772,-0.2428293,-0.70857212,-0.59391852,-0.20753626,9,"walking_upstairs"
0.058594481,0.054656617,0.042042345,0.060681359,-0.98728598,0.30141599,-0.41245778,-0.38724523,-0.35418136,0.86403633,-0.18628812,0.61698107,-0.53173994,0.60896498,0.80498184,-0.34066742,-0.59916592,0.85211461,-0.686431,-0.69334538,-0.5957611,-0.2103473,0.047594102,0.58143672,-0.2233254,-0.69021843,-0.2233254,-0.69354322,-0.5939967,-0.16770803,9,"walking_upstairs"
0.058594481,0.069709755,0.039892891,0.063662594,-0.98667484,0.28395691,-0.39298834,-0.36358056,-0.35209244,0.86628348,-0.31475879,0.6419245,-0.59948535,0.66771134,0.80504337,-0.48311815,-0.62234138,0.86230588,-0.73658128,-0.73003987,-0.41812896,-0.26629136,0.012053536,0.3869822,-0.35503775,-0.77889471,-0.35503775,-0.78757143,-0.39347384,-0.26424735,9,"walking_upstairs"
0.063129002,0.069709755,0.041479209,0.061306504,-0.98747556,0.30318773,-0.42005963,-0.38862573,-0.35209244,0.84627647,-0.24156412,0.60600125,-0.5574016,0.64277697,0.80504337,-0.59677349,-0.59656159,0.84750351,-0.72924475,-0.69114976,-0.4396421,-0.44312626,0.044113696,0.42166354,-0.49169286,-0.79638935,-0.49169286,-0.86695503,-0.44110286,-0.43219479,9,"walking_upstairs"
0.075650045,0.084476007,0.02429902,0.085841129,-0.97865492,0.31685141,-0.42005963,-0.40538233,-0.38239871,0.84625845,0.014604733,0.56363796,-0.49216827,0.57659333,0.76819455,-0.50573692,-0.57182806,0.83008021,-0.66111079,-0.66550873,-0.47048357,-0.32995034,0.12201114,0.45247142,-0.38833551,-0.76075727,-0.38833551,-0.80861223,-0.46966075,-0.27214241,9,"walking_upstairs"
0.091462377,-0.018559776,0.049592967,0.050923642,-0.98294585,0.26483793,-0.37699165,-0.34471055,-0.32425732,0.87999713,-0.023556126,0.74311232,-0.55950073,0.63589475,0.85101324,-0.58430083,-0.65159965,0.90280298,-0.71336809,-0.75673788,-0.52199799,-0.46702385,0.03341558,0.48992419,-0.45155759,-0.80330838,-0.45155759,-0.84554396,-0.48900997,-0.39576181,9,"walking_upstairs"
0.091462377,0.097552819,0.0090989368,0.10935544,-0.96844456,0.28886302,-0.39579198,-0.37379069,-0.32711196,0.8512561,-0.11951869,0.64926837,-0.56677911,0.65470915,0.84462638,-0.49813415,-0.60268754,0.86500703,-0.74400284,-0.71421581,-0.56661661,-0.37141485,0.16861404,0.55303124,-0.37096589,-0.81080075,-0.37096589,-0.79777611,-0.56863813,-0.38190637,9,"walking_upstairs"
0.086847333,0.067839785,0.020090664,0.091863155,-0.97560904,0.30944205,-0.41511791,-0.39564696,-0.38721401,0.85023192,-0.19002077,0.57430514,-0.45347534,0.53959076,0.78226682,-0.54399876,-0.58015233,0.83451612,-0.62567998,-0.68144901,-0.543384,-0.34266816,0.12088103,0.5245066,-0.38488594,-0.78633205,-0.38488594,-0.8064765,-0.536015,-0.22167953,9,"walking_upstairs"
0.069227613,0.067548782,0.039062384,0.064358683,-0.9863047,0.32491758,-0.44115654,-0.41467075,-0.39252723,0.833143,-0.14258,0.54710053,-0.40895148,0.50092559,0.75794116,-0.49529773,-0.56601046,0.82314923,-0.59237372,-0.64986662,-0.61966254,-0.30859101,0.075164548,0.60726639,-0.36564002,-0.77351523,-0.36564002,-0.79439182,-0.6203807,-0.1620578,9,"walking_upstairs"
0.054484432,0.067548782,0.038088846,0.06577438,-0.98611381,0.32821953,-0.44115654,-0.41899823,-0.39504964,0.833143,-0.16614706,0.54091535,-0.46152089,0.5524207,0.75981831,-0.48455424,-0.56117615,0.82055421,-0.64354843,-0.64288735,-0.55355472,-0.30736984,0.085582295,0.5447362,-0.37749906,-0.75470496,-0.37749906,-0.80188524,-0.56602401,-0.15296148,9,"walking_upstairs"
0.054484432,0.064928016,0.040495791,0.062183965,-0.98710977,0.32148286,-0.42878888,-0.40965579,-0.39449746,0.83804286,-0.18975522,0.54983137,-0.46670521,0.56245471,0.75981831,-0.45620876,-0.5711659,0.82430657,-0.65827331,-0.65851136,-0.46677714,-0.27957764,0.058084006,0.44286864,-0.32816686,-0.75017807,-0.32816686,-0.76978981,-0.45373853,-0.42886281,9,"walking_upstairs"
0.047890217,0.064928016,0.044907715,0.056211203,-0.98908591,0.31898159,-0.42878888,-0.40845246,-0.37858544,0.84184267,-0.065915252,0.57175109,-0.51608603,0.60868531,0.78222741,-0.30722371,-0.57590308,0.83341538,-0.70203,-0.66025392,-0.46171311,-0.16387515,0.056164612,0.43815913,-0.20908518,-0.70960951,-0.20908518,-0.68237353,-0.45002269,-0.26777699,9,"walking_upstairs"
0.054850464,0.075267719,0.034311163,0.071820691,-0.98418415,0.30285903,-0.42270407,-0.3888863,-0.37544112,0.8478396,0.055479364,0.60876173,-0.52400963,0.61149579,0.78596841,-0.28320043,-0.59461598,0.84874893,-0.69952241,-0.69146827,-0.45188645,-0.15778015,0.075757292,0.44408554,-0.15538319,-0.71029285,-0.15538319,-0.63835311,-0.47347692,-0.11995519,9,"walking_upstairs"
0.13854462,0.10070302,0.015117092,0.099994877,-0.97196566,0.31345042,-0.42432751,-0.4042844,-0.34537742,0.84013875,-0.030438079,0.59058914,-0.51994331,0.61614657,0.79561466,-0.51885988,-0.57258742,0.84116507,-0.7134473,-0.66654893,-0.55893658,-0.31418854,0.17882904,0.52963565,-0.38434424,-0.80246154,-0.38434424,-0.80615105,-0.52907667,-0.26495155,9,"walking_upstairs"
0.073602934,0.082621629,0.022670941,0.088236456,-0.97781503,0.32607417,-0.42432751,-0.41751984,-0.40752007,0.83856975,-0.18131259,0.54666637,-0.46722712,0.56393796,0.76268937,-0.47123433,-0.55865581,0.82297831,-0.66091846,-0.64576924,-0.49767016,-0.35416574,0.14729168,0.46957681,-0.35120229,-0.71304805,-0.35120229,-0.78505188,-0.4741706,-0.23320282,9,"walking_upstairs"
0.073602934,0.08234583,0.028088879,0.080417117,-0.98080235,0.32812813,-0.44082235,-0.42007823,-0.40752007,0.83553161,-0.13090284,0.54496272,-0.5161971,0.59769073,0.75797615,-0.46473498,-0.55791188,0.82226141,-0.67928966,-0.64129165,-0.59418379,-0.31310791,0.131515,0.57574138,-0.35930775,-0.69510247,-0.35930775,-0.79033218,-0.5839479,-0.22940079,9,"walking_upstairs"
0.068679721,0.08234583,0.028257595,0.080124999,-0.98111094,0.3301997,-0.44082235,-0.42253006,-0.39981773,0.83098474,-0.086214569,0.53949765,-0.53839498,0.61484316,0.76047193,-0.43427418,-0.55514613,0.81995299,-0.69173626,-0.63712357,-0.53337132,-0.25493078,0.13283425,0.51772843,-0.32365342,-0.73364079,-0.32365342,-0.76673119,-0.53306499,-0.18133441,9,"walking_upstairs"
0.068679721,0.079953029,0.032314987,0.074274648,-0.98310582,0.32349357,-0.43610101,-0.41384381,-0.39743487,0.83098474,-0.062747807,0.55423797,-0.52280713,0.60167701,0.76387851,-0.43735668,-0.56574344,0.82611257,-0.68060121,-0.65165014,-0.37353482,-0.20498809,0.10558117,0.33775603,-0.27553064,-0.69804124,-0.27553064,-0.73288386,-0.34241978,-0.34002915,9,"walking_upstairs"
0.07408293,0.079953029,0.032277903,0.07482451,-0.98284279,0.32855063,-0.44076663,-0.42265041,-0.39743487,0.83868968,-0.033200835,0.56101829,-0.44543848,0.54841945,0.76387851,-0.37581477,-0.55881618,0.82897546,-0.65089743,-0.63674291,-0.56312849,-0.22830421,0.13611141,0.5504232,-0.27281304,-0.66722128,-0.27281304,-0.73090364,-0.56697857,-0.30828046,9,"walking_upstairs"
0.07408293,0.09527044,0.020591212,0.091316829,-0.97675104,0.32770311,-0.44076663,-0.41996398,-0.3874075,0.83861147,-0.035279965,0.54481782,-0.49571147,0.58609464,0.76267108,-0.37344038,-0.55561514,0.82220415,-0.67675343,-0.64110385,-0.56516183,-0.24373288,0.16069902,0.56104565,-0.27059491,-0.76107025,-0.27059491,-0.72928177,-0.58670168,-0.13149587,9,"walking_upstairs"
0.028373545,0.020376619,0.065863774,0.025032985,-0.99529292,0.16984699,-0.25612422,-0.20352581,-0.17569852,0.91098704,0.16611037,0.72817908,-0.52853056,0.60555879,0.84112909,0.16486012,-0.78642127,0.89701419,-0.68090966,-0.91197569,-0.32310744,0.58055198,-0.45378514,0.30270283,0.37125291,-0.40552489,0.37125291,-0.055510266,-0.32794163,-0.53724721,9,"walking_downstairs"
-0.0070333414,0.020050113,0.082261713,0.0018105925,-0.99909698,0.14981412,-0.19503895,-0.17636865,-0.1756918,0.91098704,0.36263629,0.75138284,-0.57233908,0.64818048,0.85352235,0.27148045,-0.81786418,0.9061441,-0.72306539,-0.93441504,-0.43493044,0.53182194,-0.57185782,0.43489423,0.40932917,-0.39574464,0.40932917,-0.0027124848,-0.47371944,-0.58598203,9,"walking_downstairs"
-0.0087944741,0.020050113,0.079376101,0.0061653892,-0.99872388,0.15080843,-0.18955722,-0.17974165,-0.1756918,0.92211381,0.60364915,0.78878364,-0.54216882,0.60537246,0.85414065,0.19445292,-0.81597362,0.92085504,-0.66689438,-0.93194278,-0.21481912,0.50523743,-0.52273071,0.20250515,0.37373253,-0.33935406,0.37373253,-0.052129667,-0.24307729,-0.56760835,9,"walking_downstairs"
-0.0087944741,0.010065379,0.082753949,0.0014060958,-0.99900192,0.15344133,-0.18955722,-0.18417074,-0.17712179,0.94062761,0.50776583,0.80191147,-0.39733982,0.47231852,0.85844829,0.25484348,-0.81291502,0.92597849,-0.54261192,-0.92868667,-0.13629431,0.60087944,-0.51396817,0.14774498,0.43061525,-0.37287699,0.43061525,0.027406547,-0.2190677,-0.29928983,9,"walking_downstairs"
-0.010627335,0.010065379,0.086100752,-0.0034301875,-0.9993385,0.14765192,-0.19097469,-0.17592746,-0.16505798,0.92730478,0.42753765,0.80296919,-0.49685997,0.56750569,0.86011319,0.19012562,-0.82140732,0.92638077,-0.63627464,-0.93458402,-0.25798907,0.60427686,-0.54835474,0.25932387,0.43248387,-0.48176659,0.43248387,0.030084319,-0.31175381,-0.16015641,9,"walking_downstairs"
-0.010627335,0.01007172,0.082246211,0.0019394378,-0.99901777,0.15732541,-0.20792821,-0.18763399,-0.16505798,0.90953551,0.30122157,0.7634383,-0.55380685,0.62433185,0.86011319,0.14904569,-0.80745254,0.91086028,-0.69385393,-0.92536203,-0.21460417,0.53767334,-0.53233719,0.21253481,0.40978513,-0.50440288,0.40978513,-0.0020565898,-0.264518,-0.23397344,9,"walking_downstairs"
-0.013730258,0.0084674167,0.088970449,-0.0076826283,-0.99956696,0.15978603,-0.20792821,-0.19030876,-0.16596136,0.90953551,0.099497641,0.74917909,-0.60082679,0.68432324,0.85168136,0.31071496,-0.80481994,0.90528709,-0.76761369,-0.92347034,-0.18687048,0.14162658,-0.56176457,0.22564461,0.3858544,-0.47343526,0.3858544,-0.035454852,-0.32323128,-0.62023158,9,"walking_downstairs"
-0.21440063,-0.19383319,0.22549124,-0.20714443,-0.93080076,-0.023062702,0.017779652,0.0644233,0.091463771,0.96767765,-0.0192652,0.87854375,-0.45976055,0.45816837,0.90071618,-0.82811432,-0.80710338,0.9554414,-0.45629936,-0.99139091,-0.69248667,-0.82642445,-0.34681063,0.67381394,-0.815045,-0.86527099,-0.815045,-0.98118473,-0.6751767,-0.73982634,10,"standing"
-0.21313394,-0.17701712,0.21631272,-0.1942603,-0.94008942,-0.043868386,0.0729114,0.094490495,0.091521889,0.96974494,-0.0014519624,0.88837968,0.12717499,-0.054316044,0.88746061,-0.86466716,-0.80859799,0.95919127,-0.020291724,-0.9842666,-0.28411737,-0.83503959,-0.29424655,0.32099379,-0.82807364,-0.40584427,-0.82807364,-0.98360675,-0.41026896,-0.90274561,10,"standing"
-0.21313394,-0.16358862,0.21466454,-0.19201832,-0.94163445,-0.041635457,0.084639467,0.091357359,0.091521889,0.98061867,0.054876893,0.89425334,0.14282387,-0.023390527,0.88774683,-0.90244985,-0.81214007,0.96142414,-0.097504096,-0.98536816,-0.053629584,-0.87476668,-0.30441318,0.12260471,-0.87305894,-0.47883212,-0.87305894,-0.9907245,-0.25947946,-0.90632202,10,"standing"
-0.2138095,-0.1738228,0.21686384,-0.19523951,-0.9394312,-0.034008077,0.072451638,0.080388756,0.08029905,0.98061867,0.38900057,0.89577405,0.093945546,-0.026881506,0.88787607,-0.96264912,-0.81365006,0.96200039,-0.041045151,-0.98888713,-0.024228578,-0.95177513,-0.32386646,-0.020258679,-0.95066196,-0.61668226,-0.95066196,-0.99829204,-0.00040104496,-0.92368761,10,"standing"
-0.21564974,-0.1794002,0.2219914,-0.20286631,-0.93407103,-0.027494636,0.067780434,0.071067731,0.072229304,0.9819235,0.16752531,0.89669733,0.15972077,-0.086685258,0.88787607,-0.96395944,-0.80997877,0.96235042,0.013445512,-0.99147164,-0.30442448,-0.9562994,-0.32738834,0.26688969,-0.95894129,-0.33508014,-0.95894129,-0.9987469,-0.27540061,-0.93921497,10,"standing"
-0.21951034,-0.1794002,0.22347434,-0.20503682,-0.93254566,-0.025883677,0.067780434,0.068749146,0.068235048,0.9819235,0.19892286,0.89604997,-0.1341559,0.19093775,0.88743865,-0.96119565,-0.80867644,0.9621052,-0.24759022,-0.99209349,-0.36372221,-0.95921019,-0.32816105,0.33048841,-0.95884185,-0.16776924,-0.95884185,-0.99874183,-0.33945076,-0.95508014,10,"standing"
-0.21527995,-0.17747712,0.21904441,-0.19847357,-0.9371842,-0.03103001,0.068750448,0.076124328,0.0725145,0.98210327,0.16973769,0.89611877,-0.24351334,0.30804829,0.88743481,-0.96940866,-0.81227403,0.96213128,-0.37139291,-0.99010748,-0.38182766,-0.97004669,-0.32622716,0.36515582,-0.96864605,-0.32608977,-0.96864605,-0.99919363,-0.39070097,-0.97586523,10,"standing"
-0.21502973,-0.16748604,0.2158646,-0.19377784,-0.94044549,-0.034019171,0.080652961,0.080401404,0.0725145,0.98210327,0.22485144,0.89654019,-0.2808197,0.34154389,0.88829017,-0.98997989,-0.81498352,0.9622909,-0.40310548,-0.98893934,-0.50967339,-0.98759854,-0.32724335,0.50436718,-0.98948587,-0.45096552,-0.98948587,-0.99983752,-0.53293144,-0.96128368,10,"standing"
-0.21494812,-0.16566248,0.21539031,-0.19314798,-0.94087394,-0.033408115,0.080552113,0.079546987,0.071266478,0.98224922,0.18994782,0.89852362,-0.23620942,0.27683305,0.88875811,-0.98726924,-0.81595195,0.96304205,-0.31779387,-0.98919245,-0.47306236,-0.9834573,-0.32979247,0.45124662,-0.98574942,-0.494751,-0.98574942,-0.99975405,-0.46427977,-0.92943435,10,"standing"
-0.21494812,-0.17287989,0.21729326,-0.19594633,-0.93895153,-0.032057222,0.07744127,0.077612579,0.070393707,0.98123961,-0.089034296,0.89785169,-0.2747784,0.29043524,0.88875811,-0.98462864,-0.81411217,0.96278743,-0.30623066,-0.98974372,-0.55015349,-0.9813493,-0.32785172,0.5293421,-0.98354917,-0.54294,-0.98354917,-0.99969823,-0.53857325,-0.95126998,10,"standing"
-0.2176609,-0.17862416,0.22171458,-0.20241315,-0.93441336,-0.030825956,0.07744127,0.075852082,0.06825622,0.98122262,0.053838952,0.89477379,0.28219618,-0.2276059,0.88830878,-0.98199081,-0.80875202,0.96162145,0.17184151,-0.99024501,-0.25282471,-0.97787813,-0.3172366,0.20981861,-0.9786279,-0.36882144,-0.9786279,-0.99955594,-0.21625262,-0.97157909,10,"standing"
-0.22486508,-0.17922577,0.22522696,-0.20760184,-0.93070267,-0.030401396,0.075834584,0.07527107,0.06706731,0.98028647,0.080253146,0.89311194,0.53846872,-0.41993205,0.88648716,-0.98546398,-0.80417418,0.96099154,0.29888067,-0.99040494,-0.10012089,-0.98344535,-0.30590992,0.047824719,-0.98140974,-0.18702253,-0.98140974,-0.99963929,-0.05497505,-0.97794263,10,"standing"
-0.21816336,-0.20436338,0.22372213,-0.20508443,-0.93239033,0.038807461,-0.043495373,-0.024641549,-0.0044031455,0.9798821,-0.086981683,0.89490134,-0.23829633,0.26884649,0.88869291,-0.85240498,-0.81598739,0.96166948,-0.2984371,-0.99746259,-0.68087029,-0.83468223,-0.41668583,0.65399405,-0.76325699,-0.6757193,-0.76325699,-0.96979547,-0.64749094,-0.88580428,10,"standing"
-0.21962877,-0.18767637,0.22757256,-0.21105537,-0.92807421,0.051559936,-0.043495373,-0.043123281,-0.038887535,0.98044713,-0.26928041,0.89601787,-0.29151599,0.29517799,0.88866366,-0.97507193,-0.80690378,0.96209247,-0.29845402,-0.99527526,-0.74249278,-0.97318896,-0.35027319,0.7224651,-0.97412103,-0.86245967,-0.97412103,-0.99940301,-0.71910305,-0.95685398,10,"standing"
-0.23522024,-0.19162334,0.23193143,-0.21776009,-0.92307592,0.052135284,-0.043437511,-0.044047689,-0.051756074,0.9825043,0.28043032,0.89847443,-0.159701,0.21283011,0.88866366,-0.98404901,-0.80057063,0.96302348,-0.26671856,-0.99512054,-0.28469839,-0.98581045,-0.32780538,0.22795285,-0.9825249,-0.15498096,-0.9825249,-0.99967029,-0.21714391,-0.97454011,10,"standing"
-0.23895611,-0.19429348,0.23420765,-0.22109931,-0.92047498,0.052897351,-0.047251569,-0.045157964,-0.051756074,0.98129692,0.5206569,0.89642382,-0.28750468,0.40489492,0.88832282,-0.98321489,-0.79710646,0.96224673,-0.52432622,-0.99489408,-0.30941742,-0.97808806,-0.31726427,0.29920226,-0.97964314,-0.2812466,-0.97964314,-0.99958698,-0.33653278,-0.96561681,10,"standing"
-0.24280822,-0.19475284,0.23591141,-0.22360601,-0.91851004,0.055875906,-0.05030214,-0.049475492,-0.053107365,0.98117331,0.55072954,0.89434787,-0.42650124,0.51844287,0.88751542,-0.98303744,-0.79366572,0.96146009,-0.611929,-0.99397891,-0.40803553,-0.97819557,-0.30043296,0.38446618,-0.98147518,-0.38645262,-0.98147518,-0.99964114,-0.40058904,-0.97336699,10,"standing"
-0.23990894,-0.19475284,0.23456666,-0.22157736,-0.92010074,0.057382867,-0.05030214,-0.051634467,-0.058640581,0.9809482,0.28809825,0.89398069,-0.14891788,0.16670618,0.88672924,-0.99322329,-0.79499012,0.96132094,-0.18437508,-0.99351602,-0.39064877,-0.99137757,-0.30044063,0.33367882,-0.99256846,-0.31925975,-0.99256846,-0.99989684,-0.31512655,-0.98662818,10,"standing"
-0.23990894,-0.1979476,0.23509393,-0.2222499,-0.9195621,0.056809528,-0.049478352,-0.050779599,-0.058229643,0.97940016,0.21731767,0.89184771,-0.33042482,0.34511392,0.88672924,-0.99496271,-0.79446799,0.96051177,-0.35983326,-0.99370932,-0.31874321,-0.99336149,-0.30245454,0.25364175,-0.99369278,-0.32543793,-0.99369278,-0.99991599,-0.2316215,-0.99615776,10,"standing"
-0.24282424,-0.19836893,0.23789295,-0.22635247,-0.91631181,0.056423882,-0.048292211,-0.050233154,-0.058090085,0.97940016,0.28886996,0.88963393,-0.35128497,0.37496496,0.88578426,-0.99627953,-0.79068737,0.95967209,-0.39896556,-0.99383063,-0.20604089,-0.99522538,-0.29438831,0.13506174,-0.99537617,-0.18473196,-0.99537617,-0.99994227,-0.11481116,-0.99575891,10,"standing"
-0.24600031,-0.19836893,0.23788048,-0.22640659,-0.91627199,0.05632711,-0.048042548,-0.050112562,-0.057713503,0.97949742,0.4663298,0.89098631,-0.18941444,0.21107332,0.88594089,-0.99518716,-0.79073996,0.96018525,-0.2328978,-0.9938573,0.074016099,-0.99381555,-0.2935768,-0.17695872,-0.99498261,-0.23510852,-0.99498261,-0.9999363,0.21233577,-0.99543746,10,"standing"
-0.24600031,-0.19906847,0.23829862,-0.22702949,-0.91576789,0.055764538,-0.048042548,-0.049303132,-0.056341929,0.97981049,0.52333386,0.89097363,-0.41672321,0.46617413,0.88594089,-0.98068591,-0.79035509,0.96018046,-0.51542253,-0.99403247,-0.57576187,-0.97626105,-0.29405732,0.55694998,-0.97869494,-0.6250044,-0.97869494,-0.99955749,-0.56630358,-0.96568731,10,"standing"
-0.24879389,-0.19993775,0.23961453,-0.228945,-0.9142225,0.05300186,-0.047165833,-0.045308124,-0.033062697,0.97981049,-0.066057507,0.8903672,-0.098978406,0.20786613,0.88537482,-0.88666046,-0.78944921,0.95995042,-0.31554781,-0.9947894,-0.17564486,-0.90838392,-0.29997282,0.2156206,-0.88095146,-0.47164851,-0.88095146,-0.9917684,-0.31454428,-0.94097898,10,"standing"
0.56323182,0.058726964,-0.27430488,0.48141282,-0.46975998,-0.15515853,0.17128811,0.24230592,0.25132762,0.65689253,-0.96818841,0.2445681,-0.9952479,0.99490033,0.75943611,-0.35675686,-0.4036271,0.68754218,-0.99413684,-0.88787096,-0.99942469,-0.40998078,0.45634551,0.999475,-0.3010212,-0.9321445,-0.3010212,-0.75103207,-0.99956917,-0.99232994,10,"sitting"
0.56323182,0.53666444,-0.3274435,0.55363645,-0.36717656,-0.16259354,0.25429336,0.25617313,0.25132762,0.65689253,-0.72439101,0.14425948,-0.96372744,0.97007261,0.58029486,-0.85000002,-0.32525479,0.64145539,-0.97613924,-0.87581592,-0.93622471,-0.88885307,0.60090913,0.93988584,-0.85551245,-0.85880569,-0.85551245,-0.98819441,-0.9482223,-0.9877084,10,"sitting"
0.49978337,0.53666444,-0.30925726,0.52528527,-0.43037456,-0.16244035,0.25429336,0.25292154,0.24392601,0.66627355,-0.032246598,0.16018183,-0.78688028,0.78627682,0.57776752,-0.98530817,-0.35060297,0.64921849,-0.78536305,-0.87904884,-0.96758887,-0.9856891,0.53015773,0.96942725,-0.98620231,-0.42882785,-0.98620231,-0.99976504,-0.97365111,-0.99284333,10,"sitting"
0.49046344,0.54033438,-0.31151534,0.52973764,-0.42104782,-0.16300601,0.25494152,0.25448789,0.24576925,0.67542375,-0.17638071,0.16167907,-0.28773422,0.30354564,0.57776752,-0.99787108,-0.34708959,0.6499472,-0.31962363,-0.87750987,-0.69612259,-0.99660758,0.54783533,0.66903936,-0.99840466,-0.1704108,-0.99840466,-0.99998245,-0.66139117,-0.99472479,10,"sitting"
0.49046344,0.54814248,-0.31227112,0.53084611,-0.41871827,-0.16402918,0.2567819,0.25596282,0.24590774,0.67542375,-0.25067877,0.15954453,-0.39306088,0.41450387,0.57650613,-0.99910214,-0.34533616,0.64891383,-0.43626849,-0.87605591,-0.35591748,-0.99814362,0.55279951,0.30257547,-0.99939481,-0.004909542,-0.99939481,-0.99999343,-0.29040869,-0.99866246,10,"sitting"
0.4895982,0.54814248,-0.31180583,0.52997734,-0.42055829,-0.1637935,0.25698114,0.25550111,0.24590774,0.6754241,-0.24526996,0.15960034,-0.42232095,0.44036922,0.57597316,-0.99740687,-0.34614317,0.64894091,-0.45820696,-0.87651217,-0.25763024,-0.99596482,0.54925862,0.19557457,-0.9974274,-0.46734327,-0.9974274,-0.9999705,-0.18110903,-0.99909875,10,"sitting"
0.48954325,0.54791592,-0.31192425,0.53021419,-0.42005724,-0.16320809,0.25698114,0.25475606,0.24420062,0.67574268,-0.30643946,0.16042321,-0.43428441,0.44233344,0.57714661,-0.9964433,-0.34638425,0.64933944,-0.4501642,-0.87724906,0.0010852688,-0.99487295,0.54867731,-0.090763318,-0.99679761,-0.47826678,-0.99679761,-0.99996184,0.11676648,-0.99916354,10,"sitting"
0.48954325,0.54754171,-0.31142035,0.52954347,-0.42147441,-0.16328066,0.25707614,0.25482109,0.2444767,0.67570182,-0.29668288,0.16123339,-0.44967616,0.45451046,0.57718752,-0.99799909,-0.34703131,0.64973169,-0.45921477,-0.87718495,-0.20216769,-0.99684297,0.54778393,0.13463768,-0.99861557,-0.30220845,-0.99861557,-0.99998454,-0.11792778,-0.99916065,10,"sitting"
0.48892844,0.54754171,-0.31143895,0.52947111,-0.42162799,-0.16364814,0.25707614,0.25527318,0.24505073,0.6752337,-0.29638307,0.16035078,-0.38340368,0.38268639,0.57718752,-0.99914657,-0.34675135,0.64930418,-0.38168083,-0.87673844,-0.36826106,-0.99856378,0.54797338,0.32019576,-0.99990297,-0.32394007,-0.99990297,-0.99999901,-0.31252327,-0.99784895,10,"sitting"
0.48892844,0.54775272,-0.31141508,0.52959908,-0.42135788,-0.16379398,0.25746149,0.25554097,0.24556969,0.6752337,-0.21325605,0.16089639,-0.51797297,0.52283222,0.57723124,-0.99634701,-0.34668334,0.64956831,-0.52738429,-0.87647404,-0.30043764,-0.99499533,0.54954435,0.24059637,-0.99715318,-0.34329108,-0.99715318,-0.99996695,-0.22524786,-0.99841184,10,"sitting"
0.48831574,0.54775272,-0.31094541,0.52916344,-0.42227868,-0.16456117,0.25746149,0.25663083,0.24743241,0.67614362,-0.097328945,0.16161794,-0.50585198,0.52237601,0.57723124,-0.995594,-0.3468002,0.64991789,-0.53886614,-0.87539098,-0.29511863,-0.9940843,0.55194574,0.24128477,-0.99523606,-0.16679898,-0.99523606,-0.99994018,-0.2326098,-0.99901065,10,"sitting"
0.48801211,0.54692152,-0.31076799,0.52877571,-0.42309651,-0.16511998,0.25884284,0.25730235,0.24743241,0.6759168,-0.35748566,0.16061898,-0.52077636,0.53484023,0.57670333,-0.99516039,-0.34665619,0.64943434,-0.54878711,-0.874726,-0.21225845,-0.99391946,0.55175731,0.14758875,-0.99548795,-0.07186875,-0.99548795,-0.9999439,-0.13300035,-0.99895835,10,"sitting"
0.26380738,0.089815596,-0.038573554,0.17782254,-0.91201408,-0.076444647,0.11266411,0.13995978,0.2413506,0.83334846,-0.84458776,0.82388773,-0.97811448,0.98146292,0.93281943,-0.52724317,-0.76658863,0.93349791,-0.98447266,-0.96103916,-0.95460656,-0.72449948,-0.16860683,0.95741799,-0.55031896,-0.91933775,-0.55031896,-0.8953461,-0.96357395,-0.96182848,10,"sitting"
0.26380738,0.18277165,-0.10304,0.26657024,-0.84136447,-0.062471374,0.11266411,0.11902743,0.11943958,0.89064581,-0.95710974,0.71594999,-0.95810781,0.95788753,0.8944024,-0.86623896,-0.6921293,0.89191824,-0.95727548,-0.9744702,-0.98971877,-0.86111521,-0.063490144,0.98809495,-0.85966619,-0.86563034,-0.85966619,-0.98882143,-0.98708003,-0.95380491,10,"sitting"
0.26358955,0.2813047,-0.10562088,0.26995031,-0.8396178,-0.068601759,0.12112026,0.12755995,0.12121415,0.89064581,-0.94509667,0.70565197,-0.92606562,0.92674489,0.82268892,-0.94340421,-0.68529842,0.8880195,-0.92704742,-0.9705735,-0.94464171,-0.94848143,-0.039008718,0.94103873,-0.94431879,-0.68945381,-0.94431879,-0.99789744,-0.94105135,-0.96797842,10,"sitting"
0.23488297,0.2813047,-0.10054557,0.26347193,-0.84705075,-0.071166543,0.13198361,0.13141447,0.12362141,0.90961583,-0.15792416,0.71825762,-0.86799151,0.87145475,0.82268892,-0.99375224,-0.69064497,0.89307908,-0.87458106,-0.96870018,-0.87568467,-0.99150824,-0.036572695,0.87540813,-0.99418164,-0.51344383,-0.99418164,-0.99992381,-0.88372276,-0.98337518,10,"sitting"
0.23729168,0.28658545,-0.10482789,0.26906743,-0.84092686,-0.072073504,0.1335251,0.13252962,0.12362141,0.90881687,-0.37163093,0.70715107,-0.38565336,0.38693438,0.81890497,-0.99659724,-0.68438646,0.888654,-0.38827456,-0.96814727,-0.12403255,-0.99519356,-0.026906878,0.054304203,-0.99624008,-0.1859113,-0.99624008,-0.99995425,-0.041229284,-0.99401797,10,"sitting"
0.23729168,0.29148531,-0.10608737,0.27071153,-0.8391106,-0.071638329,0.13352465,0.1318729,0.12329029,0.90881687,-0.22145423,0.70434912,-0.36536972,0.37729257,0.81395822,-0.99792358,-0.68294922,0.88753593,-0.38916223,-0.96847672,0.022345343,-0.99657448,-0.026346935,-0.11767057,-0.99699065,0.11472443,-0.99699065,-0.99996474,0.14815101,-0.99789123,10,"sitting"
0.2371547,0.29144792,-0.10553965,0.26996103,-0.83994598,-0.071712397,0.13352465,0.131981,0.12261324,0.90885091,-0.35485637,0.70521613,-0.29899421,0.30855515,0.81395822,-0.99318463,-0.68364128,0.88788238,-0.31805856,-0.96842315,-0.28295052,-0.99145124,-0.027429949,0.22158184,-0.99287518,-0.17657668,-0.99287518,-0.99990211,-0.20601332,-0.99685768,10,"sitting"
0.23698708,0.29144792,-0.10602536,0.27064051,-0.83918965,-0.071250038,0.13249122,0.13133423,0.12261324,0.90888456,-0.3608364,0.70486086,-0.29355096,0.29984905,0.81395767,-0.99267237,-0.68325526,0.88774044,-0.30583511,-0.96874415,-0.33816042,-0.99129249,-0.027585895,0.28391097,-0.99268036,-0.34609625,-0.99268036,-0.99989879,-0.27190484,-0.99927435,10,"sitting"
0.23877004,0.29406906,-0.10685952,0.27182208,-0.83787235,-0.070314065,0.13156572,0.13003033,0.12147534,0.90857787,-0.31280692,0.70450655,-0.33953723,0.35311896,0.81350738,-0.99509477,-0.68266727,0.88759888,-0.36666914,-0.96939041,-0.14987935,-0.99322777,-0.028133512,0.077048352,-0.99522735,-0.40160194,-0.99522735,-0.99993997,-0.058463443,-0.99952421,10,"sitting"
0.24007346,0.29406906,-0.1079253,0.27326293,-0.83625433,-0.069953828,0.13136368,0.12950864,0.12067154,0.90768538,-0.45112907,0.7027248,-0.29295696,0.3073711,0.81350051,-0.99465618,-0.68143578,0.88688651,-0.32183491,-0.96964678,-0.15212256,-0.99127988,-0.026984582,0.08237545,-0.99347692,-0.29323911,-0.99347692,-0.99991218,-0.066845547,-0.99804248,10,"sitting"
0.24007346,0.29563055,-0.10830179,0.27377514,-0.83568023,-0.070280401,0.13136368,0.1299632,0.12089848,0.90768538,-0.35498712,0.70185315,-0.35167858,0.36188004,0.8126376,-0.99360094,-0.68074503,0.8865381,-0.37185289,-0.96942299,-0.29662433,-0.99081044,-0.025048955,0.24140746,-0.99245486,-0.025000242,-0.99245486,-0.99989475,-0.23106988,-0.9975304,10,"sitting"
0.24002544,0.29563055,-0.10823794,0.27374902,-0.83570967,-0.070465994,0.13232937,0.13025048,0.12089848,0.90793667,-0.13611212,0.70256021,-0.39604309,0.41312195,0.8126376,-0.98743068,-0.68072642,0.8868209,-0.43004437,-0.96928235,-0.49775642,-0.98501006,-0.023808478,0.46012144,-0.98750335,-0.50663679,-0.98750335,-0.99979521,-0.45469302,-0.99480419,10,"sitting"
0.8864349,0.94476256,-0.7777778,0.93596758,0.7559015,-0.21525692,0.30555756,0.3271962,0.34196057,-0.63699754,-0.1189753,-0.98360551,-0.77054056,0.77147192,-0.46154503,-0.54071254,0.64427144,-0.5471503,-0.77210814,-0.79487685,-0.080213621,-0.62722695,-0.10035436,0.053405761,-0.53300423,-0.49458428,-0.53300423,-0.88731454,-0.087251442,-0.91749626,10,"laying"
0.88908979,0.94718806,-0.79214832,0.93810654,0.76379454,-0.20197215,0.30542537,0.30810636,0.31490397,-0.49358085,0.20916079,-0.99648103,-0.97072835,0.97459899,-0.46150193,-0.89559312,0.55769588,-0.4262513,-0.97813619,-0.81897371,-0.095186199,-0.87067907,-0.25059725,0.033308878,-0.87328087,-0.58693272,-0.87328087,-0.99075644,-0.030136655,-0.97908815,10,"laying"
0.88908979,0.9515682,-0.79347578,0.94078964,0.77369183,-0.20017054,0.30542537,0.30636587,0.29728159,-0.38227263,-0.023640867,-0.99706488,-0.8785629,0.87903447,-0.46150193,-0.96491746,0.55323557,-0.41992019,-0.87914586,-0.82111554,-0.32389555,-0.96935856,-0.25457454,0.27697977,-0.96646361,-0.64310525,-0.96646361,-0.99910109,-0.27397647,-0.98410586,10,"laying"
0.88887029,0.95372458,-0.79430274,0.94102295,0.77455423,-0.19990755,0.30620303,0.30597696,0.29728159,-0.38227263,0.077442552,-0.99809891,-0.78327613,0.78795183,-0.49459952,-0.99342478,0.55992518,-0.4292608,-0.79226835,-0.82157829,-0.23506369,-0.9908128,-0.27294156,0.21741879,-0.99180803,-0.33304225,-0.99180803,-0.99988309,-0.25171888,-0.9962274,10,"laying"
0.88889016,0.95386416,-0.79509918,0.94125278,0.7754047,-0.19892976,0.30620303,0.30463482,0.29422908,-0.3789872,-0.16264657,-0.99789793,-0.29807862,0.30679681,-0.49459952,-0.99529744,0.55819693,-0.42685454,-0.31556888,-0.82317602,-0.11052819,-0.9938795,-0.27127665,0.11988931,-0.99424627,-0.24315135,-0.99424627,-0.99992494,-0.19143824,-0.99888133,10,"laying"
0.88937562,0.95427013,-0.7951291,0.94145301,0.77614596,-0.1988887,0.30622029,0.30463832,0.2941339,-0.37656791,-0.40287214,-0.99788376,-0.23694775,0.35782237,-0.49467047,-0.99604792,0.55808412,-0.42668777,-0.48062198,-0.82317198,-0.1001575,-0.99477396,-0.27040285,0.084059012,-0.99619252,-0.2918615,-0.99619252,-0.99995399,-0.12903517,-0.9990225,10,"laying"
0.88937562,0.95430362,-0.79487343,0.94168192,0.77699347,-0.19918741,0.30622029,0.30514339,0.29618555,-0.37719466,-0.36183599,-0.9979267,-0.3432307,0.43905596,-0.49491176,-0.99686955,0.5584481,-0.427179,-0.53635549,-0.82257178,0.091100764,-0.99636566,-0.26937627,-0.10894083,-0.99681894,-0.307156,-0.99681894,-0.99996249,0.052101349,-0.99707675,10,"laying"
0.88937447,0.95456243,-0.79405695,0.94172507,0.7771532,-0.20006641,0.30684534,0.30644227,0.29627414,-0.37719466,-0.22680137,-0.99796133,-0.35839156,0.44140498,-0.49550916,-0.99696975,0.55874585,-0.42757555,-0.52551063,-0.82103069,-0.12623833,-0.99565205,-0.26655093,0.10211631,-0.99612096,-0.026575739,-0.99612096,-0.99995299,-0.13594107,-0.99773157,10,"laying"
0.88927056,0.95379889,-0.79470204,0.94131723,0.77564353,-0.19941368,0.30622132,0.30535511,0.29627414,-0.37932314,-0.052949232,-0.99799464,-0.21977619,0.24101779,-0.49572274,-0.99741273,0.55900253,-0.42796722,-0.26264843,-0.82231921,-0.24261971,-0.99614454,-0.27131658,0.20581935,-0.99622376,-0.079399586,-0.99622376,-0.99995439,-0.21881656,-0.99883889,10,"laying"
0.88907535,0.95379889,-0.79572431,0.94107834,0.77475919,-0.1984141,0.30570723,0.30380829,0.29332735,-0.3796998,0.15093783,-0.99809478,-0.25749104,0.26458045,-0.49574349,-0.99945131,0.55983051,-0.42915458,-0.27161699,-0.82415293,0.054259896,-0.99902267,-0.27838175,-0.11483176,-0.99921132,-0.27895178,-0.99921132,-0.99999167,0.10603484,-0.99866771,10,"laying"
0.88921929,0.95389534,-0.79621568,0.94144728,0.7761248,-0.19791698,0.30493793,0.30319328,0.29268376,-0.3796998,-0.35776219,-0.99811795,-0.48928619,0.49874486,-0.4968783,-0.9947694,0.56003029,-0.42942554,-0.50793939,-0.82487716,-0.017249433,-0.9942972,-0.27954424,0.10540351,-0.9950084,-0.10294081,-0.9950084,-0.99993664,-0.26831989,-0.99862761,10,"laying"
0.88921929,0.95439465,-0.79603962,0.94163721,0.77682789,-0.19815688,0.30493793,0.30359638,0.29422102,-0.38170841,-0.52229802,-0.99819416,-0.48444088,0.4919393,-0.4968783,-0.99466397,0.56071905,-0.43037411,-0.49924362,-0.82440067,0.1285297,-0.99325027,-0.27977538,-0.020504923,-0.99395571,0.044344379,-0.99395571,-0.9999201,-0.17346513,-0.99871838,10,"laying"
0.88921725,0.95421306,-0.79526666,0.94143684,0.77608606,-0.1990075,0.30537591,0.30477421,0.29433143,-0.38170841,-0.35597036,-0.99825599,-0.49679353,0.50369703,-0.49775556,-0.99696076,0.5612611,-0.43112474,-0.5104444,-0.82301063,-0.0087181298,-0.99639282,-0.2786157,-0.020853084,-0.99558121,-0.065822413,-0.99558121,-0.99994496,-0.016431648,-0.99883387,10,"laying"
0.88986742,0.95421306,-0.79594826,0.9417089,0.77709372,-0.19825925,0.30450598,0.30376767,0.29433143,-0.38134552,-0.38951089,-0.99820514,-0.45779411,0.47323426,-0.49775556,-0.99552243,0.56080537,-0.43048947,-0.48884856,-0.82419693,-0.12315343,-0.9946358,-0.27934486,0.11185924,-0.99408783,-0.13645216,-0.99408783,-0.99992211,-0.16084416,-0.99923261,10,"laying"
0.89000883,0.95477493,-0.79621081,0.94226951,0.77917001,-0.19808533,0.30450598,0.30367448,0.29557154,-0.38558287,-0.24293454,-0.99834258,-0.28841472,0.31505679,-0.4977949,-0.99460256,0.56208471,-0.43225488,-0.3423497,-0.82430576,-0.055009398,-0.99204632,-0.28146624,0.068373625,-0.99322242,-0.045323266,-0.99322242,-0.99990802,-0.14852,-0.99838671,10,"laying"
0.65185527,0.29687315,-0.30063816,0.49067623,-0.45266212,0.74971867,-0.98993601,-0.80772951,-0.56953905,-0.57183886,0.55640767,-0.97601094,-0.95630985,0.96743404,-0.11356403,0.10610678,0.61302562,-0.50179878,-0.97834895,0.35488968,-0.960777,-0.16159318,0.054141803,0.95830996,0.13024901,-0.82931138,0.13024901,-0.35621364,-0.95840931,-0.50705079,10,"laying"
0.44279038,0.27087116,-0.12835169,0.30081503,-0.79641619,0.92300134,-0.99111803,-0.96828822,-0.83956853,-0.57183886,-0.11634105,-0.98963949,-0.95203054,0.95857949,-0.6154744,-0.79944976,0.66500235,-0.57671933,-0.96484118,0.8789228,-0.97571493,-0.83149598,-0.10289947,0.97655501,-0.79075499,-0.93697647,-0.79075499,-0.9761967,-0.97914948,-0.71614456,10,"laying"
0.238363,0.26835356,-0.091846264,0.2512996,-0.85991716,0.962318,-0.99111803,-0.98822336,-0.98640707,-0.51734752,0.5315357,-0.99355052,-0.90661212,0.91119113,-0.6154744,-0.97831785,0.65156494,-0.55812944,-0.91544854,0.95345127,-0.92579102,-0.97297656,-0.21984346,0.92379112,-0.96281833,-0.28699827,-0.96281833,-0.99893156,-0.92683895,-0.95031698,10,"laying"
0.22066124,0.26835356,-0.091333612,0.24995298,-0.86138302,0.96163559,-0.98346061,-0.9856298,-0.98640707,-0.51791423,-0.24110545,-0.99199268,-0.2719045,0.26735981,-0.62336686,-0.96849494,0.65869032,-0.56795734,-0.26283821,0.94324725,-0.58022771,-0.96794845,-0.21153206,0.54139644,-0.95943041,0.38282063,-0.95943041,-0.9987665,-0.52905528,-0.96328682,10,"laying"
0.22094858,0.27283077,-0.093338546,0.25328251,-0.85794398,0.95933518,-0.98495063,-0.98669623,-0.98641208,-0.51791423,0.15233079,-0.99160725,-0.64697427,0.66015935,-0.63681581,-0.96334397,0.66021314,-0.57028749,-0.67301302,0.9474329,-0.87416656,-0.96502738,-0.19516005,0.87077516,-0.96407336,-0.33818194,-0.96407336,-0.99899477,-0.87588172,-0.97658597,10,"laying"
0.24716674,0.27550855,-0.098444885,0.26056713,-0.85003901,0.95437539,-0.98495063,-0.98532085,-0.97893135,-0.51628621,0.22845603,-0.99188765,-0.39069965,0.40725007,-0.63431672,-0.94206804,0.65903101,-0.5686769,-0.42406051,0.94205757,-0.89900692,-0.96815025,-0.18215,0.88903327,-0.94860446,-0.38408321,-0.94860446,-0.99816851,-0.88544972,-0.94433952,10,"laying"
0.25001378,0.27851313,-0.10846876,0.27439103,-0.83482121,0.94439821,-0.98455078,-0.98083875,-0.97806477,-0.51543615,0.48954983,-0.9921782,-0.32896923,0.33707809,-0.6334624,-0.95122345,0.65785215,-0.56697687,-0.34530108,0.92453024,-0.55856854,-0.97003424,-0.15985513,0.51279255,-0.95688859,-0.13665646,-0.95688859,-0.99864045,-0.49473703,-0.97546904,10,"laying"
0.25001378,0.26412529,-0.10273888,0.26653744,-0.84324984,0.95025074,-0.98829817,-0.98362272,-0.97806477,-0.5147493,0.054063117,-0.99221629,-0.39781394,0.41442103,-0.6334624,-0.95549163,0.65767006,-0.56675464,-0.43119387,0.93544292,-0.6352564,-0.97243412,-0.17417084,0.59718935,-0.96006539,-0.45860236,-0.96006539,-0.99880342,-0.58201981,-0.96435307,10,"laying"
0.23424253,0.26370748,-0.088612677,0.24701937,-0.86429834,0.9644247,-0.98829817,-0.98993416,-0.98443188,-0.51502166,0.010186983,-0.99201032,-0.40016863,0.4235073,-0.63409617,-0.96690322,0.65848086,-0.5679661,-0.44711717,0.96017081,-0.79304449,-0.96830508,-0.20798023,0.77259826,-0.96615151,-0.3168663,-0.96615151,-0.99908754,-0.76524453,-0.97870824,10,"laying"
0.20879662,0.26134088,-0.084575217,0.24119219,-0.87031985,0.96849002,-0.98828737,-0.99081786,-0.99073801,-0.51502166,0.13994448,-0.99200278,-0.39144065,0.41705441,-0.63487406,-0.98956507,0.6585558,-0.56801102,-0.44261224,0.96364253,-0.77198631,-0.98621282,-0.22135691,0.76334149,-0.9870862,0.16364335,-0.9870862,-0.99978574,-0.76986715,-0.98632628,10,"laying"
0.20871173,0.26029009,-0.083275191,0.23902087,-0.87247815,0.96988814,-0.98804842,-0.989987,-0.99047329,-0.51434643,0.10417844,-0.9921368,-0.25665994,0.34386096,-0.63418195,-0.99524167,0.65808839,-0.56722637,-0.43277874,0.96036877,-0.57868927,-0.99484315,-0.23098234,0.54202856,-0.99342816,-0.0088972245,-0.99342816,-0.99991098,-0.53226601,-0.98880438,10,"laying"
0.20411849,0.25972419,-0.082157902,0.23733964,-0.87414791,0.97112496,-0.98826576,-0.98998984,-0.99046394,-0.51353918,-0.13897111,-0.9922853,-0.19080069,0.26902267,-0.63262373,-0.99628626,0.65749363,-0.56634705,-0.34896099,0.96038014,-0.53925419,-0.99518484,-0.23723118,0.50720685,-0.99377266,-0.087032724,-0.99377266,-0.99991641,-0.50473934,-0.99042635,10,"laying"
0.20572355,0.25914981,-0.081862791,0.23709298,-0.87438954,0.97157041,-0.98859671,-0.99080394,-0.99046394,-0.5128517,-0.15047293,-0.99246656,-0.38998793,0.42326851,-0.63223612,-0.99393381,0.65668232,-0.56526411,-0.45703849,0.96358797,-0.38124999,-0.99266539,-0.23780812,0.32345739,-0.99316946,-0.24156964,-0.99316946,-0.99990717,-0.30481155,-0.98489791,10,"laying"
0.20871489,0.25914981,-0.083425175,0.23928367,-0.87221138,0.97004353,-0.98859671,-0.99024868,-0.98982104,-0.51144115,0.041061857,-0.99253469,-0.3702931,0.40343929,-0.63223612,-0.99351975,0.65639194,-0.56485571,-0.43625732,0.96140165,-0.40667935,-0.99224938,-0.23412808,0.34984201,-0.99274106,-0.10673983,-0.99274106,-0.99989975,-0.33034919,-0.98345958,10,"laying"
0.20871489,0.25686607,-0.083516245,0.23930216,-0.87218962,0.96993795,-0.98825595,-0.98978783,-0.98982104,-0.51144223,-0.29042148,-0.9925234,-0.31273459,0.3475,-0.63230072,-0.99412333,0.65646753,-0.56492395,-0.38145744,0.95958565,-0.36040311,-0.99430121,-0.23517806,0.29685959,-0.9931895,0.076466943,-0.9931895,-0.99990744,-0.27366181,-0.99367599,10,"laying"
0.20686836,0.25615693,-0.08037732,0.23494016,-0.87648984,0.97311314,-0.9888418,-0.99108979,-0.99016609,-0.51177226,0.29082656,-0.99252555,-0.29370345,0.40384463,-0.63230072,-0.91374528,0.65644936,-0.56491079,-0.51549807,0.96471512,-0.52154539,-0.89357892,-0.24356996,0.54383919,-0.88895144,0.064727192,-0.88895144,-0.99276141,-0.60115487,-0.95058898,10,"laying"
-0.2038748,-0.19578074,0.22353375,-0.20401678,-0.93284761,-0.0089594287,0.035749214,0.044092625,0.052505518,0.95644114,-0.05579614,0.87818702,-0.51841055,0.59031527,0.90216388,-0.29835774,-0.81478789,0.95524463,-0.66283533,-0.99698617,-0.10462786,-0.17563027,-0.41000749,0.085663375,-0.15775954,-0.20063921,-0.15775954,-0.64037606,-0.1270265,-0.38899964,10,"walking"
-0.22056923,-0.19671955,0.23540093,-0.22135477,-0.92021306,-0.008890779,0.035749214,0.044034754,0.041464473,0.95644114,-0.17346935,0.86993726,-0.52286497,0.60729568,0.90413491,-0.33179363,-0.79791998,0.95210821,-0.69245126,-0.99702234,-0.01932542,-0.14144448,-0.36910996,0.027116147,-0.1616678,0.058348869,-0.1616678,-0.64347358,-0.10246094,-0.45588603,10,"walking"
-0.23422704,-0.19671955,0.23511902,-0.22295646,-0.91900629,-0.007386476,0.034129,0.042231721,0.041464473,0.96435186,-0.11806893,0.90766346,-0.47497254,0.56989956,0.90413491,-0.39775608,-0.79870271,0.96645901,-0.66555198,-0.99728896,0.24735257,-0.20129386,-0.34198251,-0.22220421,-0.17724567,0.15182946,-0.17724567,-0.65644253,0.11434874,-0.3794787,10,"walking"
-0.22444554,-0.19472401,0.22968865,-0.21409038,-0.92577601,-0.0032583977,0.031751777,0.036091751,0.034374886,0.97052928,-0.19395194,0.89574839,-0.40829728,0.50052337,0.90411963,-0.42082481,-0.80742073,0.96195554,-0.59180646,-0.99812738,0.14270659,-0.25986136,-0.39112572,-0.097641684,-0.19030764,0.44671885,-0.19030764,-0.66731385,-0.026660891,-0.29143845,10,"walking"
-0.21968805,-0.18214736,0.2230453,-0.20312898,-0.93390096,-0.0020609639,0.031751777,0.034159886,0.031268191,0.97052928,-0.28649963,0.87596187,-0.29595887,0.38798752,0.88411145,-0.40546983,-0.81719433,0.95447097,-0.47643009,-0.99837073,0.28136421,-0.2872114,-0.4404471,-0.23055873,-0.18882187,0.4105296,-0.18882187,-0.66609997,0.093236623,-0.35622968,10,"walking"
-0.21968805,-0.17557092,0.22184544,-0.20102058,-0.93542369,-0.0030065963,0.032491181,0.035455193,0.032060619,0.96287226,-0.37157102,0.86931922,-0.31460362,0.40264787,0.88411145,-0.48944348,-0.81870579,0.95193366,-0.48752813,-0.99821544,0.4493337,-0.30439559,-0.44759066,-0.43037031,-0.27192077,0.26234501,-0.27192077,-0.73009932,0.3190763,-0.65170151,10,"walking"
-0.22088486,-0.19215787,0.22670967,-0.207792,-0.9304927,-0.0053213298,0.033395754,0.038727673,0.036184043,0.96287226,-0.24929693,0.85953157,-0.33550123,0.42627883,0.87913571,-0.41348534,-0.81121372,0.9481979,-0.51374575,-0.99779976,0.03395004,-0.20381733,-0.42764143,0.0013335841,-0.23202745,0.58434469,-0.23202745,-0.70014703,-0.10744091,-0.36027159,10,"walking"
-0.22529653,-0.19582101,0.2335476,-0.21847727,-0.92242993,-0.0082131687,0.038835469,0.04302283,0.042084275,0.96293781,-0.26027269,0.86807602,-0.33280402,0.41377096,0.88812501,-0.39445648,-0.80073685,0.95145873,-0.49095554,-0.99719461,0.17691135,-0.23787666,-0.38087699,-0.14349338,-0.193595,0.64113009,-0.193595,-0.66983197,0.029008962,-0.32703314,10,"walking"
-0.22535961,-0.19582101,0.23203005,-0.21714548,-0.92342254,-0.0097907112,0.041341617,0.045458852,0.042084275,0.97019629,-0.19682725,0.88554,-0.33583276,0.42208207,0.8890432,-0.34148891,-0.80247919,0.95811086,-0.50422327,-0.99682952,0.3245008,-0.24360237,-0.36519279,-0.3481073,-0.16847488,0.533431,-0.16847488,-0.64927834,0.28440735,-0.4747067,10,"walking"
-0.22535961,-0.19713146,0.23067953,-0.21541495,-0.92476132,-0.0083385226,0.034660776,0.043408276,0.041611241,0.97762383,0.032118464,0.89155498,-0.17301958,0.28100684,0.8890432,-0.35079068,-0.80479171,0.9604,-0.3815963,-0.99712119,0.26288949,-0.19233702,-0.37096961,-0.27239514,-0.1150333,0.018950039,-0.1150333,-0.6033153,0.19623064,-0.30574998,10,"walking"
-0.23184295,-0.19713146,0.2340924,-0.22050006,-0.92092199,-0.0061673038,0.034660776,0.040297524,0.038330616,0.97762383,-0.0083885844,0.89090669,-0.17599141,0.27087962,0.88896004,-0.39557984,-0.80046324,0.96015409,-0.35846855,-0.99758412,0.025896901,-0.22128143,-0.36594543,-0.018383954,-0.17228644,0.049444074,-0.17228644,-0.65205783,-0.058836127,-0.28583915,10,"walking"
-0.23880247,-0.19511477,0.2332061,-0.21965641,-0.92160762,-0.0072538489,0.036659467,0.041946722,0.040763531,0.97822806,-0.14144121,0.89998123,-0.32914046,0.41220114,0.8941747,-0.38379599,-0.80146607,0.96359035,-0.49032594,-0.99736641,0.20164347,-0.25864573,-0.35722199,-0.18503319,-0.26493413,0.24058495,-0.26493413,-0.72479416,0.091298484,-0.33472895,10,"walking"
-0.22616564,-0.19118188,0.23058145,-0.21592044,-0.9244504,-0.0095658873,0.042433997,0.045309872,0.041285427,0.98199994,-0.17376097,0.90386185,-0.31219477,0.3942358,0.8941747,-0.37799349,-0.80460131,0.96506064,-0.47107616,-0.99686489,0.23043122,-0.20430134,-0.35555359,-0.1759969,-0.20058804,0.37731003,-0.20058804,-0.67553043,0.037041158,-0.39786486,10,"walking"
-0.22107609,-0.18930094,0.22475291,-0.207336,-0.93082061,-0.0094089586,0.041488329,0.045062541,0.041285427,0.98185791,-0.19314056,0.90798101,-0.38678172,0.45711523,0.89888912,-0.35411457,-0.81292877,0.96661369,-0.52410335,-0.99690133,0.15755623,-0.20478463,-0.37654007,-0.09309794,-0.17044017,0.56830916,-0.17044017,-0.65098864,-0.054191534,-0.38693838,10,"walking"
-0.19961849,-0.21015065,0.21748513,-0.19590878,-0.93852177,0.0060034296,-0.022239298,0.022667399,0.044431218,0.97761999,-0.11957237,0.89958806,-0.45083025,0.52023216,0.89705996,-0.46015276,-0.82658758,0.96343806,-0.58884722,-0.99788494,-0.28803237,-0.33602384,-0.43896491,0.29155765,-0.31569512,-0.56269654,-0.31569512,-0.7612837,-0.34489355,-0.3828385,10,"walking"
-0.20192166,-0.17713462,0.21854621,-0.19762671,-0.93770384,-0.009132809,0.03498172,0.044519699,0.044431218,0.97761999,-0.10443348,0.90015123,-0.31553141,0.40237999,0.89462285,-0.45505472,-0.82181601,0.96365321,-0.48524913,-0.99693941,-0.13997475,-0.30148369,-0.4100501,0.1896385,-0.31061015,-0.23633728,-0.31061015,-0.75763606,-0.30157523,-0.27973153,10,"walking"
-0.21397944,-0.17713462,0.2186709,-0.1978858,-0.93758513,-0.007424273,0.037738328,0.042071414,0.038147244,0.97833371,-0.20526089,0.90200335,-0.24615308,0.35037428,0.89462285,-0.34244431,-0.82212753,0.96435566,-0.45021657,-0.99734294,0.22852942,-0.24649792,-0.41453773,-0.19716275,-0.16408049,0.27882663,-0.16408049,-0.64565649,0.084648551,-0.33599097,10,"walking"
-0.21397944,-0.18259149,0.22029591,-0.20010953,-0.9359856,-0.0060920458,0.036098898,0.040122749,0.036600943,0.97833371,-0.32908926,0.89777472,-0.306598,0.40432952,0.89234074,-0.36179197,-0.82017203,0.96275688,-0.49854363,-0.99761495,0.18382332,-0.22237041,-0.41678027,-0.15211662,-0.14567648,0.16798127,-0.14567648,-0.63007022,0.040072285,-0.31801023,10,"walking"
-0.22054113,-0.18957074,0.22765273,-0.21170506,-0.92759589,-0.0027851034,0.028698123,0.035496062,0.035903561,0.98144271,-0.21225576,0.9090866,-0.42620482,0.51332456,0.89869486,-0.41043308,-0.81043877,0.96703147,-0.5979675,-0.99817386,0.16511064,-0.29410894,-0.38943433,-0.11050073,-0.23967641,-0.019346492,-0.23967641,-0.70615014,-0.025170185,-0.39024564,10,"walking"
-0.22391912,-0.18957074,0.22925155,-0.21398592,-0.92591675,-0.004070483,0.028698123,0.037350772,0.042768248,0.97068212,-0.24486386,0.90630885,-0.44585901,0.52825919,0.89869486,-0.44566011,-0.80786883,0.96597702,-0.60964366,-0.997904,0.13585395,-0.22920507,-0.38031212,-0.082058456,-0.22459454,-0.097316216,-0.22459454,-0.69441105,-0.051010097,-0.35440385,10,"walking"
-0.21862901,-0.18856972,0.2246614,-0.20566217,-0.93203954,-0.0096383903,0.040445816,0.045070653,0.042768248,0.96528902,-0.24360031,0.8771086,-0.4622348,0.54889524,0.89182092,-0.44327303,-0.8129931,0.95489057,-0.6346289,-0.99688137,-0.014690755,-0.24624257,-0.40360672,0.065977716,-0.23513535,-0.22665761,-0.23513535,-0.70262201,-0.18754806,-0.25043364,10,"walking"
-0.21862901,-0.19276466,0.22717995,-0.20878059,-0.92969615,-0.0081039642,0.037680649,0.042766547,0.042420825,0.96528902,-0.21623612,0.86466939,-0.38161392,0.48384575,0.8800221,-0.48813452,-0.80983762,0.95016287,-0.58317972,-0.99722533,-0.10762344,-0.3203384,-0.41038611,0.14674494,-0.29624547,-0.029969178,-0.29624547,-0.7477234,-0.24879737,-0.29984423,10,"walking"
-0.2313948,-0.19462647,0.23439535,-0.2199052,-0.92139307,-0.0064953799,0.037680649,0.04059229,0.039307118,0.96896396,-0.27155697,0.87129971,-0.3268764,0.44554185,0.8836998,-0.43385277,-0.79995238,0.95269452,-0.56104577,-0.99755058,0.083021297,-0.28340231,-0.38111752,-0.04970847,-0.22011995,0.21180515,-0.22011995,-0.69099271,-0.057345062,-0.3434157,10,"walking"
-0.23908297,-0.19462647,0.23488021,-0.22154615,-0.92012964,-0.003479158,0.025619551,0.03639937,0.039307118,0.9697715,-0.21958919,0.88876248,-0.27805256,0.38681528,0.8944131,-0.39918168,-0.79993422,0.95932575,-0.49277264,-0.99800614,0.44991617,-0.31857622,-0.37511364,-0.44323208,-0.18591372,0.1639319,-0.18591372,-0.66325324,0.34603854,-0.22576224,10,"walking"
-0.23908297,-0.19379395,0.23413648,-0.22069621,-0.92079872,-0.0035778151,0.025619551,0.036576645,0.049068887,0.9730121,-0.29923267,0.89378902,-0.2424486,0.344145,0.8944131,-0.37499672,-0.8009795,0.96123839,-0.44297789,-0.99794904,0.29050469,-0.13848031,-0.37327018,-0.2665592,-0.17308931,-0.27510641,-0.17308931,-0.65303206,0.1641716,-0.37672852,10,"walking"
-0.24057821,-0.19392654,0.23569257,-0.22167378,-0.92003419,-0.0126929,0.032725517,0.049476292,0.051543894,0.96290526,-0.26709716,0.86682602,-0.29774386,0.38440551,0.89093759,-0.38401145,-0.7964507,0.95097341,-0.46850713,-0.99605751,0.45198464,-0.19245504,-0.35588565,-0.43926184,-0.19285872,-0.38878996,-0.19285872,-0.6693572,0.341358,-0.4609402,10,"walking"
-0.24224058,-0.20316854,0.23871222,-0.2257437,-0.9167703,-0.013183507,0.041558459,0.050120826,0.051543894,0.96270525,-0.21201437,0.85840159,-0.45744359,0.53955589,0.88344966,-0.4523581,-0.79202263,0.9477605,-0.62053663,-0.99599023,0.25272894,-0.25086227,-0.34928928,-0.22540368,-0.25846483,-0.095002164,-0.25846483,-0.72003064,0.11782289,-0.43412242,10,"walking"
-0.16692157,-0.15381015,0.19443671,-0.15847439,-0.96176043,-0.023996822,0.048223569,0.064272919,0.072858038,0.93715293,-0.59924661,0.81243579,-0.58177426,0.67084669,0.88609875,0.029816902,-0.84913419,0.9300291,-0.76016912,-0.99291636,-0.46453047,0.19542475,-0.52824787,0.50480435,0.24865822,-0.26253302,0.24865822,-0.21539139,-0.58499949,-0.75470048,10,"walking_downstairs"
-0.17453382,-0.14134759,0.19629851,-0.16104029,-0.9605055,-0.010059032,-0.026915407,0.044717695,0.072858038,0.93715293,-0.36887518,0.81240082,-0.50635143,0.57813261,0.87654982,-0.083030264,-0.85287556,0.93002928,-0.64818645,-0.99513145,-0.22182248,0.032487152,-0.5602013,0.2775045,0.14644298,-0.23539498,0.14644298,-0.33752525,-0.3904883,-0.18367002,10,"walking_downstairs"
-0.17798403,-0.16058274,0.20115044,-0.16966648,-0.95538471,0.02550881,-0.047059995,-0.0052754255,0.042486061,0.94829989,-0.40329985,0.85361112,-0.59008309,0.67419355,0.88800902,-0.041825104,-0.85065517,0.94588498,-0.75803324,-0.99759108,-0.15263073,0.25595661,-0.54146548,0.18643857,0.21252129,-0.21213282,0.21252129,-0.25995407,-0.2809577,0.20387566,10,"walking_downstairs"
-0.18646634,-0.16058274,0.20617155,-0.17744722,-0.95083907,0.02314356,-0.047059995,-0.0019477382,0.026935729,0.95648864,-0.45091238,0.86310942,-0.51419529,0.59715626,0.88800902,0.1013388,-0.84358868,0.94954449,-0.67907819,-0.99787067,-0.2524117,0.40753466,-0.51773834,0.29701228,0.38114244,-0.035812953,0.38114244,-0.041170021,-0.39557264,0.023836805,10,"walking_downstairs"
-0.18729154,-0.19491288,0.2167897,-0.19179381,-0.94083419,0.015235823,-0.019325612,0.0092920713,0.026935729,0.94151643,-0.49003936,0.83463871,-0.57883835,0.6511507,0.87777916,0.11065521,-0.82834399,0.93861322,-0.72281884,-0.99916599,-0.338737,0.30229334,-0.52812957,0.34342729,0.33588748,0.023440996,0.33588748,-0.10279189,-0.39405458,0.22820445,10,"walking_downstairs"
-0.19221583,-0.19491288,0.22585916,-0.20326386,-0.93324843,0.010921301,-0.019325612,0.015326473,0.05269848,0.93018256,-0.51304731,0.79755981,-0.59494069,0.67851933,0.87414506,0.023540002,-0.81499154,0.92423142,-0.76167214,-0.9981072,-0.34161542,0.20268279,-0.50796799,0.35169257,0.22789268,-0.42698336,0.22789268,-0.24125513,-0.40834031,-0.73731965,10,"walking_downstairs"
-0.19465018,-0.18688848,0.2080126,-0.17889105,-0.94991549,0.018018136,-0.014478996,0.0053518175,0.010641109,0.93456489,-0.46158788,0.83423966,-0.67024872,0.74891836,0.88915194,0.025796482,-0.84109663,0.93840862,-0.82837259,-0.99971334,-0.41236655,0.084611742,-0.58657356,0.46329643,0.24447352,-0.087406161,0.24447352,-0.22085245,-0.55847051,-0.48610946,10,"walking_downstairs"
-0.18937665,-0.14675046,0.20207896,-0.17220822,-0.95415299,0.027055945,-0.017170634,-0.0075736303,0.0084629846,0.93851882,-0.32069663,0.88235297,-0.65906671,0.73364977,0.90147465,-0.10096868,-0.84914553,0.95679904,-0.80876222,-0.99935996,-0.065451317,0.032018584,-0.55187614,0.15023581,0.080214867,-0.21260143,0.080214867,-0.41154003,-0.29913535,-0.43577922,10,"walking_downstairs"
-0.18937665,-0.16026076,0.20344033,-0.1747618,-0.95253802,0.02790972,-0.017170634,-0.008848361,-0.001864271,0.95870877,-0.39109118,0.89513386,-0.60171922,0.67191183,0.90147465,-0.19150768,-0.84707577,0.96171893,-0.74128715,-0.99946557,-0.18420561,0.002291115,-0.54072505,0.24733703,0.068127972,-0.17504614,0.068127972,-0.42452778,-0.3701107,-0.17679638,10,"walking_downstairs"
-0.19239727,-0.16193566,0.20963104,-0.18094438,-0.94872085,0.014364053,-0.0070919541,0.01050816,0.024187813,0.9295881,-0.27202239,0.82721621,-0.6283845,0.70089665,0.89001411,-0.082531597,-0.83868016,0.93564723,-0.77362621,-0.99949235,-0.30381026,0.093615962,-0.57709655,0.36833548,0.14805686,-0.40666596,0.14805686,-0.33605304,-0.48490586,-0.028238404,10,"walking_downstairs"
-0.19243209,-0.16997155,0.21205342,-0.18301709,-0.94733282,0.010459948,-0.0024890627,0.015930672,0.024187813,0.9295881,-0.29775901,0.7946125,-0.62469233,0.70444141,0.86205224,-0.082528842,-0.83492344,0.92311912,-0.784389,-0.99946545,-0.34817705,0.1740442,-0.59352659,0.40092061,0.15560738,-0.20645794,0.15560738,-0.32726863,-0.50217511,0.16808472,10,"walking_downstairs"
-0.19244514,-0.17033878,0.21459526,-0.18811339,-0.94402943,0.016313866,-0.0024890627,0.0077582608,0.016823631,0.94545499,-0.38613367,0.8248317,-0.55121892,0.64052118,0.8728463,-0.094475559,-0.83154781,0.93484356,-0.72874306,-0.99981567,-0.25458763,0.026744366,-0.5727313,0.31920733,0.12479095,-0.14599845,0.12479095,-0.3623638,-0.43990084,-0.63056987,10,"walking_downstairs"
-0.15637927,-0.21176067,0.1944551,-0.15846895,-0.96041247,0.0036677079,-0.020516492,0.025483182,0.037679351,0.93104657,-0.2939506,0.81710697,-0.59997985,0.67341117,0.88385917,0.02382753,-0.85935622,0.93179902,-0.74722177,-0.99834061,-0.41025844,0.049356469,-0.60979318,0.39998571,0.20370108,-0.37948751,0.20370108,-0.27069199,-0.43012138,-0.63218274,10,"walking_downstairs"
-0.15647631,-0.13252725,0.18820743,-0.15095643,-0.96576593,7.5487133e-05,0.0061767827,0.030780374,0.037679351,0.93104657,-0.3169733,0.8594549,-0.63171182,0.70463415,0.89557921,-0.13072664,-0.8674825,0.94801753,-0.77788544,-0.99843081,-0.22840066,-0.10919655,-0.60326285,0.29347261,0.061467383,-0.34171813,0.061467383,-0.43161224,-0.41640518,-0.21908597,10,"walking_downstairs"
-0.16463805,-0.13359147,0.18778432,-0.15185794,-0.9653623,0.018017391,-0.016337658,0.0053490017,0.023885458,0.97948842,-0.29966578,0.90318806,-0.43313488,0.51135242,0.89557921,-0.10483354,-0.87039984,0.96480439,-0.58563368,-0.9993446,-0.21145473,0.048895493,-0.5934876,0.27543562,0.099042,-0.29311542,0.099042,-0.39076178,-0.39823837,-0.10787117,10,"walking_downstairs"
-0.16463805,-0.14836104,0.19298283,-0.15913636,-0.96128279,0.023684203,-0.016337658,-0.0027583309,0.0097231373,0.97034335,-0.24840754,0.89187529,-0.33215202,0.40983416,0.89303966,-0.12825921,-0.86262876,0.96051319,-0.48146116,-0.99958893,-0.27638511,-0.083023219,-0.58983543,0.31261326,0.065617526,-0.19202649,0.065617526,-0.42720267,-0.40124325,-0.21490182,10,"walking_downstairs"
-0.17701092,-0.16070391,0.19927008,-0.16760585,-0.95669428,0.019019075,-0.0051119487,0.003923595,0.0097231373,0.961404,-0.33750714,0.87113502,-0.41702063,0.49544507,0.8904128,-0.097221732,-0.85375213,0.9526213,-0.56939393,-0.99986735,-0.31951919,0.046863276,-0.59813787,0.33089959,0.10612491,0.068961168,0.10612491,-0.38251989,-0.3901411,-0.011522932,10,"walking_downstairs"
-0.17701092,-0.17004729,0.20768234,-0.17974015,-0.94897991,0.017811447,-0.0012679769,0.0056440998,0.0076815637,0.961404,-0.47087348,0.86466481,-0.49685757,0.57250834,0.88433638,-0.11960519,-0.84157528,0.95015373,-0.64532902,-0.99994479,-0.36358999,0.068352396,-0.57611903,0.36525938,0.11441555,0.062176808,0.11441555,-0.37370845,-0.41100302,-0.27429788,10,"walking_downstairs"
-0.18043555,-0.17004729,0.20859647,-0.18098794,-0.94834239,0.012865643,-0.00080844011,0.012688211,0.012810311,0.96022116,-0.36212871,0.86225578,-0.53670771,0.61260405,0.88433638,-0.15104753,-0.84010163,0.94923069,-0.6866056,-0.99983172,-0.30727197,0.022068144,-0.56470323,0.33396185,0.027089691,0.053822925,0.027089691,-0.46748269,-0.4103132,-0.7710661,10,"walking_downstairs"
-0.24525126,-0.2527627,0.25557732,-0.25438581,-0.89136619,0.014495535,-0.0081542833,0.010495744,0.020864225,0.95496117,-0.52117351,0.91438262,-0.62744359,0.68208892,0.92851783,-0.19630771,-0.7721449,0.96882502,-0.73705112,-0.99959675,-0.33839222,-0.088105669,-0.3180584,0.36079107,-0.019114487,-0.58467962,-0.019114487,-0.51363418,-0.43038105,-0.38833586,10,"walking_upstairs"
-0.27855324,-0.2527627,0.27183789,-0.274223,-0.87334921,0.0032108542,0.010104931,0.026690553,0.027107765,0.94769045,-0.45341129,0.83678643,-0.54060663,0.60614841,0.90392146,-0.20626655,-0.74778825,0.93940859,-0.67167801,-0.99902482,-0.2760019,-0.060851751,-0.29630575,0.34336014,-0.016354249,-0.41105377,-0.016354249,-0.51109363,-0.46510243,-0.11603699,10,"walking_upstairs"
-0.27955455,-0.25207137,0.27052956,-0.27153596,-0.87601472,0.005095713,0.0092007108,0.023914883,0.027107765,0.94769045,-0.41808543,0.82680079,-0.49051244,0.55597359,0.87422151,-0.10139251,-0.74988382,0.93560466,-0.61945745,-0.99916252,-0.27496792,-0.031309897,-0.31833424,0.339326,0.019283892,-0.432639,0.019283892,-0.47547892,-0.45707475,-0.019683756,10,"walking_upstairs"
-0.27735891,-0.24317434,0.26446327,-0.26328069,-0.88393446,0.010120774,0.0092007108,0.016712893,0.021255489,0.94829195,-0.38879917,0.84100402,-0.59168668,0.65569123,0.87422151,-0.14190134,-0.75907487,0.94108007,-0.71889526,-0.99967923,-0.23617427,-0.035115514,-0.34946771,0.306947,-1.0385076e-05,-0.55464049,-1.0385076e-05,-0.49486101,-0.43379791,-0.47365395,10,"walking_upstairs"
-0.27557004,-0.23295791,0.2618236,-0.2585509,-0.88843387,0.0060939053,0.013007997,0.022441337,0.027994998,0.94648344,-0.33437489,0.82955655,-0.54137837,0.6099788,0.87287232,-0.30934947,-0.76256663,0.93666735,-0.67789016,-0.99930303,-0.20979471,-0.14317404,-0.35549056,0.26547299,-0.13898738,-0.59742278,-0.13898738,-0.62436237,-0.37640858,-0.22716821,10,"walking_upstairs"
-0.27557004,-0.2469434,0.26405193,-0.26185227,-0.88528981,0.0019634171,0.018709805,0.028373328,0.027994998,0.94648344,-0.45025613,0.82820609,-0.48455336,0.55395464,0.87340692,-0.30730661,-0.75887393,0.93614893,-0.62229432,-0.99889589,-0.2883745,-0.16829023,-0.33167154,0.3524269,-0.12913904,-0.507439,-0.12913904,-0.61570436,-0.46951795,-0.061776653,10,"walking_upstairs"
-0.27573209,-0.25649395,0.27269857,-0.27430144,-0.87311432,0.0043957574,0.017135029,0.02489619,0.025685443,0.93798148,-0.5873473,0.81929061,-0.59228973,0.64653671,0.87340692,-0.36837257,-0.74667659,0.93268921,-0.69985922,-0.99919707,-0.33141112,-0.24493997,-0.31380836,0.39052338,-0.20716651,-0.24358153,-0.20716651,-0.68082419,-0.49951882,-0.44827292,10,"walking_upstairs"
-0.28302192,-0.27439746,0.26966358,-0.27321666,-0.87428318,0.021737812,-0.034329659,-6.2494123e-05,0.036376695,0.92347496,-0.37205541,0.87171163,-0.70071632,0.73768149,0.91677237,-0.53960262,-0.75172589,0.95255716,-0.77475618,-0.99821879,-0.42317653,-0.36667282,-0.25786594,0.44300668,-0.36968607,-0.72763719,-0.36968607,-0.79686789,-0.50411656,-0.43567758,10,"walking_upstairs"
-0.27878722,-0.24572588,0.27025918,-0.26909134,-0.87838387,-0.0025275381,-0.0011315222,0.034628049,0.042163957,0.92347496,-0.33350578,0.79690027,-0.66505888,0.71750883,0.89045127,-0.39925259,-0.74926626,0.9239114,-0.77029839,-0.99787137,-0.25770568,-0.32703675,-0.31647008,0.29376413,-0.25659296,-0.74418256,-0.25659296,-0.71884031,-0.3815778,-0.56282427,10,"walking_upstairs"
-0.27878722,-0.25189499,0.2698827,-0.26924251,-0.87818088,-0.0012671829,-0.0040324993,0.032906633,0.042163957,0.92816428,-0.35629067,0.80723514,-0.57719962,0.62354056,0.87370056,-0.36627406,-0.75000721,0.92798685,-0.66901092,-0.99814735,-0.36491957,-0.22505482,-0.31243121,0.40024659,-0.19644574,-0.70475668,-0.19644574,-0.67191446,-0.48087771,-0.408743,10,"walking_upstairs"
-0.27753717,-0.25189499,0.26850016,-0.26919611,-0.87819973,0.01204584,-0.0067778921,0.013947242,0.025421927,0.94337237,-0.37247737,0.83802358,-0.59241579,0.63841561,0.87798098,-0.38991685,-0.7533374,0.93992743,-0.68370672,-0.99949775,-0.39633221,-0.21085902,-0.32923506,0.41884928,-0.22291493,-0.77341792,-0.22291493,-0.69324772,-0.48421522,-0.017770694,10,"walking_upstairs"
-0.27753717,-0.25000937,0.26881955,-0.26772509,-0.87968706,0.01200896,-0.0067778921,0.01393616,0.022403452,0.92855316,-0.4291508,0.80968756,-0.63745921,0.68798942,0.87798098,-0.47570787,-0.75287323,0.92892892,-0.73853457,-0.99959599,-0.29716105,-0.31218653,-0.35716203,0.31973794,-0.29298809,-0.75986957,-0.29298809,-0.74541465,-0.39202429,-0.41134686,10,"walking_upstairs"
-0.27402792,-0.24525037,0.26927218,-0.26786521,-0.87957553,0.0087129226,0.0091837896,0.018620037,0.022403452,0.92855316,-0.32109198,0.80158509,-0.63263059,0.68584755,0.86356374,-0.48298594,-0.75201936,0.9258201,-0.73870167,-0.99956512,-0.27513031,-0.30920766,-0.36126588,0.32221066,-0.32299803,-0.68415477,-0.32299803,-0.76621235,-0.42176581,-0.32537821,10,"walking_upstairs"
-0.26655777,-0.24284853,0.26076372,-0.25664786,-0.89004239,0.003530266,0.0091837896,0.026082283,0.037832598,0.94633449,-0.38136461,0.82461299,-0.59049029,0.64386669,0.86792968,-0.4399088,-0.76381722,0.93477067,-0.69582604,-0.99885797,-0.23695841,-0.32807954,-0.35457685,0.29970163,-0.28804938,-0.68318575,-0.28804938,-0.74190914,-0.41882169,-0.6359797,10,"walking_upstairs"
-0.26655777,-0.23643208,0.25981873,-0.2550388,-0.89157983,-0.00080638777,0.022813115,0.032257753,0.037832598,0.93541383,-0.49931133,0.82125277,-0.65047417,0.69559375,0.86792968,-0.45091264,-0.76457736,0.93345814,-0.73997825,-0.99846121,-0.2408539,-0.24673687,-0.34496908,0.29655528,-0.29887171,-0.66816831,-0.29887171,-0.74953028,-0.40721015,-0.39479305,10,"walking_upstairs"
-0.23690641,-0.27657803,0.26908506,-0.27279648,-0.87264682,0.040707416,-0.085860228,-0.027683993,0.024831436,0.93257383,-0.37518163,0.87665834,-0.70886748,0.7532723,0.91740171,-0.41466466,-0.75051895,0.95444979,-0.79791131,-0.99406852,-0.41423774,-0.21550008,-0.2028099,0.40567961,-0.21492234,-0.84503584,-0.21492234,-0.68698635,-0.43716203,-0.60817943,10,"walking_upstairs"
-0.29497094,-0.27657803,0.28466246,-0.29171531,-0.85532303,0.0073433293,-0.029479749,0.020691094,0.030509411,0.93257383,-0.39230241,0.80900595,-0.61966267,0.67634034,0.88280089,-0.33492661,-0.7296494,0.928684,-0.73319387,-0.99874299,-0.36854393,-0.21409969,-0.26251265,0.39091497,-0.16995745,-0.75566938,-0.16995745,-0.65057287,-0.45792159,-0.37925418,10,"walking_upstairs"
-0.29497094,-0.27577736,0.28518706,-0.29198981,-0.85502736,0.0084134881,-0.0073972574,0.019129815,0.030509411,0.93516534,-0.39383833,0.80206752,-0.59238397,0.64369591,0.86333584,-0.48834075,-0.72896972,0.92602613,-0.69440145,-0.99916181,-0.4072093,-0.36164476,-0.28099499,0.43066363,-0.29277039,-0.63361817,-0.29277039,-0.74527174,-0.49640912,-0.29947371,10,"walking_upstairs"
-0.28963155,-0.27577736,0.28255477,-0.28806142,-0.85897757,0.01228202,-0.0073972574,0.013572869,0.034495859,0.93516534,-0.38907319,0.8032825,-0.65250714,0.70013479,0.86117302,-0.38772339,-0.73299692,0.92650055,-0.7471119,-0.99951188,-0.380359,-0.26887567,-0.30369328,0.40057972,-0.28647315,-0.76108014,-0.28647315,-0.74075964,-0.46476127,-0.31667324,10,"walking_upstairs"
-0.28963155,-0.25751902,0.27571838,-0.27801267,-0.86958155,0.0017149301,-0.0011240245,0.028691256,0.039002219,0.9356627,-0.33983154,0.80681886,-0.55928642,0.60987669,0.86117302,-0.39072282,-0.74200476,0.92787862,-0.65936535,-0.99859747,-0.37908481,-0.32338418,-0.30093393,0.40470102,-0.26095449,-0.79646159,-0.26095449,-0.72216321,-0.47450789,-0.41885416,10,"walking_upstairs"
-0.25705969,-0.25751902,0.26830173,-0.26683232,-0.88003459,0.0031097657,0.0095611201,0.026638869,0.039002219,0.93439124,-0.26166197,0.80724757,-0.5614587,0.61535538,0.86437858,-0.44800661,-0.7528829,0.92803774,-0.66840576,-0.99878815,-0.4729601,-0.35217247,-0.33837956,0.49956327,-0.31952171,-0.73487448,-0.31952171,-0.76391612,-0.56447603,-0.29260922,10,"walking_upstairs"
-0.25705969,-0.24440822,0.25631057,-0.24976669,-0.89622661,0.012801411,0.0070609163,0.012797961,0.022110743,0.93439124,-0.27738209,0.82234204,-0.59727336,0.64754991,0.86956325,-0.50687046,-0.77102149,0.93387418,-0.69698178,-0.99981995,-0.35400719,-0.35583745,-0.4100898,0.40223424,-0.38390566,-0.53586533,-0.38390566,-0.80588293,-0.49870782,-0.40113458,10,"walking_upstairs"
-0.25719627,-0.24081009,0.26246609,-0.25838337,-0.88830559,0.015547944,0.002102766,0.0088744408,0.007195663,0.93325391,-0.43646734,0.81289923,-0.63085701,0.67997551,0.86956325,-0.55005188,-0.76219222,0.93020812,-0.72849492,-0.9999322,-0.33300391,-0.37199123,-0.39992735,0.39568507,-0.42420224,-0.35469351,-0.42420224,-0.83006121,-0.50866472,-0.10966756,10,"walking_upstairs"
0.06633586,0.083184497,0.034308262,0.0722477,-0.98391772,-0.026025547,-0.067388538,0.068147951,0.098584685,0.96320076,-0.17428668,0.89593858,-0.39036943,0.38701069,0.93474698,-0.79936418,-0.89424322,0.96190559,-0.38347405,-0.98830302,-0.65465993,-0.81830832,-0.5675167,0.62298816,-0.77839772,-0.96468221,-0.77839772,-0.97343411,-0.61326028,-0.87652181,10,"standing"
0.067485308,0.092845698,0.022203958,0.089336353,-0.9776001,-0.034601026,0.06854592,0.080015516,0.098584685,0.96320076,0.22745097,0.86906959,-0.67069666,0.67831805,0.88428378,-0.87697359,-0.87295924,0.95183291,-0.68550373,-0.98862025,-0.54421219,-0.87445703,-0.53381943,0.50117196,-0.86702914,-0.75780856,-0.86702914,-0.98989347,-0.48712117,-0.89342778,10,"standing"
0.067485308,0.11053533,0.021293609,0.091096937,-0.97697193,-0.029136188,0.06854592,0.072545657,0.067241254,0.97340374,-0.21408057,0.88581925,-0.44945254,0.45055095,0.88462428,-0.97899391,-0.87598404,0.95822273,-0.45153608,-0.99111018,-0.64268959,-0.97519014,-0.53671111,0.61893068,-0.97757701,-0.85339481,-0.97757701,-0.99952245,-0.61831803,-0.97460771,10,"standing"
0.060502502,0.10922667,0.024958081,0.085840479,-0.97916123,-0.030801191,0.075901495,0.074954432,0.067241254,0.97911688,-0.36724223,0.88947505,-0.086347623,0.14560557,0.88565949,-0.98312059,-0.87924394,0.95961175,-0.20555715,-0.99049082,-0.49740417,-0.97948247,-0.5418782,0.49319754,-0.98044526,-0.41905886,-0.98044526,-0.99961127,-0.52369377,-0.95826831,10,"standing"
0.055508864,0.10493224,0.0267211,0.083340995,-0.98015271,-0.030832052,0.075901495,0.075039756,0.073753216,0.9797819,-0.26855263,0.89268341,-0.087834252,0.10761221,0.88707475,-0.96626603,-0.88135154,0.96082886,-0.12721789,-0.99045831,-0.49590644,-0.9582002,-0.54609742,0.4853347,-0.9618157,-0.57697486,-0.9618157,-0.99888892,-0.50896576,-0.94110609,10,"standing"
0.055491833,0.10095231,0.029080736,0.07992103,-0.981456,-0.039308293,0.0762029,0.087116929,0.10701175,0.97353362,-0.59892398,0.89106972,-0.22690351,0.25508699,0.88707475,-0.79865832,-0.87701642,0.96021547,-0.28347412,-0.98653933,-0.54036488,-0.7957972,-0.52429319,0.55072453,-0.78686587,-0.75366719,-0.78686587,-0.97534606,-0.59337978,-0.85818347,10,"standing"
0.085561348,0.10095231,0.02202768,0.089945322,-0.97711257,-0.054298143,0.086380586,0.10822281,0.11859218,0.96587062,-0.51526088,0.87250158,-0.36816735,0.38690396,0.88653145,-0.82059483,-0.85545894,0.95314198,-0.40543375,-0.97880179,-0.55061422,-0.80382715,-0.45427655,0.54593022,-0.80164069,-0.83820343,-0.80164069,-0.97850352,-0.57227456,-0.83265533,10,"standing"
0.10644771,0.10970095,0.0043677051,0.11527292,-0.96526078,-0.05464312,0.097689575,0.10853556,0.11859218,0.96316629,-0.36359146,0.85462111,-0.41162858,0.42655281,0.87788878,-0.82224192,-0.83546435,0.94631963,-0.44109165,-0.97876522,-0.49151557,-0.8259458,-0.39777983,0.51787361,-0.81510718,-0.76393792,-0.81510718,-0.98119705,-0.58169966,-0.88443351,10,"standing"
0.10917253,0.14165833,-0.0080046844,0.13318286,-0.95577107,-0.048326904,0.097689575,0.099645069,0.093710779,0.96316629,-0.026059309,0.85054752,-0.47770178,0.49030958,0.87358756,-0.93700986,-0.82559633,0.94475881,-0.5028424,-0.98250357,-0.53689492,-0.9269629,-0.37590073,0.51164311,-0.93126395,-0.80191755,-0.93126395,-0.99695976,-0.51709376,-0.88480804,10,"standing"
0.10917253,0.15485971,-0.0087514507,0.13437173,-0.95513313,-0.046651118,0.091545159,0.097338122,0.093710779,0.96316858,-0.20787515,0.8535003,-0.16645914,0.18317485,0.87314583,-0.97758849,-0.82588338,0.94589073,-0.20023522,-0.98333037,-0.5455392,-0.97223618,-0.37665993,0.51027183,-0.97544939,-0.65524171,-0.97544939,-0.99945121,-0.50404184,-0.90669477,10,"standing"
0.10167638,0.15485971,-0.0062729702,0.13082265,-0.95722854,-0.041620763,0.088274737,0.090211842,0.088398789,0.96709221,-0.14385076,0.8582513,-0.22085,0.27320168,0.8733309,-0.97700955,-0.83254252,0.94771141,-0.32640113,-0.98581265,-0.52256601,-0.97385809,-0.40183873,0.50712519,-0.97424985,-0.27576631,-0.97424985,-0.99940915,-0.52343164,-0.95948085,10,"standing"
0.19015177,0.18326174,-0.041424554,0.18109191,-0.92294287,0.0033753012,0.011667609,0.026187325,0.022230897,0.94502707,-0.81638415,0.83449771,-0.61910234,0.61820001,0.87226642,-0.90979788,-0.80240892,0.93857738,-0.61697952,-0.99912188,-0.7813911,-0.88461334,-0.45396896,0.76273124,-0.88478135,-0.76445829,-0.88478135,-0.99224765,-0.75800085,-0.84624614,10,"standing"
0.17147864,0.19170294,-0.051788651,0.19562731,-0.91165991,0.0037601265,0.026213151,0.025617467,0.020255192,0.95034882,-0.85461377,0.81927706,-0.68060225,0.68221423,0.86868821,-0.945469,-0.78751472,0.93270984,-0.68365541,-0.99920437,-0.74639447,-0.94932592,-0.42730205,0.72675194,-0.94150819,-0.58022512,-0.94150819,-0.99771014,-0.72353298,-0.89846352,10,"standing"
0.17147864,0.20701089,-0.053665938,0.19826043,-0.90962233,0.0030874573,0.026219001,0.026570122,0.019728963,0.95034882,-0.41295144,0.81650637,-0.1815843,0.19164793,0.86125964,-0.95415635,-0.78471708,0.93164202,-0.20196887,-0.99912636,-0.54710996,-0.94902935,-0.41965929,0.51698505,-0.95098215,-0.61337707,-0.95098215,-0.9983109,-0.51651052,-0.94801173,10,"standing"
0.1692802,0.20310622,-0.045387475,0.18651665,-0.91913423,0.0054791573,0.013134963,0.023174059,0.019728963,0.95134392,-0.3870119,0.82638366,-0.082992056,0.10991479,0.86355945,-0.95681125,-0.79696856,0.93546011,-0.13764545,-0.99933229,-0.58453042,-0.94418346,-0.45328344,0.55855708,-0.95053378,-0.68968318,-0.95053378,-0.9982844,-0.55988215,-0.91767489,10,"standing"
0.15072226,0.20310622,-0.041493735,0.18107469,-0.92348497,0.013610113,0.0047333971,0.011619617,0.015045508,0.9568454,-0.61751204,0.83294135,-0.47045167,0.48167321,0.86456368,-0.96700795,-0.80326048,0.93799123,-0.49284258,-0.99980976,-0.58955225,-0.96077181,-0.48955933,0.56570929,-0.96339401,-0.77254921,-0.96339401,-0.99896327,-0.56856685,-0.91822278,10,"standing"
0.15072226,0.19609645,-0.039535615,0.17840271,-0.9254953,0.020584573,-0.002548613,0.0016973821,0.0011359989,0.95896639,-0.59219903,0.83729496,-0.37743969,0.38248918,0.86643519,-0.98259944,-0.80614737,0.93966765,-0.38722818,-0.99994331,-0.58170682,-0.97902053,-0.5018737,0.54719781,-0.9824124,-0.77007304,-0.9824124,-0.99966751,-0.53947375,-0.96172834,10,"standing"
0.14755344,0.19609645,-0.036738091,0.17436836,-0.9285464,0.023381441,-0.0036930535,-0.0022815337,-0.0043977428,0.95994046,-0.1780282,0.8393574,-0.26525884,0.27225794,0.86643519,-0.97201902,-0.81007924,0.94046164,-0.27929581,-0.99985901,-0.3239339,-0.97677945,-0.50243977,0.25899398,-0.97459435,-0.59333909,-0.97459435,-0.99942141,-0.23682209,-0.97604192,10,"standing"
0.14334231,0.19612115,-0.036647967,0.17415427,-0.92871067,0.018886037,-0.0036930535,0.0041156773,0.0046176565,0.95982502,-0.31491813,0.8379239,-0.19685675,0.20101271,0.86615509,-0.97122505,-0.81036318,0.9399101,-0.20525048,-0.99986838,-0.53173468,-0.97854727,-0.50517983,0.49479053,-0.97367023,-0.69008005,-0.97367023,-0.99938826,-0.48793025,-0.96215378,10,"standing"
0.14332796,0.1940572,-0.035398456,0.17241378,-0.92998981,0.01435427,0.0076489164,0.010562328,0.0046176565,0.95982502,-0.50711918,0.84000564,-0.2986251,0.30026571,0.86724966,-0.9895708,-0.81211619,0.94071068,-0.30168007,-0.99993929,-0.55315464,-0.98887294,-0.51513181,0.51550835,-0.98946219,-0.63245226,-0.98946219,-0.99983747,-0.50635619,-0.97140695,10,"standing"
0.14401272,0.1940572,-0.035604643,0.17277288,-0.92972237,0.017414751,0.0045062952,0.0062086142,0.0037451098,0.96080663,-0.2612014,0.84108333,-0.38706248,0.3921215,0.86724966,-0.98909061,-0.81187948,0.94112539,-0.39694749,-0.99997268,-0.21075124,-0.98739825,-0.51772144,0.13495727,-0.98908077,-0.37778344,-0.98908077,-0.99982961,-0.10878184,-0.9848946,10,"standing"
-0.13080196,-0.61539442,0.46867765,-0.53254314,-0.44568863,-0.19840265,0.10230751,0.30740689,0.35463961,0.68865244,0.97215594,0.24440525,-0.92737799,0.92649718,0.70188131,-0.37084294,-0.36848917,0.68883855,-0.92523673,-0.80910837,-0.99644106,-0.41091039,0.67345499,0.99614804,-0.31835241,-0.99468241,-0.31835241,-0.76305273,-0.99608466,-0.97689891,10,"sitting"
-0.57316199,-0.61539442,0.5061315,-0.59750796,-0.34997302,-0.21281413,0.32107145,0.33772044,0.35463961,0.68865244,0.93907629,0.20906551,-0.95278587,0.95902875,0.60764611,-0.83443824,-0.30608641,0.6726327,-0.96498228,-0.78121965,-0.94198393,-0.88457285,0.89971147,0.94533796,-0.84016541,-0.94964012,-0.84016541,-0.98572612,-0.95294969,-0.99458506,10,"sitting"
-0.57316199,-0.5503851,0.48976976,-0.56813619,-0.41625524,-0.20543946,0.32107145,0.32238519,0.31970738,0.70060278,0.23548917,0.22446638,-0.78937077,0.79033677,0.60764611,-0.98515041,-0.33439889,0.67993934,-0.79099274,-0.80154274,-0.96726929,-0.98802766,0.79302243,0.96867554,-0.98699114,-0.88715355,-0.98699114,-0.99978353,-0.97246011,-0.99918761,10,"sitting"
-0.57615502,-0.53787082,0.49105055,-0.57110009,-0.40999945,-0.2064436,0.3225944,0.32455271,0.31468443,0.70639098,0.069550014,0.22573667,-0.43548296,0.44893034,0.60760764,-0.99351744,-0.33183838,0.6805392,-0.46225163,-0.79882866,-0.72435671,-0.99149712,0.8080165,0.69929773,-0.99332386,-0.37054477,-0.99332386,-0.99990965,-0.69180923,-0.99951246,10,"sitting"
-0.58257007,-0.53786762,0.49110274,-0.57154508,-0.40905961,-0.20709005,0.32746183,0.32566229,0.31471732,0.70639951,-0.039055563,0.22627872,-0.39005116,0.39778865,0.6084497,-0.9970246,-0.33123068,0.68079457,-0.40539307,-0.79743249,-0.06415904,-0.99571284,0.81268084,-0.00059251322,-0.99616568,-0.26823752,-0.99616568,-0.99995331,0.0043332301,-0.99905611,10,"sitting"
-0.58256943,-0.53630432,0.49041262,-0.57077595,-0.41070208,-0.20732842,0.32746183,0.32604516,0.31519028,0.70698276,0.13739121,0.22807309,-0.4364423,0.44110703,0.60890065,-0.99785564,-0.331963,0.68163952,-0.44550995,-0.79694715,0.014748827,-0.9974145,0.81324006,-0.091451215,-0.99692007,0.17846805,-0.99692007,-0.99996389,0.10268529,-0.99961007,10,"sitting"
-0.58104354,-0.53632738,0.4903096,-0.57061959,-0.41103473,-0.20735294,0.3276656,0.32606304,0.31519028,0.70720749,0.34494997,0.22817368,-0.4363312,0.44223061,0.60890065,-0.99652523,-0.33208148,0.68168694,-0.44774816,-0.79692458,-0.23204398,-0.99690195,0.81295438,0.16444231,-0.9972144,0.0018815471,-0.9972144,-0.99996771,-0.1457707,-0.99935278,10,"sitting"
-0.58061953,-0.53632738,0.48983623,-0.56962511,-0.41315142,-0.20734993,0.3276656,0.32582554,0.31490579,0.70720749,0.28075572,0.22758707,-0.26766027,0.27914841,0.60824073,-0.99667904,-0.3327221,0.68141086,-0.29041791,-0.79722576,-0.28341622,-0.99588505,0.80908826,0.2166088,-0.99751947,-0.32345964,-0.99751947,-0.99997164,-0.19512412,-0.99936076,10,"sitting"
-0.58061953,-0.53674323,0.48992455,-0.57005934,-0.41222586,-0.20745101,0.32784489,0.32615267,0.31490579,0.70768288,0.34249158,0.22864665,-0.21276082,0.21921059,0.60989544,-0.99527878,-0.3325188,0.68190961,-0.22569821,-0.79681153,-0.39756942,-0.99273065,0.81210064,0.34416664,-0.99538504,-0.24290635,-0.99538504,-0.99994229,-0.32890764,-0.99926534,10,"sitting"
-0.58193045,-0.53674323,0.49002131,-0.57062315,-0.41102687,-0.20705871,0.32789108,0.32586891,0.3147729,0.70776244,0.18600807,0.23098796,-0.22727201,0.22570586,0.61065817,-0.99582234,-0.33271521,0.68301077,-0.22388193,-0.79717103,-0.39084238,-0.99396507,0.81499096,0.33970381,-0.99579115,-0.075323258,-0.99579115,-0.99994806,-0.32730827,-0.99942803,10,"sitting"
-0.5804,-0.53565149,0.48941304,-0.56965062,-0.41309906,-0.20686987,0.32784342,0.32548656,0.31439731,0.70872217,0.38014688,0.23188467,-0.31839388,0.31890402,0.61065817,-0.99575575,-0.3336923,0.68343263,-0.31898662,-0.79765526,-0.46793843,-0.99439947,0.81213949,0.43112304,-0.99429795,-0.1400803,-0.99429795,-0.99992576,-0.42884748,-0.99837654,10,"sitting"
-0.57921589,-0.53483032,0.48845515,-0.56826326,-0.4160455,-0.20704244,0.32784342,0.32561577,0.31433871,0.70872217,0.42190698,0.23320163,-0.42510228,0.42969895,0.61190687,-0.99489395,-0.33483903,0.68405111,-0.43398581,-0.79749172,-0.2726101,-0.9938162,0.80990649,0.21047451,-0.99428514,-0.21897888,-0.99428514,-0.99992542,-0.19469031,-0.99862238,10,"sitting"
-0.57921589,-0.53347879,0.48788252,-0.56766809,-0.41731034,-0.20748008,0.32805721,0.32629024,0.31647786,0.71005161,0.36056796,0.23451367,-0.43783541,0.44473358,0.61190687,-0.99788468,-0.33524489,0.68466779,-0.45131792,-0.79663615,-0.25017784,-0.99721638,0.81127833,0.18654161,-0.99761144,-0.24844884,-0.99761144,-0.99997283,-0.17041605,-0.99890287,10,"sitting"
-0.5787944,-0.53347879,0.48764939,-0.56748625,-0.41769532,-0.20832079,0.32829832,0.32751302,0.31683988,0.71005161,0.39909526,0.23427981,-0.41278001,0.42026924,0.61165244,-0.99500658,-0.33485551,0.68455802,-0.42744455,-0.79508162,-0.25308288,-0.99361567,0.8138408,0.18814895,-0.99428946,-0.26506683,-0.99428946,-0.99992562,-0.17052962,-0.99591586,10,"sitting"
-0.5787944,-0.53308582,0.48748801,-0.5672003,-0.41830183,-0.20872227,0.33006024,0.32801698,0.31683988,0.70954914,0.32677106,0.23368092,-0.35774593,0.36245108,0.61165244,-0.99333098,-0.33473607,0.68427664,-0.36681023,-0.794441,-0.3800611,-0.99235364,0.81386979,0.32905968,-0.99265511,-0.23288581,-0.99265511,-0.99989822,-0.31747577,-0.99601817,10,"sitting"
-0.57872955,-0.53308582,0.48741821,-0.56713838,-0.418433,-0.20846555,0.3296543,0.32767854,0.31655633,0.70954914,0.30671489,0.23437711,-0.1163807,0.11447007,0.61250869,-0.9954483,-0.33504518,0.68460335,-0.11205913,-0.79487234,-0.33301465,-0.99546825,0.81342555,0.27860929,-0.9951327,-0.20422787,-0.9951327,-0.99993863,-0.26661803,-0.99677821,10,"sitting"
-0.57785993,-0.53243152,0.48705042,-0.56656106,-0.41965575,-0.20818078,0.32919222,0.32721853,0.316553,0.71009396,0.29287362,0.23523162,-0.22133658,0.21937694,0.61250869,-0.99792254,-0.33577836,0.68500478,-0.21692976,-0.79545771,-0.16536611,-0.99741451,0.81140051,0.099309085,-0.99680554,0.11552883,-0.99680554,-0.99996224,-0.08665546,-0.99562036,10,"sitting"
-0.077384715,-0.16358181,0.16324831,-0.11811294,-0.97665759,0.013416117,-0.030368075,0.012074281,0.073967812,0.8495568,0.6291124,1,-0.98615989,0.98949853,0.99078875,-0.72198409,-0.90574789,1,-0.9924979,-0.99773818,-0.91378016,-0.82816144,-0.58068007,0.92326855,-0.73662246,-0.83754039,-0.73662246,-0.96298577,-0.93936816,-0.92324699,10,"sitting"
-0.12367171,-0.14585675,0.1907472,-0.15719549,-0.96200666,-0.010084682,-0.010379226,0.045924372,0.052945846,0.97263468,0.78808286,0.927258,-0.97167367,0.97214421,0.96945697,-0.90525124,-0.86062176,0.97365531,-0.97223013,-0.9958014,-0.95147931,-0.9046005,-0.49167332,0.94763186,-0.89674351,-0.95065175,-0.89674351,-0.99366853,-0.94691775,-0.90788252,10,"sitting"
-0.16692567,-0.14534692,0.18894949,-0.15381819,-0.96424846,-0.021814876,0.062510505,0.062535204,0.055902013,0.97263468,0.39508082,0.9041482,-0.77539701,0.77836993,0.89800252,-0.96529692,-0.85766471,0.96514908,-0.78098828,-0.99359112,-0.79491934,-0.96357328,-0.47800203,0.77889405,-0.96514797,-0.75600976,-0.96514797,-0.99904331,-0.77609798,-0.93955807,10,"sitting"
-0.16692567,-0.1297021,0.18619984,-0.15034321,-0.96619603,-0.023344683,0.0639988,0.064967287,0.057429655,0.9883062,-0.28714699,0.92098482,-0.59238536,0.60122488,0.89800252,-0.96730304,-0.86048968,0.97152154,-0.60985764,-0.99302908,-0.66340188,-0.95966743,-0.46868618,0.63497861,-0.96273323,-0.66347741,-0.96273323,-0.99893162,-0.62802671,-0.96962594,10,"sitting"
-0.1732255,-0.12989201,0.1907519,-0.15698368,-0.96276703,-0.023886564,0.066184884,0.06574047,0.057429655,0.98852681,-0.026057546,0.91706369,-0.41932917,0.46936009,0.89756314,-0.96841711,-0.85412663,0.97004474,-0.52032003,-0.99285109,-0.67386716,-0.96633466,-0.45142703,0.65507301,-0.96748444,-0.67371904,-0.96748444,-0.99914451,-0.65780113,-0.98899635,10,"sitting"
-0.18170933,-0.13243704,0.19257922,-0.15957243,-0.96137665,-0.022661762,0.065087888,0.063943507,0.056710957,0.98843245,0.30102956,0.9138557,0.095926884,0.17574976,0.894865,-0.93605432,-0.85233956,0.96883587,-0.45283873,-0.99327104,-0.14493076,-0.94868448,-0.45152316,0.132345,-0.93385068,-0.1335025,-0.93385068,-0.99715945,-0.17699242,-0.98711297,10,"sitting"
-0.18017895,-0.13399613,0.1926509,-0.15971095,-0.96129861,-0.022305321,0.065087888,0.063444422,0.0548053,0.98843245,0.21090241,0.91482274,-0.14848963,0.34044496,0.89507202,-0.93462088,-0.85243082,0.96920044,-0.53520248,-0.99338791,-0.23006031,-0.92866712,-0.45177952,0.17288489,-0.92289763,-0.28523427,-0.92289763,-0.99627144,-0.16482703,-0.98589647,10,"sitting"
-0.18017895,-0.1432269,0.19593372,-0.16458416,-0.95852385,-0.022826968,0.066098995,0.064227295,0.055277299,0.98789369,0.14229665,0.91423285,-0.25648226,0.40956856,0.89507202,-0.91958406,-0.84773357,0.96897791,-0.56519658,-0.99320815,-0.42954344,-0.92758326,-0.43688181,0.38122626,-0.91714259,-0.43083126,-0.91714259,-0.99575732,-0.36916319,-0.98491911,10,"sitting"
-0.18592377,-0.1432269,0.19857401,-0.16848208,-0.95634207,-0.023912013,0.06641899,0.065807057,0.059845059,0.98789369,-0.21961273,0.91290594,-0.3683504,0.39512361,0.89422082,-0.97998782,-0.84360909,0.96847763,-0.4222212,-0.99283082,-0.75921302,-0.97966517,-0.42303733,0.73830205,-0.98133631,-0.57336611,-0.98133631,-0.99963718,-0.73276967,-0.99651296,10,"sitting"
-0.1847449,-0.14236534,0.19579622,-0.16439418,-0.95868373,-0.024774813,0.066792802,0.067036659,0.059845059,0.9881661,-0.076149485,0.91402624,-0.32615632,0.36903315,0.89435468,-0.98674693,-0.84689297,0.96890019,-0.41258504,-0.99253584,-0.67848848,-0.98333439,-0.43004035,0.65741737,-0.9854967,-0.29875794,-0.9854967,-0.99974795,-0.65740307,-0.99829325,10,"sitting"
-0.1847449,-0.13433633,0.19457566,-0.16253269,-0.95974525,-0.024365081,0.066564047,0.066413565,0.060426639,0.98788449,-0.11493014,0.91302115,-0.35379138,0.37854684,0.89435468,-0.98878359,-0.84875013,0.96852104,-0.40342802,-0.99268502,-0.14862699,-0.9856712,-0.43748945,0.072096351,-0.98873665,-0.12096963,-0.98873665,-0.99982227,-0.049190888,-0.99795811,10,"sitting"
-0.1845359,-0.13433633,0.19439699,-0.16224065,-0.95990726,-0.026496612,0.066564047,0.069467237,0.064934384,0.98787766,-0.2881892,0.91165385,-0.28073583,0.34927915,0.89332996,-0.99204354,-0.84781558,0.9680053,-0.41799859,-0.99190891,-0.42329861,-0.98970956,-0.43111465,0.38384763,-0.99072519,-0.25318246,-0.99072519,-0.99986282,-0.3815381,-0.99820523,10,"sitting"
-0.1845359,-0.13466925,0.19425811,-0.16207496,-0.95999953,-0.028713947,0.072564684,0.072674179,0.064934384,0.98787766,-0.25488399,0.91200437,-0.26791179,0.328364,0.89358417,-0.99326,-0.84672624,0.96813755,-0.38904193,-0.99110504,-0.47304189,-0.99166557,-0.42274111,0.44927949,-0.99324411,-0.39301759,-0.99324411,-0.99990845,-0.46063284,-0.99830443,10,"sitting"
-0.94106402,-0.96677403,0.91786552,-0.96118083,0.71702137,-0.27050537,0.39302792,0.4064839,0.41405411,-0.41308226,0.50004676,-0.99379307,-0.93039458,0.9389067,-0.42451973,-0.80117693,0.54253027,-0.40364981,-0.94716041,-0.68191479,-0.49617759,-0.79468455,0.0014214535,0.4517913,-0.79222992,-0.83254661,-0.79222992,-0.97651764,-0.43944284,-0.92088191,10,"laying"
-0.94106402,-0.909381,0.90208266,-0.94364867,0.65266938,-0.28427058,0.40064388,0.4207974,0.41664667,-0.34602632,0.037184158,-0.99007824,-0.86070278,0.86050106,-0.42451973,-0.97294867,0.51916401,-0.37139039,-0.85993844,-0.65894442,-0.81862297,-0.97432984,0.05409043,0.81132112,-0.97110615,-0.70100311,-0.97110615,-0.99929155,-0.81609956,-0.94783329,10,"laying"
-0.94442416,-0.91091821,0.90310844,-0.94876196,0.67096911,-0.28430983,0.41901662,0.42286885,0.41664667,-0.34010694,-0.1487218,-0.99219531,-0.6577594,0.66991638,-0.43032291,-0.96397512,0.52763316,-0.38286279,-0.68211948,-0.65564771,-0.21586979,-0.94732629,0.051450485,0.17251114,-0.95527005,-0.2280041,-0.95527005,-0.99855342,-0.18109469,-0.97625834,10,"laying"
-0.94779741,-0.91091821,0.90557924,-0.94925058,0.67271692,-0.28237059,0.41901662,0.41991275,0.41243165,-0.34554031,-0.23219778,-0.99351704,-0.54936423,0.61284936,-0.45615154,-0.96027367,0.5331204,-0.39071257,-0.67729539,-0.66054077,0.4574608,-0.94917696,0.029783818,-0.59062599,-0.95366667,0.11570391,-0.95366667,-0.99846417,0.63115134,-0.97979573,10,"laying"
-0.9476623,-0.90949754,0.90275282,-0.94647792,0.66276536,-0.28568743,0.41981909,0.42372669,0.41417413,-0.35068195,-0.00026864445,-0.99421053,-0.17522812,0.24649265,-0.45846615,-0.99492568,0.5363363,-0.39535259,-0.31942435,-0.65425871,0.088591891,-0.99325722,0.023522981,-0.18425663,-0.99339817,-0.36139976,-0.99339817,-0.99991109,0.21022889,-0.9929594,10,"laying"
-0.9476623,-0.90609979,0.90131265,-0.94581361,0.66038321,-0.28755425,0.42732691,0.42623291,0.41450904,-0.35322701,-0.042183823,-0.9949028,-0.2044284,0.23392384,-0.46398404,-0.99379924,0.53981005,-0.40024246,-0.26415807,-0.65011787,0.28291569,-0.99284198,0.019012828,-0.37265405,-0.99216878,-0.27594482,-0.99216878,-0.99988978,0.3800482,-0.99721743,10,"laying"
-0.94814713,-0.90666032,0.90159568,-0.94651523,0.66289584,-0.28740739,0.42684224,0.42628422,0.41470637,-0.35322701,-0.24463709,-0.99519125,-0.43046186,0.46775888,-0.46804893,-0.95358559,0.54132452,-0.40234015,-0.50565043,-0.65003194,0.25215202,-0.94882,0.017021556,-0.13490421,-0.94743892,-0.10919793,-0.94743892,-0.99809636,-0.076691597,-0.9906909,10,"laying"
-0.9484849,-0.90666032,0.90209658,-0.94675378,0.66375013,-0.28675963,0.42632165,0.4254174,0.41470637,-0.35412929,-0.23490638,-0.9949493,-0.57597132,0.58098951,-0.46579388,-0.96108738,0.54006586,-0.40056593,-0.58576167,-0.651471,0.22116958,-0.94955241,0.018764892,-0.12940244,-0.9537121,-0.30092163,-0.9537121,-0.99846677,-0.052072335,-0.9885219,10,"laying"
-0.94661971,-0.90613338,0.90111082,-0.94578437,0.66027981,-0.28825221,0.42632165,0.42717841,0.41992682,-0.37290846,-0.39460446,-0.99576748,-0.57080406,0.56939939,-0.46579388,-0.97817739,0.54493556,-0.40747649,-0.56776382,-0.64852692,-0.13466081,-0.97162495,0.0075492637,0.095353199,-0.97588221,-0.26162028,-0.97588221,-0.99946612,-0.11356218,-0.99330131,10,"laying"
-0.94661971,-0.90582399,0.89903754,-0.94516097,0.65804859,-0.29100144,0.42907319,0.43101892,0.42033912,-0.37290846,-0.3158186,-0.99695957,-0.5983291,0.59698129,-0.47301333,-0.98121655,0.55196347,-0.41737023,-0.59537517,-0.64210391,-0.068004553,-0.97610793,-0.0029065903,0.0042438327,-0.97881152,-0.18339476,-0.97881152,-0.99956159,-0.0011622544,-0.99204778,10,"laying"
-0.98536123,-1,0.99634277,-0.99881434,0.85607134,-0.18841892,0.29008926,0.29580649,0.29144122,-0.45474506,0.67101928,-0.99337614,-0.65883379,0.65762557,-0.42679335,-0.81096675,0.54476374,-0.40688534,-0.65617515,-0.83341477,-0.75199876,-0.77664055,-0.18543102,0.73263882,-0.77881516,-0.84664403,-0.77881516,-0.97352238,-0.72928637,-0.92284357,10,"laying"
-0.98536123,-0.95755334,0.98985319,-0.99303157,0.83376016,-0.19203101,0.29888244,0.29982502,0.28967545,-0.35087812,0.4019457,-0.99100091,-0.91553368,0.91704686,-0.42679335,-0.96430969,0.52334508,-0.37679002,-0.91819777,-0.8288181,-0.70174883,-0.9687916,-0.14543447,0.67815907,-0.96416677,-0.50550444,-0.96416677,-0.99899883,-0.67360542,-0.93938129,10,"laying"
-0.99624487,-0.95755334,0.9925497,-0.99777874,0.85159934,-0.19123557,0.30182242,0.29982464,0.28895947,-0.35176169,-0.30323786,-0.99402406,-0.49682846,0.4930882,-0.43977186,-0.9870086,0.5360525,-0.39447114,-0.48916761,-0.82882009,-0.38037553,-0.98181367,-0.16654374,0.33526978,-0.98386846,-0.25382398,-0.98386846,-0.99970665,-0.32999339,-0.97341089,10,"laying"
-0.99812455,-0.95703338,0.99351303,-0.99769561,0.85128416,-0.19055736,0.29681968,0.29875054,0.28895947,-0.35176169,-0.33084758,-0.9945745,-0.34454791,0.3470333,-0.46392819,-0.98888742,0.53841733,-0.39786866,-0.34898658,-0.83006288,-0.065564326,-0.9845732,-0.17617276,0.020163198,-0.98586682,-0.52641357,-0.98586682,-0.99975661,-0.035805777,-0.98867101,10,"laying"
-0.99869535,-0.95934658,0.99677321,-0.99884273,0.85562447,-0.18694523,0.29038882,0.29374426,0.28791235,-0.34764611,-0.1118383,-0.99434609,-0.52799095,0.54537772,-0.46259285,-0.98582053,0.53725669,-0.39623728,-0.56272537,-0.83578853,0.14128955,-0.98085452,-0.18329773,-0.17475932,-0.98358806,-0.34516274,-0.98358806,-0.99969924,0.13088902,-0.98832443,10,"laying"
-0.99934901,-0.95934703,0.99975644,-1,0.86000477,-0.18360463,0.29038882,0.28914703,0.28281271,-0.34764611,-0.083030279,-0.99408825,-0.39218731,0.41595204,-0.46042944,-0.98102174,0.53602426,-0.39449304,-0.43995229,-0.841015,0.73393611,-0.97895282,-0.18908509,-0.79232839,-0.9712448,0.26398342,-0.9712448,-0.99929723,0.73370064,-0.98836754,10,"laying"
-0.99996587,-0.95934703,1,-0.99982049,0.85932455,-0.18303949,0.29025268,0.28829169,0.27737809,-0.34415123,-0.13589799,-0.9936722,-0.12703746,0.14194374,-0.45779535,-0.98363474,0.5340365,-0.39169546,-0.15690797,-0.8419778,0.81818121,-0.97885388,-0.1864785,-0.9107048,-0.97395562,0.63456479,-0.97395562,-0.99939765,0.88313002,-0.99177627,10,"laying"
-0.99996587,-0.95915039,0.99950678,-0.99972624,0.85896741,-0.18352817,0.29025268,0.28899242,0.28056705,-0.34565153,-0.27271417,-0.99362186,-0.37206784,0.37514732,-0.45775549,-0.98944065,0.53381797,-0.39137643,-0.37805667,-0.84119018,-0.03953833,-0.98692632,-0.18424857,-0.036055406,-0.98864873,-0.34744879,-0.98864873,-0.99982044,0.050499225,-0.99311031,10,"laying"
-1,-0.95915039,0.9990128,-0.99961699,0.85855365,-0.18424329,0.29026658,0.28999954,0.28056705,-0.34611869,-0.085383844,-0.99388297,-0.45219081,0.45300832,-0.45775549,-0.99048647,0.5350479,-0.393114,-0.45353941,-0.84005908,-0.082022084,-0.98793053,-0.18519543,0.024873709,-0.98933038,-0.29762362,-0.98933038,-0.99983482,-0.026962889,-0.99343759,10,"laying"
-0.99777523,-0.95822204,0.9989417,-0.9989217,0.85592202,-0.18442061,0.29044111,0.29004942,0.28247886,-0.3489411,-0.21868386,-0.99403242,-0.24292123,0.24035658,-0.45947063,-0.98409004,0.53571526,-0.39411582,-0.23747827,-0.84000145,-0.27506583,-0.98538025,-0.18887671,0.23169048,-0.98438892,-0.12091165,-0.98438892,-0.99971969,-0.23583733,-0.98700427,10,"laying"
-0.99736634,-0.95822204,0.99760251,-0.99787703,0.85197234,-0.18602502,0.29044111,0.29210145,0.28421868,-0.35000733,-0.41279346,-0.99429283,-0.071522852,0.065426725,-0.45947063,-0.98572697,0.53696368,-0.39592641,-0.058990755,-0.83767451,-0.35140784,-0.98602904,-0.18971211,0.29921117,-0.98582445,-0.2040318,-0.98582445,-0.99975517,-0.28858389,-0.986177,10,"laying"
-0.99736634,-0.95913501,0.99815282,-0.99857344,0.85460822,-0.1853553,0.28964279,0.29132211,0.28421868,-0.35000733,-0.53186429,-0.99416473,-0.22367228,0.21911494,-0.45949219,-0.98759269,0.53637525,-0.39505399,-0.21411406,-0.83855071,-0.31565354,-0.98718231,-0.18822577,0.25337614,-0.98802416,-0.33300813,-0.98802416,-0.99980683,-0.23435424,-0.98732256,10,"laying"
-0.9999867,-0.95913501,0.99912943,-0.99965287,0.8586895,-0.18429002,0.28964279,0.29006023,0.28225834,-0.34985486,-0.49730095,-0.99411596,-0.50892248,0.51394603,-0.45949219,-0.97951137,0.53616603,-0.39470177,-0.51873626,-0.83998524,-0.3217375,-0.97398518,-0.18798897,0.29745411,-0.97772552,-0.2791118,-0.97772552,-0.99952719,-0.31822916,-0.99437062,10,"laying"
-0.99892986,-0.95804864,0.99791497,-0.99883651,0.85559919,-0.18630073,0.29165011,0.29272214,0.28239862,-0.36317068,-0.37420785,-0.99510814,-0.43107628,0.44055715,-0.46308653,-0.97855941,0.54123728,-0.40192364,-0.45022203,-0.83698232,-0.05112011,-0.9725406,-0.1969803,0.056921714,-0.9748061,-0.27683833,-0.9748061,-0.99942877,-0.12819441,-0.98500604,10,"laying"
-0.99892279,-0.95788894,0.99819545,-0.99820016,0.8531917,-0.18683016,0.29518171,0.29322671,0.28239862,-0.36603789,-0.15651993,-0.9962662,-0.29826564,0.29748406,-0.46845172,-0.98594355,0.5477168,-0.41116891,-0.29674334,-0.83641178,0.45828928,-0.98228663,-0.21513826,-0.46579084,-0.98327724,-0.26142786,-0.98327724,-0.99969093,0.37210415,-0.98665994,10,"laying"
-0.99892279,-0.95901611,0.99880799,-0.99846679,0.85420091,-0.18637539,0.29315827,0.29260933,0.28202514,-0.36603789,-0.3987793,-0.99654699,-0.46449743,0.46363775,-0.47378864,-0.98986879,0.5493385,-0.41346826,-0.46259419,-0.83711297,0.085073915,-0.98688804,-0.22048538,-0.16826961,-0.98866691,-0.16409282,-0.98866691,-0.99982083,0.18146978,-0.99300097,10,"laying"
-0.99896098,-0.95920255,0.99976071,-0.99967016,0.85875619,-0.18494333,0.29147423,0.29088626,0.28176322,-0.36546205,-0.24893041,-0.99594047,-0.46450454,0.46373858,-0.47291037,-0.98683593,0.54574465,-0.40831532,-0.46277278,-0.83905864,-0.24345762,-0.98239751,-0.21191286,0.20630214,-0.98551078,-0.099363218,-0.98551078,-0.99974828,-0.219066,-0.99221383,10,"laying"
0.034086305,0.051471895,0.051139651,0.048106796,-0.99115707,-0.031051326,0.072075711,0.075671939,0.072185018,0.98053907,-0.049865603,0.92103203,-0.43794766,0.52602839,0.90580642,-0.40420568,-0.90844321,0.97152677,-0.6126965,-0.99027441,-0.1409896,-0.30045985,-0.61951927,0.13972221,-0.23416067,0.12810381,-0.23416067,-0.70178853,-0.19777627,-0.69855964,10,"walking"
0.034086305,0.065273783,0.045547473,0.055968836,-0.98936216,-0.034170875,0.074856561,0.079812483,0.079775732,0.9785087,-0.041208577,0.90118358,-0.38528099,0.47356822,0.90052855,-0.41709662,-0.89963671,0.96404092,-0.55964424,-0.98907476,0.054906287,-0.29234446,-0.6015,-0.038231218,-0.27164605,0.24495199,-0.27164605,-0.73002902,-0.051644047,-0.52894305,10,"walking"
0.027790834,0.053265578,0.055878147,0.040895756,-0.99303503,-0.040524138,0.077104193,0.088836295,0.09253509,0.9785087,-0.073894548,0.90127942,-0.17141523,0.2728184,0.89504211,-0.4124263,-0.90267346,0.96408104,-0.36769169,-0.98619099,-0.085592014,-0.27971577,-0.61824327,0.10402322,-0.2445333,-0.10768288,-0.2445333,-0.70986136,-0.18638293,-0.50316965,10,"walking"
0.018483331,0.053265578,0.059929753,0.035045873,-0.99448456,-0.038789138,0.07315532,0.086454431,0.09253509,0.97856477,-0.1004651,0.90732392,-0.32565156,0.41649051,0.89507323,-0.3737874,-0.90801997,0.96636865,-0.5039077,-0.98687226,-0.025058259,-0.2062169,-0.63609488,0.073545646,-0.23035609,-0.076632659,-0.23035609,-0.69900253,-0.19215464,-0.44521884,10,"walking"
0.019803761,0.058094712,0.05380742,0.043572551,-0.99262776,-0.03202314,0.073071825,0.076341725,0.077736809,0.96318845,0.050190345,0.88306237,-0.40429002,0.48867584,0.89507323,-0.41257819,-0.9100724,0.95714723,-0.57179199,-0.99006051,0.07868501,-0.25337771,-0.6576938,-0.038011551,-0.27205821,-0.081857628,-0.27205821,-0.73034301,-0.078050339,-0.63218032,10,"walking"
0.019803761,0.067141692,0.051932149,0.046010563,-0.9920699,-0.028341516,0.065496604,0.070841172,0.068255616,0.96289051,0.094639553,0.86730204,-0.40308874,0.49054104,0.89032659,-0.40463261,-0.911952,0.95115931,-0.57685957,-0.99154062,0.1632033,-0.21956285,-0.67728538,-0.12362797,-0.24879026,-0.19104634,-0.24879026,-0.71302431,0.0071925359,-0.60406123,10,"walking"
0.024156464,0.067125519,0.052313059,0.045807588,-0.99210276,-0.025738567,0.062043387,0.067504466,0.066699549,0.96289051,0.088668881,0.88872251,-0.46413755,0.5472731,0.89460551,-0.38154057,-0.91488763,0.95930493,-0.62922726,-0.99237875,0.14866113,-0.19226596,-0.67108895,-0.11353583,-0.19734432,0.17998523,-0.19734432,-0.67257505,-0.001061577,-0.45741659,10,"walking"
0.024854337,0.067125519,0.050013213,0.049490508,-0.99115905,-0.026301005,0.062043387,0.06862549,0.066213681,0.97856603,0.004858899,0.90722729,-0.4563653,0.55016076,0.90383834,-0.28491717,-0.91191318,0.96632327,-0.64300049,-0.99210616,0.1303574,-0.13548831,-0.64459627,-0.088286738,-0.10476441,0.27663429,-0.10476441,-0.59418502,-0.031299059,-0.49243517,10,"walking"
0.024854337,0.070635843,0.04957753,0.05040995,-0.99094215,-0.027279165,0.066837212,0.070288642,0.066903929,0.97914804,-0.15081584,0.92269567,-0.4186823,0.51165589,0.90805661,-0.24947513,-0.91052183,0.97214858,-0.60352032,-0.99170825,0.27107213,-0.097071822,-0.62645363,-0.21471973,-0.097014029,0.17207808,-0.097014029,-0.58727384,0.074698804,-0.56034381,10,"walking"
0.021675126,0.060662664,0.054432839,0.043349591,-0.99265532,-0.028896325,0.067153288,0.072658178,0.068816387,0.98904917,-0.17851139,0.92693227,-0.27471982,0.36983328,0.90805661,-0.32755036,-0.91391455,0.97375276,-0.46052768,-0.99109073,0.022702804,-0.12552499,-0.63621054,0.028855969,-0.13948641,0.078527204,-0.13948641,-0.62479228,-0.15244201,-0.56020077,10,"walking"
0.018205339,0.060662664,0.056801927,0.039616458,-0.99355414,-0.030695665,0.072498693,0.074923746,0.072764703,0.97995665,-0.13446851,0.90981559,-0.25176548,0.353354,0.89847415,-0.27167523,-0.91431963,0.96730551,-0.45024077,-0.99047448,-0.17361441,-0.037450932,-0.65269221,0.21352277,-0.068496317,-0.18035579,-0.068496317,-0.56110854,-0.31214564,-0.52113719,10,"walking"
0.018207626,0.062589556,0.054456777,0.042993176,-0.99278649,-0.026746088,0.058872728,0.069242331,0.072764703,0.97995665,-0.085392144,0.90752634,-0.27335167,0.3664082,0.89758882,-0.28599713,-0.91611162,0.96644225,-0.45517971,-0.99187259,-0.13706312,-0.086998516,-0.66036348,0.20790048,-0.08752922,-0.33327337,-0.08752922,-0.57867053,-0.34134024,-0.47016905,10,"walking"
0.02181806,0.065887954,0.053728875,0.044190941,-0.99250464,-0.021555705,0.058872728,0.061965027,0.060648567,0.98506609,-0.0080496615,0.91723921,-0.19548674,0.29754727,0.89842426,-0.34746725,-0.92035646,0.97010975,-0.39266521,-0.99369766,-0.19219537,-0.20171123,-0.66950389,0.26744874,-0.16116593,-0.28323492,-0.16116593,-0.64324454,-0.40221136,-0.4072835,10,"walking"
0.032708659,0.047803918,0.057490984,0.03855719,-0.99342814,-0.059622843,0.063460372,0.11600783,0.14441902,0.97601317,-0.050739168,0.89330425,-0.15711169,0.2479935,0.89096396,-0.51451723,-0.8811555,0.96106247,-0.33222771,-0.97443229,-0.2559317,-0.36092211,-0.5577942,0.24898152,-0.34382331,-0.64984268,-0.34382331,-0.78018994,-0.29296398,-0.59465327,10,"walking"
0.032847555,0.0591249,0.04628937,0.054674185,-0.98967521,-0.032488719,0.058021051,0.077205865,0.12773936,0.97242065,-0.064500611,0.89095824,-0.34162805,0.4471254,0.89096396,-0.32322013,-0.90204987,0.96016848,-0.54921986,-0.98871913,0.16000378,-0.17155307,-0.61942731,-0.090720875,-0.13680243,-0.45831176,-0.13680243,-0.62204425,-0.063885309,-0.60237126,10,"walking"
0.032847555,0.078171913,0.044949766,0.056594522,-0.98922905,-0.019531381,0.058021051,0.058772353,0.0537547,0.97242065,-0.047036514,0.89322944,-0.40273704,0.49531389,0.89676428,-0.32670056,-0.91210793,0.9610247,-0.58643003,-0.99440245,0.39071248,-0.14540735,-0.6618216,-0.35626473,-0.13309591,-0.087379396,-0.13309591,-0.61926412,0.23151832,-0.48532705,10,"walking"
0.028200301,0.078171913,0.046713446,0.054470251,-0.98984458,-0.019016457,0.055349263,0.058357826,0.054294484,0.97434401,-0.068551534,0.9170751,-0.42687123,0.51232163,0.90451339,-0.43912676,-0.91461174,0.97003396,-0.59607918,-0.99448366,0.3188928,-0.2891322,-0.65137369,-0.32211352,-0.28330344,0.19158672,-0.28330344,-0.73837164,0.24337275,-0.37171873,10,"walking"
0.029651406,0.078907573,0.045836914,0.055907519,-0.98943528,-0.021392306,0.055349263,0.061874477,0.063828299,0.98362955,0.053553086,0.92419108,-0.29268766,0.38103263,0.90451339,-0.39412643,-0.91162545,0.9727235,-0.46531125,-0.99368158,0.25963297,-0.259326,-0.63290206,-0.24028183,-0.26358719,0.13021576,-0.26358719,-0.72411793,0.14136989,-0.57507325,10,"walking"
0.036307407,0.081448044,0.044112214,0.058128298,-0.98878568,-0.023015817,0.04907846,0.063968045,0.063828299,0.97901954,0.14409423,0.90777852,-0.18985025,0.28154884,0.8987279,-0.34492799,-0.90826233,0.96653662,-0.3668143,-0.99319788,-0.034865334,-0.17907419,-0.63317411,0.091261075,-0.17261687,-0.31668497,-0.17261687,-0.65280279,-0.21554917,-0.36189531,10,"walking"
0.040176273,0.081448044,0.041204199,0.06242857,-0.98745176,-0.016261043,0.044232939,0.05436342,0.063532252,0.97901954,0.083685452,0.91132735,-0.32084004,0.42339743,0.90438411,-0.21155538,-0.91002736,0.96786916,-0.52271223,-0.99513845,-0.11224582,0.011949248,-0.64459806,0.15172103,0.0040911004,-0.52767596,0.0040911004,-0.49081568,-0.25412802,-0.38594559,10,"walking"
0.040176273,0.07014069,0.044742084,0.057828052,-0.98872691,-0.01631176,0.044232939,0.054799064,0.059544264,0.98435135,0.012224705,0.94138986,-0.29213192,0.40298039,0.91950827,-0.2219733,-0.91435829,0.97915713,-0.5115706,-0.9950637,-0.077770068,-0.049090882,-0.63422115,0.10854552,0.01463159,-0.51308442,0.01463159,-0.48017825,-0.20409217,-0.38165287,10,"walking"
0.029001652,0.07014069,0.051185307,0.048609446,-0.99139918,-0.018370884,0.049172589,0.057963504,0.059544264,0.99224359,-0.019597834,0.95828114,-0.30463694,0.4085832,0.92063033,-0.32225125,-0.92035616,0.9854794,-0.51121049,-0.99449571,-0.036858443,-0.16333684,-0.63864237,0.077388614,-0.088525259,-0.24988015,-0.088525259,-0.57958576,-0.18538759,-0.43321628,10,"walking"
0.033145405,0.070325811,0.047989384,0.052725566,-0.99027044,-0.017953786,0.049172589,0.056924639,0.058862182,0.97391346,-0.063282189,0.92446676,-0.37828875,0.47115451,0.92063033,-0.26902174,-0.91698056,0.97276791,-0.56331415,-0.99473513,0.0082179408,-0.086945001,-0.65468393,0.033700276,-0.064719917,-0.22110778,-0.064719917,-0.55758348,-0.14413572,-0.50849005,10,"walking"
0.033145405,0.079116952,0.044621828,0.057234125,-0.98904752,-0.022293852,0.057452156,0.062822892,0.059096973,0.97279011,0.028001427,0.90060425,-0.39581287,0.48772938,0.90793865,-0.29123419,-0.90945927,0.96380642,-0.579311,-0.99350213,-0.019927262,-0.0054387032,-0.64391229,0.061736447,-0.07825297,-0.16357668,-0.07825297,-0.57007811,-0.16992255,-0.44425039,10,"walking"
0.03229498,0.074662018,0.047112513,0.054257112,-0.9898896,-0.021691763,0.058446326,0.062474225,0.059096973,0.97279011,0.094254525,0.93634212,-0.48473318,0.57539555,0.91726036,-0.35487748,-0.91284508,0.97723743,-0.66615568,-0.9935843,0.12007278,-0.15793277,-0.62710134,-0.090707914,-0.19081207,0.069036863,-0.19081207,-0.66770961,-0.013178429,-0.41347226,10,"walking"
0.024428496,0.073725147,0.049759337,0.050298563,-0.99097482,-0.019963025,0.058446326,0.059933081,0.055092083,0.97816386,-0.081928972,0.93380667,-0.48509084,0.57770124,0.91726036,-0.24143486,-0.9173586,0.9762892,-0.67016348,-0.99415199,0.46406504,-0.045929922,-0.64646474,-0.44187928,-0.11550186,0.37673013,-0.11550186,-0.60379809,0.32778724,-0.43265058,10,"walking"
0.031482899,0.031696369,0.067248948,0.02311854,-0.99618611,-0.054342471,0.076084774,0.10558685,0.11631777,0.91713753,0.01169872,0.79280154,-0.64810662,0.72405138,0.88595023,0.095679531,-0.89387217,0.92230063,-0.80089393,-0.97983763,-0.040905473,0.17565199,-0.70210192,0.094784464,0.24105546,-0.6114317,0.24105546,-0.22510295,-0.21917795,-0.66835317,10,"walking_downstairs"
0.0031428079,0.031696369,0.075506354,0.011820252,-0.9981967,-0.047068698,0.089391221,0.096796465,0.1102967,0.91714739,-0.063893738,0.84854456,-0.6547276,0.73306164,0.90109589,-0.095371588,-0.90760106,0.94375948,-0.81213779,-0.9833877,-0.016791504,0.13230883,-0.71500816,0.057534462,0.10941696,-0.51984406,0.10941696,-0.37961418,-0.1691196,-0.087324745,10,"walking_downstairs"
0.0090675165,0.031845931,0.069610314,0.020823829,-0.99687652,-0.042352611,0.087916537,0.091342311,0.086881035,0.95994928,0.021710825,0.89994879,-0.63327489,0.70911442,0.9015924,-0.11654762,-0.91056483,0.96353873,-0.78531012,-0.98544967,-0.20247949,0.017059938,-0.66709749,0.18908172,0.050147,-0.37776092,0.050147,-0.44352976,-0.22974557,0.36513597,10,"walking_downstairs"
0.013423243,0.038700197,0.065349136,0.02632192,-0.99601472,-0.042584695,0.078225209,0.09031421,0.086726113,0.93066322,0.066471903,0.83982543,-0.61888075,0.6956966,0.9015924,-0.060087181,-0.90751911,0.94044905,-0.77293395,-0.9857726,-0.34844071,0.24456667,-0.69931401,0.33254574,0.17236439,-0.3044106,0.17236439,-0.30788212,-0.36040728,-0.12744242,10,"walking_downstairs"
0.015209531,0.038700197,0.061782304,0.030944288,-0.99515023,-0.03620311,0.070162194,0.080631625,0.085177763,0.93066322,0.22524654,0.80463585,-0.576387,0.65421037,0.86402864,0.0069324279,-0.91251527,0.92700752,-0.73188591,-0.98867845,-0.32781686,0.18526481,-0.73848122,0.36196361,0.20329049,-0.22710176,0.20329049,-0.27105334,-0.44513421,-0.045005383,10,"walking_downstairs"
0.015209531,0.042239662,0.064250042,0.027658772,-0.9957583,-0.034084293,0.070162194,0.078040145,0.083793015,0.94538977,0.11533607,0.82326185,-0.47822991,0.55837564,0.87081381,-0.14480566,-0.91695026,0.9342524,-0.63618509,-0.98951526,-0.2149696,0.080544847,-0.74039658,0.26774251,0.11325523,-0.36439773,0.11325523,-0.37532679,-0.37844573,-0.62770405,10,"walking_downstairs"
0.075791628,0.056859729,0.046391711,0.051852349,-0.98977407,-0.032794854,0.015697882,0.074989062,0.087376589,0.89517318,0.32200135,0.75485107,-0.62985032,0.70403856,0.87619847,-0.11588138,-0.9018583,0.90731284,-0.77880563,-0.98971178,-0.4509615,0.13699184,-0.734652,0.44388166,0.11465974,-0.54916465,0.11465974,-0.37345607,-0.47448143,-0.58278967,10,"walking_downstairs"
0.047002964,0.057017246,0.0409005,0.059214528,-0.988035,-0.031174829,0.060012473,0.072496859,0.079239128,0.89517318,0.13026111,0.73868655,-0.59035922,0.67814952,0.86671924,-0.059586391,-0.89748914,0.90103514,-0.76686321,-0.99103765,-0.13062577,0.25172552,-0.73339014,0.20204101,0.18128343,-0.42156942,0.18128343,-0.2971892,-0.33879587,-0.30818311,10,"walking_downstairs"
0.047002964,0.074243024,0.037238145,0.066504745,-0.98607289,-0.026954959,0.059151383,0.068370951,0.073203941,0.9141757,0.23534624,0.8322005,-0.62536245,0.7101128,0.88721518,-0.12802352,-0.89696923,0.93754612,-0.79570129,-0.99213489,0.031980272,0.11263905,-0.65440902,0.10971237,0.10072599,-0.38057223,0.10072599,-0.38917614,-0.3329286,-0.061180496,10,"walking_downstairs"
0.04383126,0.069335749,0.045601364,0.054756152,-0.98960589,-0.029669158,0.050536805,0.07235972,0.077771014,0.92351243,0.036976198,0.84520496,-0.67132384,0.73711491,0.88721518,-0.13642929,-0.90400982,0.94258995,-0.80327971,-0.99098697,-0.047054847,-0.084985566,-0.66595641,0.15522208,0.028141697,-0.55283985,0.028141697,-0.46641671,-0.33708017,0.043512461,10,"walking_downstairs"
0.034414316,0.062185845,0.047994605,0.050417171,-0.99082022,-0.014884706,0.016358577,0.051002918,0.077771014,0.92351243,-0.04104413,0.80228238,-0.67506597,0.74413693,0.88766075,-0.096304163,-0.91940296,0.92600732,-0.81397781,-0.99453697,-0.24195216,0.087877604,-0.76669369,0.27845508,0.11257307,-0.64680402,0.11257307,-0.37608057,-0.36975769,0.29488409,10,"walking_downstairs"
0.034414316,0.060455181,0.051672471,0.046036163,-0.99187737,-0.014365243,0.016358577,0.050867082,0.072940496,0.92428359,-0.037381104,0.85146403,-0.63085486,0.71487129,0.89874937,0.015529875,-0.92423314,0.94487432,-0.79986211,-0.99459414,-0.24647737,0.14773014,-0.74267369,0.3040895,0.20981536,-0.51910488,0.20981536,-0.26336861,-0.41761754,-0.55714737,10,"walking_downstairs"
0.10781222,0.047812289,0.048238874,0.050323489,-0.98867625,-0.034524388,0.043694413,0.078479658,0.099379735,0.93529594,0.11966117,0.80975959,-0.55723607,0.63637336,0.87222294,-0.1518492,-0.90202624,0.92900288,-0.71466258,-0.98862743,-0.22384273,0.19325797,-0.68776804,0.17145861,0.13407528,-0.405598,0.13407528,-0.35199023,-0.16950612,-0.63327253,10,"walking_downstairs"
0.046689905,0.047812289,0.050597408,0.047463714,-0.9908619,-0.023992056,0.054468695,0.064281014,0.082683323,0.93529594,-0.04053913,0.84180705,-0.55573508,0.63074254,0.88998746,-0.11285856,-0.91469955,0.94128838,-0.70517498,-0.99296614,-0.21934224,0.14043971,-0.70984959,0.24989128,0.18379384,-0.2444371,0.18379384,-0.2943822,-0.33684009,-0.40005243,10,"walking_downstairs"
0.046689905,0.069637867,0.039571667,0.064319014,-0.98672647,-0.020931647,0.058108166,0.06070799,0.061296935,0.95988988,0.21440368,0.88688376,-0.51608077,0.60499015,0.89693458,-0.034252039,-0.90455312,0.95860405,-0.69399224,-0.99395282,-0.092478663,0.10671825,-0.64032746,0.12397308,0.19050393,-0.14772291,0.19050393,-0.28643003,-0.22088503,-0.10676616,10,"walking_downstairs"
0.044655668,0.0657225,0.046194386,0.053669611,-0.98982809,-0.021755946,0.058108981,0.061070464,0.06390495,0.92902506,0.2451903,0.83589163,-0.6070414,0.68567613,0.89693458,-0.094974967,-0.91173353,0.93895508,-0.76475622,-0.99388074,-0.2492863,0.14968177,-0.70606236,0.26163936,0.23778491,-0.35668484,0.23778491,-0.2289015,-0.32689821,-0.12612053,10,"walking_downstairs"
0.030043438,0.0657225,0.049007637,0.049388812,-0.99114391,-0.015222736,0.023429527,0.051749295,0.06390495,0.92902506,0.16543619,0.82445085,-0.67166189,0.73948985,0.88509249,-0.057118042,-0.92036703,0.93460208,-0.80781755,-0.99512581,-0.28480306,0.18629348,-0.75096474,0.30647635,0.13755664,-0.53909107,0.13755664,-0.34803471,-0.37856235,-0.0062027788,10,"walking_downstairs"
0.030043438,0.069419055,0.049264869,0.049599772,-0.99111243,-0.009922658,0.023429527,0.044689264,0.070033021,0.94782889,0.14993439,0.85696089,-0.60558104,0.68000906,0.88509249,-0.011989069,-0.92458416,0.94719909,-0.75430138,-0.99612401,-0.08945277,0.17682477,-0.74503345,0.13113972,0.16054799,-0.59861488,0.16054799,-0.32165944,-0.23763552,-0.47268295,10,"walking_downstairs"
0.024184611,0.069419055,0.049887374,0.048731557,-0.99136931,-0.025568904,0.024510021,0.066719626,0.081344797,0.96043124,0.068909161,0.85471491,-0.42559325,0.5100091,0.88326328,0.047900683,-0.91246564,0.9463481,-0.59032321,-0.99155499,0.12951195,0.29830599,-0.69016094,-0.023652208,0.23366562,-0.58686019,0.23366562,-0.23427081,-0.1645577,-0.63040303,10,"walking_downstairs"
0.13774147,0.095892112,0.0062735731,0.11222017,-0.96479301,-0.063733449,0.015021765,0.12112487,0.18476774,0.94918433,0.26124359,0.84242302,-0.50389693,0.57095442,0.87692383,-0.2149591,-0.82954664,0.94162169,-0.63578362,-0.96766454,-0.40039043,-0.041265351,-0.38146427,0.39666168,-0.057173027,-0.81396916,-0.057173027,-0.55049624,-0.43442295,-0.65337131,10,"walking_upstairs"
0.13855496,0.12702629,-0.022514925,0.15220685,-0.94342247,-0.010822542,0.0087726616,0.04595258,0.15022812,0.93564811,0.22668125,0.81180477,-0.57020762,0.63343132,0.87391328,-0.36167396,-0.82618433,0.92979655,-0.69569042,-0.99242235,-0.29790694,-0.26021059,-0.49648052,0.31738082,-0.22160495,-0.85851746,-0.22160495,-0.69219811,-0.38728538,-0.63692872,10,"walking_upstairs"
0.13855496,0.15077659,-0.019057637,0.14676606,-0.94711389,0.01204207,0.0021111645,0.013741387,0.02610741,0.93564811,0.058806418,0.80591817,-0.5637176,0.62056186,0.86460754,-0.37464788,-0.83565289,0.92752236,-0.67622947,-0.99965312,-0.3504486,-0.30033814,-0.59696266,0.37029142,-0.22648936,-0.61718019,-0.22648936,-0.69599664,-0.43627099,-0.25207009,10,"walking_upstairs"
0.13943271,0.15077659,-0.017922036,0.14548647,-0.94792526,0.015578045,-0.0075854624,0.008784848,0.02610741,0.93230568,0.096902129,0.81428417,-0.62676345,0.67558639,0.86460754,-0.33797433,-0.83746567,0.93076211,-0.72373712,-0.99957874,-0.42268336,-0.24998645,-0.58823233,0.44448195,-0.2237998,-0.5580909,-0.2237998,-0.6938555,-0.50777106,0.049447405,10,"walking_upstairs"
0.13943271,0.16087135,-0.027967425,0.15909646,-0.93923316,0.013166516,-0.0075854624,0.012153085,0.028006111,0.929768,0.2879851,0.79255578,-0.62275663,0.66786154,0.86460327,-0.37441621,-0.82282421,0.92230522,-0.71197172,-0.99949676,-0.46504804,-0.22459813,-0.56327143,0.50119289,-0.24241172,-0.59456061,-0.24241172,-0.70825464,-0.57700383,-0.30761542,10,"walking_upstairs"
0.13766097,0.16448111,-0.025987931,0.15561004,-0.94160825,0.016450265,-0.022655186,0.0075436201,0.028006111,0.929768,0.29532328,0.78011734,-0.59748255,0.65036537,0.84912843,-0.45213007,-0.8258008,0.91748008,-0.70186609,-0.99927305,-0.34055617,-0.28243931,-0.57294569,0.34995165,-0.26754223,-0.67405181,-0.26754223,-0.72701355,-0.40527171,-0.10463468,10,"walking_upstairs"
0.13185432,0.16448111,-0.02577057,0.1557957,-0.94155194,0.026012575,-0.022655186,-0.0058358827,0.013497457,0.93526026,0.18979178,0.79018427,-0.54809213,0.61006942,0.85203587,-0.3800473,-0.82575119,0.92141282,-0.67018988,-0.99946163,-0.26590555,-0.275166,-0.57532308,0.28605516,-0.26103848,-0.73151899,-0.26103848,-0.72221886,-0.35739074,-0.42961044,10,"walking_upstairs"
0.13185432,0.16027728,-0.026253888,0.156562,-0.94106745,0.014367806,-0.02258201,0.0104664,0.024174211,0.93377963,0.050890372,0.79168529,-0.55135563,0.60061725,0.85236262,-0.30591557,-0.82535933,0.92199612,-0.64800925,-0.99941453,-0.34486674,-0.14274466,-0.56916795,0.39673824,-0.17897708,-0.74356584,-0.17897708,-0.65791542,-0.49741841,-0.19172469,10,"walking_upstairs"
0.14056068,0.081057804,0.0013513282,0.12006906,-0.9596307,-0.050818739,-0.044456732,0.10343732,0.19155187,0.95177714,0.22019015,0.86659142,-0.58179004,0.63807167,0.90493397,-0.33013519,-0.83507787,0.95083748,-0.6938096,-0.97087649,-0.45434382,-0.17153389,-0.37735795,0.47230448,-0.18697639,-0.82085883,-0.18697639,-0.66458097,-0.529663,-0.61959468,10,"walking_upstairs"
0.14056068,0.15052081,-0.028628401,0.16174886,-0.93735865,-0.01038201,-0.0035297796,0.045525784,0.17563523,0.94144931,0.10493375,0.82395398,-0.52709459,0.57891806,0.87669455,-0.44134846,-0.81767568,0.93449576,-0.62917584,-0.98940669,-0.37726182,-0.29451676,-0.44320687,0.40789023,-0.27844232,-0.84375452,-0.27844232,-0.73499076,-0.4840484,-0.58054557,10,"walking_upstairs"
0.13923505,0.15097961,-0.02165731,0.15045216,-0.94471455,0.012870722,-0.0035297796,0.012578578,0.034616058,0.93707646,0.036249188,0.80380328,-0.63602444,0.68387871,0.86037767,-0.44046203,-0.83194263,0.92670773,-0.73083166,-0.99934957,-0.28971771,-0.29945678,-0.57725691,0.29474256,-0.27543642,-0.62063911,-0.27543642,-0.73278028,-0.34869969,-0.24391155,10,"walking_upstairs"
0.13792638,0.15097961,-0.018127066,0.14489121,-0.94842817,0.014315417,-0.017607381,0.010533874,0.034616058,0.9367406,0.1109273,0.79448521,-0.66621935,0.70727987,0.85781446,-0.36845651,-0.83712534,0.92308298,-0.74748049,-0.99920485,-0.3033837,-0.2112927,-0.59484513,0.31425038,-0.22400292,-0.54894707,-0.22400292,-0.69406336,-0.37408806,0.11560778,10,"walking_upstairs"
0.13897534,0.15680006,-0.026429942,0.15621114,-0.9411846,0.012111189,-0.017607381,0.013599226,0.037829182,0.92593315,0.13085887,0.77921295,-0.54581661,0.58940282,0.85653132,-0.28232795,-0.82498902,0.91712104,-0.63137309,-0.99902432,-0.25711018,-0.10643245,-0.56737817,0.31720985,-0.15223898,-0.6821057,-0.15223898,-0.63569167,-0.43309952,-0.38738714,10,"walking_upstairs"
0.13897534,0.16187526,-0.02334139,0.15160916,-0.94421653,0.0064686116,-0.012687561,0.021449703,0.039185032,0.92593315,0.1539635,0.77620366,-0.46341896,0.50839575,0.85134388,-0.22910176,-0.82890965,0.9159417,-0.55148849,-0.99858432,-0.34379756,-0.12432428,-0.566646,0.37195854,-0.072367773,-0.70945331,-0.072367773,-0.56463786,-0.44714772,-0.29916527,10,"walking_upstairs"
0.13758728,0.16187526,-0.025563902,0.15525424,-0.94174935,0.018506721,-0.014992246,0.0046718389,0.039185032,0.92919326,0.27120083,0.78545793,-0.4340624,0.48752095,0.85134388,-0.2622555,-0.82642307,0.91956401,-0.53798945,-0.99901195,-0.28453631,-0.15144544,-0.56231279,0.31611654,-0.097650162,-0.71735606,-0.097650162,-0.58774129,-0.39885036,-0.35317171,10,"walking_upstairs"
0.13758728,0.17192058,-0.030609852,0.16332171,-0.9364646,0.0087390715,-0.014992246,0.018392492,0.046416423,0.93525367,0.27266397,0.79970602,-0.44356907,0.50207678,0.85914646,-0.35928783,-0.81867052,0.92511438,-0.55700778,-0.99848923,-0.17461781,-0.24757412,-0.51664211,0.2180134,-0.18940582,-0.76564773,-0.18940582,-0.66644265,-0.32080517,-0.40958201,10,"walking_upstairs"
0.13114957,0.16040661,-0.017946051,0.14821957,-0.94649479,-0.066364288,0.024005929,0.12571407,0.19400783,0.94926845,0.019050948,0.84909774,-0.64955672,0.70223198,0.88425661,-0.33103367,-0.79947677,0.94416806,-0.75427976,-0.96540805,-0.17770587,-0.17162729,-0.26654459,0.17780828,-0.1870196,-0.83962696,-0.1870196,-0.66463813,-0.23437815,-0.64637755,10,"walking_upstairs"
0.12613696,0.16396502,-0.021172239,0.15255643,-0.94378669,-0.013964263,0.0096306687,0.050972171,0.16683422,0.95697888,0.17015023,0.86117714,-0.63551261,0.69150787,0.88425661,-0.39319454,-0.82700835,0.9488167,-0.74664693,-0.99112804,-0.18536599,-0.23308627,-0.44554388,0.24770137,-0.24443553,-0.861608,-0.24443553,-0.7097897,-0.37015895,-0.65115807,10,"walking_upstairs"
0.12516723,0.13547064,-0.013397856,0.14017028,-0.95120054,0.010736894,-0.00075525064,0.015663642,0.025127009,0.95307113,0.016823534,0.84361826,-0.53569771,0.58446479,0.87700549,-0.41426031,-0.84373774,0.94209087,-0.63162746,-0.99963271,-0.38381172,-0.33930929,-0.58360603,0.41293269,-0.32048802,-0.73029967,-0.32048802,-0.76453931,-0.48666028,-0.22231957,10,"walking_upstairs"
0.11488985,0.13547064,-0.0042284583,0.12611321,-0.95964671,0.017469991,-0.011825619,0.0061243574,0.025127009,0.94372988,0.1139996,0.82763364,-0.50415173,0.5502456,0.87023636,-0.40254248,-0.85733193,0.93593187,-0.59462648,-0.99953521,-0.46483941,-0.28750509,-0.62755803,0.48079292,-0.27623061,-0.62993883,-0.27623061,-0.733388,-0.53500019,0.0750843,10,"walking_upstairs"
0.11893275,0.13585761,-0.012388604,0.13715233,-0.9531445,0.020249335,-0.011825619,0.002225566,0.010445971,0.93945996,0.16575721,0.80778151,-0.45029911,0.4936086,0.86533537,-0.30870675,-0.84547501,0.92824994,-0.53508529,-0.99979603,-0.37159643,-0.20173535,-0.62501662,0.41686007,-0.168486,-0.52022228,-0.168486,-0.64928346,-0.50878419,-0.49490163,10,"walking_upstairs"
0.11893275,0.14907529,-0.015288479,0.14036181,-0.95137959,0.023396226,-0.037813329,-0.0021426349,0.012077545,0.93025914,0.059895776,0.78503418,-0.3853499,0.42938118,0.85745034,-0.2196617,-0.84112154,0.91939538,-0.4711846,-0.99896765,-0.3213351,-0.14901848,-0.61227722,0.32113168,-0.060366719,-0.6357029,-0.060366719,-0.55334075,-0.36732717,-0.2150366,10,"walking_upstairs"
0.12396744,0.14907529,-0.015743383,0.14080785,-0.95107328,0.030783416,-0.037813329,-0.012418939,0.022178453,0.92888733,0.14500094,0.77983316,-0.43302311,0.47760978,0.85321743,-0.27986803,-0.83963346,0.91736223,-0.51976764,-0.99839007,-0.32355452,-0.16568867,-0.59164924,0.32840194,-0.13227694,-0.72972972,-0.13227694,-0.61845362,-0.38001214,-0.122905,10,"walking_upstairs"
0.12556076,0.16537558,-0.023354659,0.15237864,-0.94391799,0.014292389,-0.029071137,0.010569341,0.025743296,0.92888733,0.26938085,0.79235393,-0.53034756,0.57260487,0.855753,-0.42639169,-0.82955466,0.92224758,-0.61299369,-0.99872922,-0.24691245,-0.34969517,-0.55368414,0.32255831,-0.30465822,-0.79009259,-0.30465822,-0.75348303,-0.45453524,-0.6202472,10,"walking_upstairs"
-0.24194111,-0.21278424,0.23790113,-0.22640691,-0.91617922,0.12043294,-0.15990149,-0.1424727,-0.10341014,0.96565484,0.035927613,0.85703972,0.58161931,-0.57605949,0.87474595,-0.95863749,-0.75174102,0.94724671,0.57108003,-0.95614933,-0.45215099,-0.94703804,-0.071663217,0.40449839,-0.94296986,-0.79325511,-0.94296986,-0.99780805,-0.3919832,-0.874254,13,"standing"
-0.24459621,-0.21904581,0.2468105,-0.23975569,-0.90504469,0.12089886,-0.15380947,-0.14343519,-0.14088586,0.96214303,0.73044867,0.85385357,-0.30600993,0.3013762,0.87474595,-0.96767041,-0.74058384,0.94602403,-0.29634237,-0.95594959,-0.71569108,-0.97148692,-0.035192338,0.6870962,-0.96961035,-0.78632671,-0.96961035,-0.99923284,-0.67642017,-0.90334492,13,"standing"
-0.2450597,-0.21904581,0.2471094,-0.24013801,-0.9047248,0.12306088,-0.15076479,-0.14650526,-0.14370427,0.96214303,0.72501954,0.85098955,-0.28878375,0.28239048,0.87584311,-0.95934058,-0.73850628,0.94492665,-0.27581596,-0.95417499,-0.28028764,-0.97041778,-0.028060856,0.2068358,-0.96205345,-0.59752272,-0.96205345,-0.99890029,-0.17865069,-0.94374663,13,"standing"
-0.24449769,-0.214038,0.23988289,-0.22954738,-0.91366256,0.12076127,-0.15065187,-0.1431303,-0.14627278,0.96278156,0.79695741,0.85925516,-0.52195041,0.51884249,0.87623331,-0.97196299,-0.74909289,0.94809315,-0.51551538,-0.95619602,-0.65342914,-0.97497453,-0.059750087,0.61769026,-0.97132755,-0.54230532,-0.97132755,-0.99930053,-0.60375516,-0.98501589,13,"standing"
-0.24449769,-0.20763291,0.24125776,-0.23148535,-0.91208245,0.11858642,-0.13992783,-0.1399681,-0.14418805,0.96586749,0.69234682,0.85831977,-0.54146734,0.5405269,0.87623331,-0.99130977,-0.74917495,0.94773605,-0.53920064,-0.95807395,-0.61985913,-0.98786112,-0.063623623,0.58320101,-0.99056574,-0.39211498,-0.99056574,-0.99985972,-0.5704842,-0.98486441,13,"standing"
-0.25036274,-0.20763291,0.24300219,-0.23402878,-0.91001799,0.11723472,-0.13992783,-0.13803576,-0.14371521,0.96586749,0.40587704,0.85754488,-0.22734594,0.22486714,0.87521811,-0.99278433,-0.74811189,0.94744,-0.22211803,-0.95917454,-0.42182893,-0.99044672,-0.062449254,0.36549194,-0.99121009,-0.35372017,-0.99121009,-0.99987209,-0.34554306,-0.98597208,13,"standing"
-0.25036274,-0.20572309,0.2413192,-0.23171439,-0.91194698,0.11787969,-0.14256676,-0.13904811,-0.14371521,0.96749498,0.45516549,0.86120552,-0.11823296,0.11609625,0.87521811,-0.98960344,-0.74965991,0.94884133,-0.11389289,-0.95858617,-0.44129959,-0.98833391,-0.063334527,0.38711184,-0.98928971,-0.29946373,-0.98928971,-0.99983399,-0.36821933,-0.98310004,13,"standing"
-0.2504881,-0.20449756,0.24185749,-0.23254102,-0.91126677,0.12047761,-0.14258535,-0.14281121,-0.1453992,0.96765246,0.36030916,0.85943534,-0.63372402,0.64560773,0.87521248,-0.99030151,-0.7469387,0.94816426,-0.65737459,-0.95641789,-0.28379268,-0.98918694,-0.052336406,0.21537813,-0.98998108,-0.46580266,-0.98998108,-0.99984811,-0.19225324,-0.97840427,13,"standing"
-0.24951776,-0.20449756,0.24091366,-0.23110221,-0.91244885,0.12111761,-0.1439476,-0.14368271,-0.14926208,0.96765246,0.13237387,0.85883347,-0.57034492,0.60626962,0.87350688,-0.99366501,-0.74756297,0.9479342,-0.64224371,-0.95590974,-0.42942201,-0.99138394,-0.054357323,0.38060166,-0.9934165,-0.29601964,-0.9934165,-0.99991136,-0.36822651,-0.9792188,13,"standing"
-0.24791763,-0.20022602,0.23888756,-0.22808339,-0.91492023,0.12150134,-0.14415614,-0.14417938,-0.1492163,0.9684486,0.17074512,0.85947412,-0.25555998,0.29150569,0.87350688,-0.99342427,-0.74968578,0.94817939,-0.32590649,-0.95561352,-0.60580188,-0.99128262,-0.060756684,0.58142486,-0.99339468,-0.062891223,-0.99339468,-0.99991099,-0.58270644,-0.97697996,13,"standing"
-0.24791763,-0.20290746,0.2396115,-0.22909237,-0.91409258,0.12135166,-0.14415614,-0.14393457,-0.14896098,0.96706048,0.078910566,0.85803264,-0.37420297,0.4023756,0.87334013,-0.9914427,-0.74893952,0.94762764,-0.43078592,-0.95575798,-0.48100246,-0.98939688,-0.059731776,0.43403151,-0.99160295,-0.4225849,-0.99160295,-0.99987945,-0.42001127,-0.96206997,13,"standing"
-0.2493685,-0.20290746,0.241122,-0.23130035,-0.91229229,0.12303339,-0.14972418,-0.14635847,-0.14896098,0.96617514,-0.37625606,0.85531108,0.59523431,-0.34143074,0.87309111,-0.95145959,-0.74575435,0.94658557,0.082559059,-0.95429377,-0.070832918,-0.94853943,-0.049262784,-0.00073964675,-0.94207131,-0.2340548,-0.94207131,-0.99774662,0.012290327,-0.95428646,13,"standing"
-0.2391607,-0.20289442,0.23868529,-0.22772995,-0.91516647,0.12602914,-0.14977168,-0.1506301,-0.15424611,0.96617514,-0.44404858,0.85511862,0.42393204,-0.22297038,0.87393609,-0.94942145,-0.74616884,0.94651173,0.017677789,-0.95171049,-0.23346367,-0.94199284,-0.047686505,0.18435853,-0.93855575,-0.32964357,-0.93855575,-0.99750279,-0.18561977,-0.94931645,13,"standing"
-0.23704647,-0.19929955,0.23374298,-0.22052655,-0.92089602,0.12496024,-0.14977168,-0.14908091,-0.14974347,0.96617934,-0.17952612,0.86098343,0.0047951997,0.069920094,0.87632289,-0.97427918,-0.75288944,0.94875534,-0.14618329,-0.95264718,-0.44782668,-0.9663404,-0.067073385,0.4008218,-0.96598092,-0.36445248,-0.96598092,-0.99908014,-0.38916899,-0.9571909,13,"standing"
-0.23704647,-0.19867261,0.23418666,-0.22122909,-0.92034664,0.12197929,-0.14806561,-0.14484871,-0.14875133,0.96688512,-0.20641451,0.86387048,0.012241227,0.020591267,0.87632289,-0.96317647,-0.75488847,0.94985988,-0.05426638,-0.95520243,-0.5932356,-0.9653728,-0.074350321,0.56174475,-0.96053423,-0.32921647,-0.96053423,-0.99882656,-0.55640195,-0.96998381,13,"standing"
-0.24326587,-0.20419523,0.23951042,-0.22900544,-0.91414264,0.12754923,-0.16503176,-0.15286701,-0.14875133,0.96251334,0.49725151,0.85435221,-0.010682931,0.0071435743,0.87604162,-0.95934008,-0.74391178,0.94621469,-0.0034713694,-0.9501046,-0.39790627,-0.95965802,-0.038816791,0.34650435,-0.95718731,-0.30419328,-0.95718731,-0.99865613,-0.33337123,-0.97636249,13,"standing"
-0.2267334,-0.20812054,0.23669285,-0.22461445,-0.91742691,0.1873373,-0.25019901,-0.23759518,-0.22323366,0.93628864,0.24467352,0.79169721,-0.19398478,0.19027559,0.86471107,-0.93884923,-0.68872441,0.92198608,-0.18663616,-0.88265643,-0.31908836,-0.95381786,0.12906845,0.25045715,-0.92951368,-0.11742551,-0.92951368,-0.99682081,-0.22475493,-0.98195307,13,"standing"
-0.24877428,-0.20812054,0.24270342,-0.23366687,-0.9103174,0.19559701,-0.25019901,-0.2496151,-0.2477691,0.93628864,0.19326739,0.78021012,-0.47901017,0.48015046,0.84530098,-0.98683453,-0.67395048,0.91752145,-0.48090413,-0.87114472,-0.59096316,-0.98368147,0.17718421,0.55182514,-0.98605343,-0.51627576,-0.98605343,-0.99976109,-0.53847321,-0.98804126,13,"standing"
-0.25111423,-0.21613467,0.24351754,-0.23495437,-0.90921924,0.19385435,-0.24994658,-0.24728617,-0.25101408,0.93706988,0.36491518,0.78323199,-0.47925221,0.48162221,0.84530098,-0.98135092,-0.67503501,0.91870319,-0.48388135,-0.87348704,-0.53081007,-0.97903753,0.1767299,0.48504234,-0.98082457,-0.53593689,-0.98082457,-0.99962242,-0.4689737,-0.98307461,13,"standing"
-0.25223391,-0.22038744,0.24973959,-0.24395229,-0.90148769,0.19189233,-0.24456195,-0.24449512,-0.25014168,0.9356886,0.29425409,0.7780107,-0.31414819,0.3195799,0.84524945,-0.97905741,-0.67092824,0.91666099,-0.32501624,-0.87627751,-0.12009901,-0.97930399,0.18977986,0.032554102,-0.9790458,-0.49457131,-0.9790458,-0.99956891,-0.00062508058,-0.98178792,13,"standing"
-0.26121973,-0.22038744,0.25205081,-0.24736965,-0.89855716,0.19405813,-0.25022156,-0.24762518,-0.25014168,0.93564285,-0.057073913,0.77359362,-0.085288598,0.11779064,0.84113631,-0.98380579,-0.66631125,0.91493293,-0.15068251,-0.87313558,-0.28428445,-0.98496803,0.20410089,0.21477773,-0.98463806,-0.53567098,-0.98463806,-0.99972651,-0.19049273,-0.97910236,13,"standing"
-0.2600836,-0.2190065,0.2483951,-0.24210777,-0.90315738,0.19752622,-0.25171807,-0.25254743,-0.25454901,0.93564285,0.20656458,0.77409713,-0.10900429,0.13962879,0.84075665,-0.99132047,-0.66628487,0.91513017,-0.1700345,-0.86817856,-0.46549424,-0.98874591,0.20334352,0.41669054,-0.99076097,-0.58758093,-0.99076097,-0.99986335,-0.40195915,-0.97405439,13,"standing"
-0.2600836,-0.21623046,0.24813126,-0.2417214,-0.90349859,0.19864665,-0.25375541,-0.25411956,-0.26002357,0.93353874,0.51902621,0.77290213,-0.32595364,0.33325458,0.84075665,-0.99139271,-0.66534241,0.91466167,-0.34054721,-0.86657318,-0.66461575,-0.9884013,0.20559424,0.63657828,-0.99120372,-0.52740502,-0.99120372,-0.99987174,-0.62994942,-0.9748606,13,"standing"
-0.26077688,-0.21623046,0.24953553,-0.24373682,-0.90175758,0.19971595,-0.25505246,-0.25560052,-0.26004632,0.9334962,0.55960421,0.76952361,-0.57900893,0.58913662,0.84063822,-0.99181246,-0.66280722,0.91333728,-0.59915928,-0.86504329,-0.3075847,-0.99062976,0.21247787,0.23959359,-0.99207866,-0.50637142,-0.99207866,-0.99988811,-0.21529572,-0.98418337,13,"standing"
-0.2601721,-0.2161711,0.24823365,-0.24174684,-0.90348071,0.20078825,-0.25979228,-0.25698698,-0.26132927,0.93204122,0.57341835,0.76804405,-0.58262149,0.59402328,0.8389958,-0.98674143,-0.66293293,0.91275701,-0.60539529,-0.86360487,-0.22941287,-0.98409114,0.20966273,0.15446593,-0.98685867,-0.54362961,-0.98685867,-0.9997804,-0.12816119,-0.98532539,13,"standing"
-0.2601721,-0.21336622,0.2481653,-0.24163618,-0.90358144,0.20412191,-0.26517731,-0.26165428,-0.26132927,0.93008944,0.57487445,0.7635456,-0.49702367,0.49824132,0.8389958,-0.98461375,-0.65938311,0.9109897,-0.49929515,-0.85867086,-0.44542814,-0.98424705,0.21843514,0.39488317,-0.9851872,-0.65498242,-0.9851872,-0.99974014,-0.37927617,-0.98824616,13,"standing"
-0.26133707,-0.21336622,0.24856974,-0.24233245,-0.90298403,0.20917329,-0.27421206,-0.26887149,-0.2696846,0.92831826,-0.58950755,0.75798853,-0.65466923,0.67127184,0.83598612,-0.89603804,-0.65346379,0.90880594,-0.68770127,-0.85096706,-0.65367486,-0.88517592,0.23541161,0.67199748,-0.88964937,-0.77480932,-0.88964937,-0.99284783,-0.7150637,-0.81095594,13,"standing"
0.18435434,-0.27099086,0.026883412,0.07877604,-0.93124088,-0.062405811,-0.42185557,0.11504631,0.30877472,0.72612801,0.82787592,0.7245649,-0.89860858,0.89761949,0.87536887,0.20018892,-0.85230154,0.89412145,-0.89626325,-0.86840621,-0.97924375,-0.018519274,-0.029123288,0.97896452,0.24515211,-0.99660807,0.24515211,-0.2199524,-0.98011134,-0.96071069,13,"sitting"
0.18435434,0.18920562,-0.046837603,0.19172034,-0.91449072,-0.17506002,0.23377523,0.28074471,0.30877472,0.90454293,0.51683047,0.74751438,-0.97410083,0.97547309,0.87536887,-0.86411378,-0.66035985,0.90447404,-0.97646865,-0.84867771,-0.94045913,-0.9314567,0.18951029,0.94585215,-0.87340102,-0.96927459,-0.87340102,-0.99077656,-0.95575918,-0.94362006,13,"sitting"
0.16509862,0.19360546,-0.038687291,0.17608557,-0.92718263,-0.15833174,0.24150616,0.25249106,0.28631101,0.90454293,0.017222621,0.70938123,-0.93866619,0.94449578,0.82168797,-0.94862516,-0.68662445,0.88953659,-0.95002976,-0.87898317,-0.8526034,-0.94416156,0.042832758,0.83760026,-0.94427936,-0.8866161,-0.94427936,-0.99789462,-0.83187174,-0.98318813,13,"sitting"
0.14743648,0.19378412,-0.038736604,0.17670306,-0.92678878,-0.15554466,0.24150616,0.24934478,0.24491176,0.91041538,0.44641259,0.72230824,-0.47212591,0.470552,0.82168816,-0.97908263,-0.68966318,0.89469301,-0.4688351,-0.88244604,-0.56963221,-0.97757718,0.046018006,0.53093741,-0.97834784,-0.65636427,-0.97834784,-0.99954691,-0.51968229,-0.99332018,13,"sitting"
0.14743648,0.20206111,-0.040033007,0.17878654,-0.92523563,-0.15809229,0.2534367,0.25315469,0.24491176,0.91499798,0.037095758,0.72206514,-0.36053851,0.38549658,0.82168816,-0.99056458,-0.6856305,0.89459728,-0.41078813,-0.87881542,-0.5349144,-0.98797126,0.061672202,0.51069674,-0.98984023,-0.61020981,-0.98984023,-0.99984516,-0.51688306,-0.99456636,13,"sitting"
0.14658918,0.20205514,-0.039677917,0.17809712,-0.925759,-0.15763693,0.2534367,0.25229621,0.24453194,0.91499798,-0.19616054,0.71976863,-0.39103566,0.41687958,0.81989794,-0.99669429,-0.68646745,0.89368428,-0.44292061,-0.87965779,-0.22005738,-0.99575366,0.055750442,0.19600583,-0.99713691,-0.32775623,-0.99713691,-0.99996673,-0.22461434,-0.99668578,13,"sitting"
0.14583678,0.20097111,-0.039245072,0.17755565,-0.92616791,-0.15948418,0.25373271,0.25493787,0.24622339,0.91492025,-0.056599904,0.7192945,-0.22894482,0.25293927,0.81917374,-0.99665857,-0.68482421,0.89349566,-0.27672198,-0.87706103,-0.23347466,-0.99583684,0.060976011,0.18299423,-0.99700229,-0.3013068,-0.99700229,-0.99996491,-0.18207621,-0.99575147,13,"sitting"
0.14568701,0.20097111,-0.038944354,0.17717721,-0.92645358,-0.16045789,0.25814274,0.25634415,0.24622339,0.91492025,-0.081721677,0.71929598,-0.090844781,0.11237983,0.8191286,-0.99738233,-0.68401991,0.89349625,-0.13309808,-0.87567848,-0.11902268,-0.99587091,0.063707124,0.060635742,-0.99717196,-0.030938771,-0.99717196,-0.99996705,-0.059395011,-0.99727995,13,"sitting"
0.14538919,0.20105162,-0.039047282,0.17734395,-0.92632803,-0.16016395,0.25786129,0.25596463,0.24556963,0.91516011,0.050904035,0.71990248,-0.2627457,0.30586925,0.81947271,-0.99659484,-0.68425187,0.89373755,-0.34878296,-0.87605502,-0.042143672,-0.99534968,0.063609828,0.041809035,-0.99633064,0.06219836,-0.99633064,-0.99995592,-0.10785247,-0.99776923,13,"sitting"
0.14542738,0.20146325,-0.039125295,0.17747596,-0.92622851,-0.16020231,0.25785283,0.25604409,0.24599759,0.91475856,-0.062649872,0.7201412,-0.21958397,0.24874457,0.81958767,-0.99249322,-0.68413668,0.8938325,-0.27827641,-0.87597615,0.16872513,-0.99047623,0.064363214,-0.15332982,-0.9915435,-0.20105165,-0.9915435,-0.99987828,0.057652069,-0.99520703,13,"sitting"
0.1468216,0.20146325,-0.039405305,0.17781907,-0.92596882,-0.16094122,0.25785283,0.25699046,0.24746117,0.91318157,-0.24151481,0.71796334,-0.36794798,0.38004938,0.81958767,-0.99150719,-0.68305341,0.89296556,-0.39212704,-0.87503508,0.062219843,-0.99102073,0.06615669,-0.1180419,-0.99125222,-0.18640862,-0.99125222,-0.99987278,0.10386505,-0.99481107,13,"sitting"
0.14683627,0.20148118,-0.039898966,0.17849488,-0.92545716,-0.16135302,0.2587749,0.25752204,0.24746117,0.91318157,-0.25251457,0.71646306,-0.48154214,0.4909829,0.81918309,-0.99614268,-0.68213602,0.89236843,-0.50042411,-0.8745072,-0.22290187,-0.99547207,0.068264079,0.17632112,-0.99630825,-0.22353527,-0.99630825,-0.99995556,-0.18062732,-0.99696178,13,"sitting"
0.14683627,0.2026192,-0.039996478,0.17870616,-0.92529735,-0.16099513,0.2587749,0.25712146,0.24734906,0.91325328,-0.023661107,0.71806528,-0.40302088,0.40827268,0.81928544,-0.99413363,-0.6824439,0.89300631,-0.41337786,-0.87490635,-0.24867692,-0.99116305,0.068994041,0.24494022,-0.99322722,-0.21207457,-0.99322722,-0.99990809,-0.29226924,-0.99621887,13,"sitting"
-0.13308585,-0.11595528,0.16804074,-0.12405387,-0.97797331,0.14617411,-0.28485696,-0.17907726,-0.12912886,0.97087788,-0.48302404,0.89011259,-0.94719324,0.94722648,0.9138703,-0.75585072,-0.79552166,0.95982282,-0.94687755,-0.92550875,-0.9424331,-0.80316204,-0.22762158,0.94324968,-0.75114506,-0.98866378,-0.75114506,-0.96681002,-0.94812167,-0.92369682,13,"sitting"
-0.12924971,-0.091532745,0.15845911,-0.10932111,-0.98391709,0.11658066,-0.14952746,-0.13582817,-0.12912886,0.97110048,-0.012450401,0.89383101,-0.83041157,0.83195293,0.89184576,-0.96055634,-0.83816645,0.96125481,-0.83321581,-0.96023319,-0.90652128,-0.97290053,-0.38044107,0.90163542,-0.96419643,-0.9667926,-0.96419643,-0.99900025,-0.90293828,-0.93701024,13,"sitting"
-0.12585164,-0.080081982,0.15512029,-0.10474734,-0.98549957,0.12069968,-0.14546559,-0.14222606,-0.13909514,0.98339097,0.18099268,0.90620331,-0.54010084,0.54515663,0.89184777,-0.98303075,-0.83586936,0.96594686,-0.55008329,-0.9567207,-0.23018079,-0.98182296,-0.36674352,0.17680383,-0.98278771,-0.58066062,-0.98278771,-0.99967758,-0.1737666,-0.95956273,13,"sitting"
-0.1238945,-0.076148868,0.15284331,-0.10135258,-0.98661918,0.11620096,-0.14511458,-0.13571956,-0.13718903,0.98611733,0.12267377,0.9083481,-0.34425202,0.3556028,0.8929737,-0.97957449,-0.84297816,0.96675725,-0.36687463,-0.96040785,-0.23267988,-0.97729376,-0.39178989,0.20062634,-0.97877859,-0.49124045,-0.97877859,-0.99955973,-0.22019956,-0.99109762,13,"sitting"
-0.11932241,-0.072746627,0.15101741,-0.098649585,-0.98747191,0.11148949,-0.13036186,-0.12895506,-0.13083027,0.98639368,0.046642057,0.91149862,-0.37683569,0.41405961,0.894696,-0.98187936,-0.84999641,0.96794643,-0.45205709,-0.9641743,-0.45650859,-0.98258578,-0.41491866,0.45256427,-0.98168334,-0.58995148,-0.98168334,-0.9996468,-0.48644968,-0.99349907,13,"sitting"
-0.1162181,-0.070766284,0.14827215,-0.094623074,-0.98868273,0.10798073,-0.12731681,-0.12395232,-0.12714418,0.98798314,0.18084129,0.91537823,-0.51792451,0.53425585,0.89535628,-0.98365653,-0.85626724,0.96940977,-0.5507125,-0.9667612,-0.57379288,-0.98226119,-0.43640688,0.55883065,-0.98307182,-0.53644987,-0.98307182,-0.99968532,-0.57266848,-0.99297276,13,"sitting"
-0.11614937,-0.066049602,0.14628999,-0.091682429,-0.98954904,0.10586599,-0.11991984,-0.12088142,-0.12714418,0.98906451,0.14956682,0.91614567,-0.3822144,0.39272804,0.89535628,-0.99322474,-0.86028671,0.9696992,-0.40300847,-0.9683496,-0.52031175,-0.99041486,-0.45204166,0.49376866,-0.9906077,-0.48396745,-0.9906077,-0.9998604,-0.49884858,-0.99497549,13,"sitting"
-0.11434688,-0.063303967,0.14575822,-0.090890897,-0.98977301,0.10511316,-0.11949927,-0.11978754,-0.1241369,0.98906451,0.017065013,0.91630662,-0.36949853,0.38501,0.89548645,-0.99478524,-0.86158699,0.96975984,-0.40050278,-0.96888778,-0.32533261,-0.99233289,-0.45699747,0.29096104,-0.99290195,-0.17613667,-0.99290195,-0.99990186,-0.30131824,-0.99397329,13,"sitting"
-0.10859653,-0.062946998,0.14404793,-0.088353186,-0.99046228,0.1030084,-0.11792243,-0.11673501,-0.12325899,0.98915314,0.012866131,0.91695822,-0.34060299,0.37800752,0.89548645,-0.99304027,-0.86538579,0.97000544,-0.41608092,-0.97038794,-0.31638597,-0.99110754,-0.47157321,0.25834456,-0.99224611,-0.2027986,-0.99224611,-0.99989114,-0.24424639,-0.99547606,13,"sitting"
-0.10816439,-0.061070839,0.14162331,-0.084752556,-0.9914177,0.10317859,-0.11751025,-0.11690833,-0.12325899,0.9888734,-0.10731685,0.91555616,-0.44598355,0.46518321,0.89541346,-0.99110991,-0.86692654,0.969477,-0.48452703,-0.97030292,-0.28384979,-0.98846117,-0.48190416,0.22035367,-0.9907319,-0.41029687,-0.9907319,-0.99986293,-0.20260257,-0.99300554,13,"sitting"
-0.10742412,-0.055768299,0.1404698,-0.083077853,-0.9918503,0.10449949,-0.11764895,-0.11883305,-0.12373507,0.9888734,0.071093908,0.91628736,-0.069339812,0.077812676,0.89556295,-0.9932283,-0.86610636,0.96975253,-0.086059767,-0.9693649,-0.45728457,-0.99161941,-0.4807792,0.42322205,-0.99296364,-0.24112116,-0.99296364,-0.99990373,-0.42382555,-0.99031314,13,"sitting"
0.53739233,0.40481386,-0.24113266,0.4433874,-0.58162079,-0.71883243,0.71224117,0.86401395,0.8834515,-0.1114785,0.73080217,-0.8734183,-0.98929325,0.99185096,0.017087451,-0.65208652,0.32467881,-0.10777909,-0.99405124,0.46244883,-0.96255511,-0.66323889,0.48497578,0.95804538,-0.62668731,-0.97326742,-0.62668731,-0.92721193,-0.95585188,-0.97689405,13,"laying"
0.37827081,0.40481386,-0.19941318,0.39040626,-0.67800318,-0.76051139,0.89242975,0.89421406,0.8834515,-0.10970414,-0.63455192,-0.88180805,-0.95666,0.95849651,-0.1727629,-0.96752842,0.33130636,-0.11631675,-0.95998195,0.56160671,-0.95870138,-0.97330033,0.40537883,0.96138221,-0.9673651,-0.79300142,-0.9673651,-0.99913984,-0.96713048,-0.93113946,13,"laying"
0.35491561,0.40506443,-0.19864225,0.38915242,-0.68006439,-0.75955899,0.89242975,0.89302436,0.88367899,-0.079260605,0.21055478,-0.87863542,-0.88216432,0.88393208,-0.1727629,-0.98701323,0.32735863,-0.11124762,-0.88536886,0.55742092,-0.54613707,-0.98625891,0.40854258,0.50088992,-0.98678872,-0.35154431,-0.98678872,-0.99977885,-0.48424783,-0.95266594,13,"laying"
0.35491561,0.39817322,-0.19434575,0.38427143,-0.68763708,-0.76719131,0.89280283,0.89966919,0.89052651,-0.085281117,0.86932064,-0.88600072,-0.6605041,0.65891211,-0.18035992,-0.98040073,0.336161,-0.12243582,-0.65709595,0.5808775,-0.3570642,-0.9807631,0.39152888,0.29269703,-0.98126426,-0.45867272,-0.98126426,-0.99963516,-0.26877914,-0.98420777,13,"laying"
0.34841304,0.39817322,-0.19173362,0.38109964,-0.69258815,-0.77090201,0.90092035,0.90264118,0.89052651,-0.085281117,0.76845353,-0.88863403,-0.3119183,0.30690853,-0.19314534,-0.97904441,0.33932396,-0.12648451,-0.30148502,0.59136105,-0.18854804,-0.98128258,0.3830715,0.10746594,-0.97985614,-0.50520832,-0.97985614,-0.99959363,-0.077342011,-0.96491826,13,"laying"
0.34841304,0.39887563,-0.19306769,0.38261928,-0.6902484,-0.77006538,0.90092035,0.90159374,0.88915978,-0.090423488,0.76513873,-0.88956151,-0.47249767,0.46895463,-0.1941184,-0.98404329,0.34026764,-0.12794901,-0.465126,0.58764045,-0.61914057,-0.98452183,0.38158327,0.58160844,-0.98452325,-0.49097329,-0.98452325,-0.99972335,-0.56808527,-0.97590308,13,"laying"
0.3522973,0.39875927,-0.19286281,0.38221205,-0.6908674,-0.77059641,0.89675607,0.90162862,0.88918313,-0.090427528,0.90128778,-0.89034363,-0.59023622,0.58689474,-0.1892765,-0.95279818,0.34110009,-0.12919065,-0.58322539,0.58777366,-0.65237047,-0.9685925,0.378183,0.61766419,-0.95806833,-0.64010503,-0.95806833,-0.99870213,-0.60482684,-0.96564985,13,"laying"
0.3538407,0.39875927,-0.19577125,0.38588034,-0.68515503,-0.76666785,0.89618606,0.89877211,0.88918313,-0.090427528,0.92034561,-0.88779544,-0.51692604,0.51256639,-0.18860824,-0.95977758,0.33806223,-0.12520939,-0.50786481,0.5776761,-0.32682887,-0.96450387,0.38816757,0.25938777,-0.96142796,-0.60390751,-0.96142796,-0.99887013,-0.2342131,-0.97649912,13,"laying"
0.3538407,0.39934465,-0.19435952,0.38449013,-0.6873116,-0.76854767,0.89618606,0.9010095,0.89069015,-0.088867812,0.88297374,-0.88876012,-0.4632803,0.45905112,-0.18860824,-0.96994499,0.33946926,-0.1267139,-0.45441837,0.58560551,-0.59496269,-0.97600228,0.38747771,0.55594518,-0.97194951,-0.28035998,-0.97194951,-0.99932447,-0.54237981,-0.96906837,13,"laying"
0.34766064,0.39934465,-0.19239194,0.3818476,-0.6914429,-0.77076508,0.90045998,0.90229971,0.89069015,-0.088867812,0.87725536,-0.88966274,-0.4865432,0.48328428,-0.19309202,-0.97141423,0.34045727,-0.12810855,-0.47955503,0.59015333,-0.58322206,-0.97409355,0.38106731,0.54378608,-0.97198145,-0.35917278,-0.97198145,-0.99932569,-0.5305309,-0.97372651,13,"laying"
0.34766064,0.393245,-0.19082738,0.37947024,-0.69506273,-0.77300644,0.90045998,0.90301084,0.89351501,-0.095194238,0.88065397,-0.89148645,-0.52586598,0.52284089,-0.19309202,-0.97603847,0.34240778,-0.13102403,-0.51940481,0.59269178,-0.31792729,-0.98169313,0.37090521,0.25067564,-0.97750918,-0.17400229,-0.97750918,-0.99952024,-0.22620934,-0.96959366,13,"laying"
0.34385928,0.393245,-0.18833255,0.37667391,-0.69936409,-0.77666739,0.90331489,0.90644087,0.89351501,-0.095194238,0.8008579,-0.89408203,-0.60219069,0.60009773,-0.20024425,-0.97754458,0.34574244,-0.13511553,-0.59759645,0.60486523,-0.32401006,-0.98383344,0.36460904,0.2566641,-0.97942078,-0.27791262,-0.97942078,-0.99958049,-0.23176469,-0.96925684,13,"laying"
0.34385928,0.39423918,-0.18917295,0.37797686,-0.69738563,-0.77623522,0.90698321,0.90662257,0.89311045,-0.096689756,0.71556144,-0.89467532,-0.60049724,0.59853743,-0.20147386,-0.98426805,0.34657961,-0.13607206,-0.59614607,0.60550612,-0.58011326,-0.98714823,0.36679349,0.53872104,-0.98585875,-0.15061195,-0.98585875,-0.9997565,-0.52373631,-0.97657398,13,"laying"
0.34362046,0.39591243,-0.18907686,0.37767848,-0.6978464,-0.77643122,0.90646109,0.90635645,0.89213951,-0.096689756,-0.11351999,-0.89498881,-0.84535049,0.85398544,-0.20120013,-0.92122123,0.34684376,-0.13657609,-0.86229169,0.60455793,-0.82246225,-0.9321153,0.36430293,0.82002287,-0.91924009,0.051554381,-0.91924009,-0.9959465,-0.82968908,-0.92948838,13,"laying"
0.52559595,0.46876845,-0.3034372,0.5154415,-0.44779292,-0.6439687,0.53932224,0.79754958,0.85743436,-0.12610074,-0.3866636,-0.82562653,-0.99547916,0.99710561,0.28442423,-0.49756823,0.28787815,-0.062298689,-0.99835285,0.25931617,-0.96528008,-0.51330359,0.5905056,0.96257814,-0.45778756,-0.92854292,-0.45778756,-0.8489483,-0.96211255,-0.93674196,13,"laying"
0.50431944,0.46375835,-0.25933863,0.46948111,-0.53962514,-0.70439452,0.84489694,0.85896963,0.85743436,-0.12610074,-0.73346045,-0.88037678,-0.96334899,0.9677685,-0.14848703,-0.87392345,0.33221611,-0.11544021,-0.97186949,0.44040673,-0.9732026,-0.90037711,0.52762561,0.96975236,-0.87377344,-0.9167435,-0.87377344,-0.990826,-0.96794299,-0.90176557,13,"laying"
0.42187595,0.46375835,-0.2512471,0.45405381,-0.56989353,-0.70262774,0.84489694,0.84820767,0.84635481,-0.061037005,0.38611772,-0.86244734,-0.93103986,0.93215456,-0.14848703,-0.96051642,0.30843672,-0.087757327,-0.93290262,0.40411613,-0.91595321,-0.96238008,0.5102068,0.92077782,-0.96095348,-0.81653234,-0.96095348,-0.99884701,-0.9317458,-0.95994118,13,"laying"
0.42193695,0.47431691,-0.25522887,0.45989054,-0.55927725,-0.70085879,0.8451124,0.84842009,0.84056969,-0.060530089,0.77973307,-0.86655327,-0.68391163,0.68481754,-0.15132027,-0.93944501,0.31333222,-0.093549955,-0.68547518,0.40479296,-0.74839184,-0.96131191,0.51548584,0.73068414,-0.94277737,-0.68291479,-0.94277737,-0.99779586,-0.72930241,-0.95345162,13,"laying"
0.42193695,0.4663078,-0.24963318,0.45394755,-0.57010179,-0.70958012,0.8501269,0.85689682,0.85096467,-0.070179445,0.88611566,-0.87369637,-0.62509572,0.6237239,-0.16442089,-0.94742718,0.32173906,-0.10394042,-0.62199137,0.43329147,-0.53895776,-0.96295222,0.50201716,0.49454072,-0.9498992,-0.61111716,-0.9498992,-0.99824665,-0.47920344,-0.96045794,13,"laying"
0.41430453,0.4663078,-0.24551416,0.44932847,-0.57853802,-0.71495685,0.85898784,0.86192351,0.85096467,-0.070179445,0.92919145,-0.87675494,-0.63890687,0.63682522,-0.1737436,-0.96633323,0.32538945,-0.10839495,-0.63430304,0.45017264,-0.7049892,-0.97485266,0.49433941,0.677147,-0.96956089,-0.59454268,-0.96956089,-0.99923097,-0.6678806,-0.96729154,13,"laying"
0.41223932,0.46100268,-0.24353042,0.44668849,-0.5832605,-0.71719185,0.86059019,0.86332016,0.85300469,-0.072299345,0.89010975,-0.87761365,-0.44351786,0.43972818,-0.1737436,-0.96277971,0.32626684,-0.10968344,-0.43542767,0.45491733,-0.39307346,-0.97424285,0.48842447,0.33451581,-0.96635479,-0.45144725,-0.96635479,-0.99909659,-0.31403315,-0.96393562,13,"laying"
0.41316585,0.46100268,-0.24325426,0.44599417,-0.58450436,-0.71703979,0.857761,0.8625673,0.85300469,-0.072299345,0.79441146,-0.87685053,-0.45525253,0.45109245,-0.17054305,-0.95872475,0.32522785,-0.10856526,-0.44648154,0.45238274,-0.043114283,-0.97177636,0.48667747,-0.052317571,-0.96184327,-0.33500403,-0.96184327,-0.99889026,0.087692034,-0.96893891,13,"laying"
0.41316585,0.46298589,-0.24504449,0.44825455,-0.58045917,-0.71495831,0.857761,0.86103815,0.85218911,-0.072686587,0.80938538,-0.87598856,-0.40560296,0.40040035,-0.17054305,-0.96947756,0.32427396,-0.10728146,-0.39483777,0.44719308,-0.43367592,-0.97185327,0.49119848,0.3770277,-0.97006386,-0.23462276,-0.97006386,-0.99925113,-0.35598427,-0.96904429,13,"laying"
0.4138763,0.46324547,-0.24427861,0.44758552,-0.58166138,-0.7164093,0.85818724,0.86265726,0.85218911,-0.072686587,0.8594894,-0.87746942,-0.46806076,0.46343342,-0.17108081,-0.96227402,0.32608715,-0.10947772,-0.45844897,0.45267254,-0.37747244,-0.97343928,0.48948473,0.31537898,-0.96584925,-0.38660446,-0.96584925,-0.9990744,-0.2923819,-0.96194122,13,"laying"
0.41413955,0.46324547,-0.24521804,0.4486985,-0.5796553,-0.71513495,0.85817587,0.8615839,0.85341559,-0.074571545,0.90929534,-0.87664048,-0.66198643,0.65901855,-0.17108081,-0.95882848,0.32512974,-0.10824923,-0.65569959,0.44904074,-0.48190186,-0.97160789,0.49200136,0.43006615,-0.96240304,-0.42098961,-0.96240304,-0.99891681,-0.4107661,-0.9634818,13,"laying"
0.41413955,0.46211119,-0.24392445,0.44722066,-0.58230687,-0.71730111,0.85817587,0.8634679,0.85427448,-0.075420472,0.92563422,-0.87867176,-0.40595694,0.40055438,-0.17108789,-0.95199526,0.32748443,-0.11128655,-0.39478776,0.45543654,-0.20312344,-0.97132493,0.48718171,0.12382716,-0.95612883,-0.35382066,-0.95612883,-0.99859999,-0.094509638,-0.95828611,13,"laying"
0.41298895,0.46211119,-0.24422027,0.44736281,-0.58205598,-0.71686162,0.85826274,0.8627181,0.85427448,-0.075420472,0.93072474,-0.87844063,-0.21157745,0.20450066,-0.17372484,-0.95250362,0.32708572,-0.1109321,-0.1969978,0.4528958,-0.11263986,-0.96551255,0.48624581,0.024783714,-0.95584776,-0.31347174,-0.95584776,-0.99858487,0.0074682273,-0.96372554,13,"laying"
0.41298895,0.46063014,-0.24301104,0.4460589,-0.58438341,-0.71847357,0.85826274,0.86431441,0.85527669,-0.076122861,0.92052844,-0.87936511,-0.41763551,0.41284952,-0.17372484,-0.95933735,0.32825128,-0.1123235,-0.40761661,0.45832145,-0.27370567,-0.97668389,0.48429479,0.202313,-0.96314366,-0.24084837,-0.96314366,-0.998951,-0.17643388,-0.96044404,13,"laying"
0.41039334,0.46063014,-0.24203136,0.44511944,-0.58608061,-0.71972551,0.8628557,0.8657865,0.85527669,-0.076122861,0.90512739,-0.87994402,-0.393847,0.38924704,-0.17666267,-0.96357922,0.32906118,-0.11317909,-0.38414847,0.46329561,-0.43419595,-0.97531089,0.48403185,0.37962849,-0.96625605,-0.21758035,-0.96625605,-0.99909161,-0.36053056,-0.96475741,13,"laying"
0.41039334,0.45910866,-0.24117657,0.44438358,-0.58738542,-0.72087311,0.8628557,0.86727051,0.85810927,-0.077370863,0.92019733,-0.88051612,-0.29663552,0.29091414,-0.17666267,-0.94938425,0.32990891,-0.11404936,-0.28472204,0.46836874,-0.4902271,-0.9598846,0.48432544,0.4414153,-0.95061999,-0.19678712,-0.95061999,-0.99828953,-0.42459006,-0.95934452,13,"laying"
0.41377906,0.45910866,-0.24266478,0.44584704,-0.58474124,-0.71859853,0.85763292,0.86482219,0.85810927,-0.077370863,0.85912259,-0.87876719,-0.43090518,0.42707238,-0.17182927,-0.94015662,0.32773638,-0.11145778,-0.42280113,0.46009181,-0.64160771,-0.94224766,0.48674101,0.60782645,-0.93969359,-0.29904869,-0.93969359,-0.99758481,-0.59663027,-0.95188232,13,"laying"
0.41641463,0.46496702,-0.24783973,0.45164168,-0.57435446,-0.71224476,0.85763292,0.85879099,0.84945584,-0.067708462,0.78589559,-0.87594461,-0.64427578,0.64427797,-0.17182927,-0.96130693,0.32413582,-0.10719168,-0.64387203,0.43957451,-0.70863321,-0.95357183,0.49456468,0.68380558,-0.95681886,-0.36168854,-0.95681886,-0.99863676,-0.67753167,-0.95973001,13,"laying"
0.41720736,0.47062876,-0.24945568,0.45383692,-0.57036778,-0.71188642,0.85838734,0.85883141,0.84552966,-0.078759391,-0.73267233,-0.87853853,-0.81262102,0.83104089,-0.17600403,-0.80668445,0.32711777,-0.11105011,-0.84934283,0.43970613,-0.67880304,-0.79352988,0.49321457,0.68615366,-0.78884684,-0.46479786,-0.78884684,-0.97578071,-0.71570272,-0.8953792,13,"laying"
-0.26431214,-0.25132158,0.26825264,-0.2709002,-0.87644726,0.20697403,-0.29359708,-0.26592938,-0.23790445,0.90914159,-0.040273942,0.73801861,-0.55222611,0.60880291,0.84166132,-0.49156162,-0.63619697,0.90089366,-0.66525595,-0.85296075,-0.067152448,-0.3447815,0.28991423,0.041148461,-0.34392923,-0.26221248,-0.34392923,-0.78029631,-0.078159792,-0.58475007,13,"walking"
-0.24230565,-0.25132158,0.25243917,-0.24751536,-0.89750737,0.20519318,-0.29359708,-0.26279591,-0.21714387,0.90914159,-0.034115533,0.75246389,-0.57022753,0.63355342,0.8574468,-0.48431356,-0.65404224,0.90654758,-0.69716157,-0.85582728,-0.076530642,-0.35211489,0.22890931,0.061523529,-0.33239488,-0.16880737,-0.33239488,-0.77255668,-0.10957582,-0.76328941,13,"walking"
-0.24230565,-0.2125395,0.23973277,-0.22861961,-0.91442634,0.18472001,-0.2724775,-0.23344672,-0.21472828,0.92400994,0.16841631,0.78464802,-0.5203769,0.59259646,0.8574468,-0.43120513,-0.68853462,0.91922335,-0.6653277,-0.88624864,-0.11763962,-0.25588998,0.12354741,0.12949766,-0.25974556,-0.29448428,-0.25974556,-0.72128036,-0.2026786,-0.63704283,13,"walking"
-0.24712113,-0.2209972,0.24577267,-0.2370999,-0.90729324,0.19958085,-0.28199154,-0.25401013,-0.21472828,0.91445762,0.16591887,0.75532867,-0.4863676,0.56208442,0.85614777,-0.40854647,-0.66664517,0.90769621,-0.63793569,-0.86514612,-0.13891713,-0.36055142,0.17935746,0.17096329,-0.30341169,-0.42696628,-0.30341169,-0.75276974,-0.26357965,-0.589295,13,"walking"
-0.25868061,-0.22454121,0.25333381,-0.24865774,-0.89738131,0.21205004,-0.28199154,-0.27220864,-0.26817148,0.91445762,0.16708478,0.73965229,-0.50350524,0.58854962,0.84487239,-0.44667498,-0.64570983,0.90155171,-0.67366469,-0.84721483,-0.078365979,-0.39334871,0.24755629,0.1039571,-0.33447688,-0.32599389,-0.33447688,-0.77401999,-0.19281557,-0.58839309,13,"walking"
-0.27008159,-0.22764701,0.25597512,-0.25358746,-0.89299233,0.20570273,-0.27247942,-0.26461784,-0.26668082,0.91712764,0.13040319,0.76170652,-0.52219965,0.60270438,0.8476018,-0.49407573,-0.6499943,0.91024679,-0.68331056,-0.85554367,0.087491298,-0.35796297,0.25738049,-0.080750908,-0.35328902,-0.21356533,-0.35328902,-0.7863936,0.0035368842,-0.55369706,13,"walking"
-0.27133839,-0.23630018,0.25932834,-0.25802533,-0.88890656,0.20899953,-0.28216728,-0.26877251,-0.26668082,0.90570556,0.13340735,0.74694335,-0.51210964,0.58519488,0.8476018,-0.48481129,-0.64311512,0.90440929,-0.6577826,-0.850998,-0.077708917,-0.40316906,0.26930844,0.10512632,-0.35986207,-0.22696944,-0.35986207,-0.79059006,-0.19457824,-0.47774716,13,"walking"
-0.27918001,-0.23960996,0.26455076,-0.26426512,-0.88305237,0.22195633,-0.29835133,-0.28536001,-0.27444587,0.89897561,0.1624098,0.70389396,-0.43858912,0.51549363,0.82952438,-0.43700133,-0.62392023,0.88732942,-0.5911264,-0.83224429,-0.058803835,-0.37272806,0.29773273,0.10448885,-0.28382393,-0.21945898,-0.28382393,-0.73885687,-0.21461673,-0.64250509,13,"walking"
-0.26988455,-0.23960996,0.26344811,-0.26244396,-0.88473762,0.2238976,-0.29835133,-0.28776695,-0.27089566,0.89897561,0.069580301,0.6991853,-0.5401452,0.62613925,0.82402417,-0.49434247,-0.62287836,0.88545335,-0.71168481,-0.8294713,0.027952098,-0.35703655,0.2956111,-0.010982286,-0.31978305,-0.24264621,-0.31978305,-0.76409562,-0.075986209,-0.60483974,13,"walking"
-0.26803258,-0.23465892,0.25713592,-0.25345794,-0.89307392,0.21163081,-0.29365917,-0.27081856,-0.26673306,0.90383781,0.030433936,0.72546687,-0.4905695,0.5790575,0.82806326,-0.47170651,-0.64245085,0.89593472,-0.66665969,-0.84861553,-0.074500874,-0.34854661,0.24607627,0.087120332,-0.35014319,-0.27398482,-0.35014319,-0.78433218,-0.16141165,-0.68602274,13,"walking"
-0.26803258,-0.23512886,0.2559766,-0.25226387,-0.89417157,0.21164686,-0.28656144,-0.27140032,-0.26673306,0.91374731,0.051657565,0.73384123,-0.24264199,0.32032643,0.82806326,-0.48888981,-0.64357237,0.89926937,-0.39194639,-0.84802839,-0.23295822,-0.34049317,0.25080048,0.2339561,-0.3295717,-0.27905939,-0.3295717,-0.77031703,-0.28565076,-0.57287672,13,"walking"
-0.27094779,-0.24330462,0.26299304,-0.26246946,-0.88465233,0.21971915,-0.28751374,-0.28277281,-0.2749977,0.90191087,0.023987784,0.71524167,-0.35196755,0.43263649,0.82787107,-0.50256545,-0.62789302,0.89186594,-0.50971273,-0.8354284,-0.20631088,-0.35141355,0.29466667,0.2191937,-0.33460159,-0.32556411,-0.33460159,-0.77411089,-0.28584326,-0.62506962,13,"walking"
-0.28295541,-0.24330462,0.26720522,-0.26760169,-0.87986879,0.21883143,-0.28751374,-0.28048039,-0.28008015,0.90191087,0.0053994717,0.69841466,-0.33450485,0.41993307,0.81707854,-0.5257461,-0.62467121,0.88515869,-0.50160347,-0.83804657,-0.032248048,-0.38560048,0.28958068,0.0691009,-0.36932878,-0.25049043,-0.36932878,-0.79674027,-0.1723292,-0.60905151,13,"walking"
-0.28202673,-0.24086868,0.26639148,-0.26602836,-0.88138366,0.2156455,-0.27469131,-0.27559485,-0.28008015,0.9032448,0.012324059,0.69831969,-0.35716584,0.44706811,0.81645502,-0.51938197,-0.62891122,0.88512265,-0.53333098,-0.8435971,-0.0027787755,-0.45014785,0.27218433,0.023181539,-0.39199765,0.17845397,-0.39199765,-0.81084933,-0.11083499,-0.44144924,13,"walking"
-0.23206665,-0.24375604,0.24844464,-0.24190972,-0.90222711,0.20385003,-0.27704976,-0.26111641,-0.25461202,0.91152147,-0.0036685989,0.76164884,-0.4195145,0.49103232,0.85006338,-0.53787318,-0.65940742,0.91018978,-0.56257183,-0.85910682,-0.19128535,-0.42973145,0.21620256,0.16345405,-0.43925958,-0.30847893,-0.43925958,-0.83868334,-0.18975865,-0.78819581,13,"walking"
-0.2651549,-0.24375604,0.26408663,-0.26362214,-0.88358007,0.21431501,-0.28354847,-0.27476432,-0.25731238,0.9023596,0.061891523,0.71560232,-0.42744832,0.50850908,0.84083081,-0.52167959,-0.63265195,0.89199172,-0.5897697,-0.84434494,-0.021732377,-0.42683573,0.27663952,0.011684371,-0.43554799,-0.29585581,-0.43554799,-0.83657659,-0.06854345,-0.69214615,13,"walking"
-0.27781658,-0.24109768,0.26417925,-0.26296944,-0.88428892,0.2227036,-0.2902409,-0.28549059,-0.28685728,0.90169912,0.12393919,0.69268844,-0.10063399,0.19102218,0.81524707,-0.50647985,-0.62346979,0.88286549,-0.27397948,-0.83236304,0.11987233,-0.46111109,0.2859792,-0.11970562,-0.40355915,-0.091170432,-0.40355915,-0.81786358,0.044843516,-0.54637077,13,"walking"
-0.27781658,-0.24074091,0.26582073,-0.26570592,-0.88167742,0.22587858,-0.2902409,-0.29034438,-0.2927113,0.9015877,0.011942203,0.69131165,-0.10600792,0.19529836,0.81486787,-0.51609203,-0.61838312,0.88231354,-0.2774193,-0.82675247,0.10862563,-0.43962341,0.30531871,-0.10884681,-0.39376702,-0.024706254,-0.39376702,-0.81193744,0.03658382,-0.54776824,13,"walking"
-0.28364671,-0.24191887,0.26695807,-0.26828568,-0.87921715,0.22595914,-0.29016926,-0.2915859,-0.29653421,0.9015877,0.074166575,0.70264542,-0.27068616,0.35018115,0.81847889,-0.5379426,-0.61717765,0.88684878,-0.42490793,-0.82530454,0.089939567,-0.44327147,0.32436278,-0.098039382,-0.39711184,0.3714214,-0.39711184,-0.81390326,0.035003879,-0.58198299,13,"walking"
-0.28364671,-0.24705084,0.267028,-0.26866658,-0.8788297,0.22834733,-0.30590392,-0.29523804,-0.29682422,0.90041695,0.17758106,0.7028492,-0.31722861,0.40088519,0.81847889,-0.44797079,-0.61449031,0.8869296,-0.48076268,-0.82092607,-0.026091544,-0.33948958,0.33531133,0.047393843,-0.31754099,-0.15533876,-0.31754099,-0.76256013,-0.13495902,-0.6234393,13,"walking"
-0.2863249,-0.25306174,0.27096978,-0.27488365,-0.87270104,0.2333966,-0.31034826,-0.30290657,-0.29682422,0.90041695,0.066592872,0.69728854,-0.2675094,0.35017759,0.81698635,-0.48717519,-0.60507257,0.88470732,-0.430013,-0.81165188,0.024958403,-0.32469794,0.36841207,-0.017511852,-0.29859796,-0.2331137,-0.29859796,-0.74931368,-0.059799941,-0.69519726,13,"walking"
-0.28033014,-0.25306174,0.2681742,-0.27106864,-0.87636375,0.23044311,-0.31034826,-0.29905565,-0.29412251,0.90247812,0.058281074,0.70836913,-0.28714228,0.37332601,0.82027944,-0.52261688,-0.61106322,0.88913591,-0.45591067,-0.81625621,-0.034775923,-0.39112329,0.35627792,0.031344226,-0.36657521,-0.16546038,-0.36657521,-0.79499036,-0.093327995,-0.67708825,13,"walking"
-0.27672402,-0.24050475,0.26248153,-0.26182968,-0.88536816,0.22195709,-0.2940065,-0.28600088,-0.2753598,0.90978693,0.093747937,0.71400932,-0.28464177,0.37648274,0.82027944,-0.49064221,-0.62595083,0.89138998,-0.46220363,-0.83170456,0.04031531,-0.41442222,0.30063963,-0.040469844,-0.33407433,-0.1254125,-0.33407433,-0.77347167,-0.029409183,-0.59666219,13,"walking"
-0.26886928,-0.23481967,0.25930012,-0.25654412,-0.89023882,0.21143323,-0.28825179,-0.27051566,-0.26239857,0.90978693,0.062056473,0.72267598,-0.34794679,0.43793215,0.82769621,-0.45104532,-0.64052542,0.89483169,-0.52373644,-0.84893462,0.073731004,-0.35596472,0.25152671,-0.071758885,-0.32124805,-0.11887301,-0.32124805,-0.76482555,-0.0019127012,-0.58619759,13,"walking"
-0.26886928,-0.24895331,0.26145435,-0.25955685,-0.88734383,0.20936047,-0.27891713,-0.26753699,-0.26239857,0.90107264,0.15835109,0.72163552,-0.5302451,0.60341015,0.82769621,-0.47167823,-0.64059944,0.89441235,-0.67607699,-0.85228493,-0.078639339,-0.4334689,0.25094253,0.088204226,-0.37162926,-0.16053322,-0.37162926,-0.79817464,-0.16122532,-0.60966862,13,"walking"
-0.27592354,-0.2492147,0.27076243,-0.27288818,-0.87465008,0.21873311,-0.28600997,-0.28056844,-0.27108396,0.89954875,0.28146193,0.69654206,-0.52219715,0.59331354,0.82512222,-0.47608611,-0.62119484,0.88439817,-0.66348376,-0.83791462,-0.077599624,-0.41816524,0.30270958,0.084780025,-0.36973511,-0.1574704,-0.36973511,-0.79699858,-0.15467641,-0.580938,13,"walking"
-0.28478152,-0.2492147,0.27043271,-0.27285722,-0.87470783,0.22021625,-0.28600997,-0.28312615,-0.28414308,0.89954875,0.2241918,0.70077417,-0.42116009,0.50538824,0.8227959,-0.49449228,-0.61993947,0.88608764,-0.58823411,-0.83507899,-0.081554528,-0.39126674,0.31270865,0.10506944,-0.36306507,-0.16185233,-0.36306507,-0.79267017,-0.19148267,-0.54898242,13,"walking"
-0.28478152,-0.2454253,0.26707576,-0.26842844,-0.87906939,0.21930172,-0.28286959,-0.28229654,-0.28414308,0.90559327,0.092486541,0.71173399,-0.4497942,0.52947979,0.8227959,-0.54701146,-0.62429374,0.89047971,-0.60814897,-0.83603937,-0.096721989,-0.49478998,0.30691069,0.10811118,-0.4120692,-0.14459009,-0.4120692,-0.82292158,-0.18092407,-0.60188564,13,"walking"
-0.28488899,-0.24416492,0.26866968,-0.2707093,-0.87686029,0.22104293,-0.28694839,-0.28471045,-0.28845955,0.90782555,0.047674959,0.70701431,-0.20859957,0.28607636,0.81773223,-0.53244596,-0.62082089,0.88859997,-0.35723981,-0.83328529,0.11618636,-0.43066972,0.31594014,-0.11606685,-0.39656388,-0.12832543,-0.39656388,-0.81354416,0.042655178,-0.57332726,13,"walking"
-0.28856447,-0.24416492,0.26906003,-0.27113079,-0.87646114,0.22091609,-0.28694839,-0.28437472,-0.28537623,0.90448977,-0.010783234,0.70480723,-0.25649113,0.33173701,0.81783694,-0.4588682,-0.62056673,0.887717,-0.40270099,-0.83366175,0.1397947,-0.33404371,0.31448974,-0.115778,-0.29424318,-0.098066531,-0.29424318,-0.74630367,0.017378987,-0.58910555,13,"walking"
-0.22493049,-0.22352293,0.23655954,-0.22125476,-0.91994506,0.16224342,-0.2491286,-0.19891691,-0.18349386,0.91133813,-0.3031512,0.76500609,-0.61225302,0.66213206,0.86440142,-0.28375979,-0.71498935,0.91146096,-0.71172783,-0.91634299,0.044317494,-0.11312961,-0.0036453884,-0.10000501,-0.13405318,-0.46952151,-0.13405318,-0.62005643,0.087265031,-0.78282394,13,"walking_downstairs"
-0.22493049,-0.19312401,0.22671279,-0.20917804,-0.92950695,0.15013811,-0.1908958,-0.18396824,-0.18349386,0.93304182,-0.19914943,0.82502015,-0.63576567,0.69259118,0.8713081,-0.32276157,-0.73741452,0.93489964,-0.74901639,-0.9288727,0.2704616,-0.36334845,-0.031313829,-0.32681049,-0.25213316,-0.4713506,-0.25213316,-0.71558954,0.29980334,-0.80718247,13,"walking_downstairs"
-0.21972295,-0.18558981,0.22400729,-0.20629465,-0.93158804,0.15802646,-0.21183734,-0.19624728,-0.18362348,0.95576029,-0.42737162,0.84013027,-0.35931389,0.42155201,0.8713081,-0.35656734,-0.73224422,0.94075507,-0.47936224,-0.9190742,-0.12398881,-0.38476359,0.0049260759,0.10662407,-0.26039969,-0.4429941,-0.26039969,-0.7216523,-0.14730086,-0.36688655,13,"walking_downstairs"
-0.21972295,-0.19504542,0.22461787,-0.20713399,-0.93092048,0.17022729,-0.22337723,-0.21351014,-0.20184778,0.94353356,-0.4685429,0.82562621,-0.41517496,0.46411153,0.8702134,-0.3059624,-0.71884586,0.93515828,-0.50969417,-0.90491556,-0.22068291,-0.14319506,0.042570679,0.21952622,-0.15769698,-0.34420617,-0.15769698,-0.6402631,-0.27180295,-0.26394784,13,"walking_downstairs"
-0.22032046,-0.1955577,0.22848313,-0.21220174,-0.92716868,0.17409697,-0.22337723,-0.21834379,-0.20101841,0.94080983,-0.33367221,0.80691996,-0.46665433,0.52366965,0.86580789,-0.38523404,-0.71093693,0.92791641,-0.5778719,-0.9006781,-0.063991955,-0.25326831,0.055322909,0.041286414,-0.22552721,-0.40562454,-0.22552721,-0.69519877,-0.08171011,-0.61463769,13,"walking_downstairs"
-0.18625614,-0.1955577,0.21674241,-0.19463977,-0.93901348,0.15978225,-0.22239773,-0.19752669,-0.17823364,0.94080983,-0.35087274,0.82362784,-0.56838154,0.6264653,0.87739169,-0.37503255,-0.73765366,0.93435301,-0.68409009,-0.91744416,-0.41353122,-0.22753132,-0.035616189,0.40939301,-0.23868582,-0.54362339,-0.23868582,-0.70538212,-0.44521808,-0.29518894,13,"walking_downstairs"
-0.18625614,-0.18080653,0.20964024,-0.18442145,-0.9462394,0.14820908,-0.1898108,-0.18126006,-0.17823364,0.95009618,-0.37526514,0.84351802,-0.53833535,0.59525067,0.87739169,-0.29204982,-0.75683562,0.94205153,-0.6512527,-0.93081967,-0.41331529,-0.14816116,-0.092027019,0.4084142,-0.098841471,-0.34737579,-0.098841471,-0.58891332,-0.44354627,-0.20297544,13,"walking_downstairs"
-0.19350822,-0.18297474,0.22009734,-0.20020497,-0.93575247,0.15077776,-0.19331578,-0.18552139,-0.18115651,0.95595612,-0.490117,0.84332532,-0.36233373,0.4271598,0.87381498,-0.26988557,-0.74365293,0.94198308,-0.48708634,-0.92764794,-0.31433207,-0.23905922,-0.037910107,0.30981988,-0.11294057,0.042861462,-0.11294057,-0.60155957,-0.35221279,-0.80944282,13,"walking_downstairs"
-0.22576032,-0.18297474,0.22487221,-0.20791035,-0.93046773,0.14730153,-0.19331578,-0.18132436,-0.17221043,0.96105077,-0.63934393,0.8567403,-0.4142376,0.46941553,0.88463784,-0.28610535,-0.74216371,0.94712329,-0.52057014,-0.93073705,-0.10218979,-0.19404174,-0.018315705,0.1035535,-0.10419498,0.010526521,-0.10419498,-0.59367777,-0.16407879,-0.63631143,13,"walking_downstairs"
-0.22478577,-0.23590982,0.24254474,-0.23054428,-0.91210636,0.17405674,-0.33199951,-0.21617753,-0.11239832,0.88473807,-0.38180414,0.75930705,-0.63375566,0.68719491,0.88741086,-0.42808479,-0.69679508,0.90884731,-0.74121121,-0.89168919,-0.15450355,-0.35374852,0.062677057,0.12133894,-0.30186529,-0.48789929,-0.30186529,-0.75169141,-0.14450832,-0.72508268,13,"walking_downstairs"
-0.20064958,-0.20598997,0.22144467,-0.20194665,-0.93436615,0.11834783,-0.20210594,-0.13906866,-0.11207763,0.92775821,-0.56540086,0.86533227,-0.53766465,0.609108,0.89133932,-0.24536528,-0.77289527,0.95033984,-0.68118691,-0.95719088,-0.17348036,-0.10415046,-0.14123576,0.15661845,-0.060270598,-0.42951079,-0.060270598,-0.55328911,-0.19572756,-0.74107292,13,"walking_downstairs"
-0.18945267,-0.17997311,0.20959127,-0.18537513,-0.9457387,0.11803942,-0.15141533,-0.13921841,-0.11207763,0.97116441,-0.550368,0.89185564,-0.39899073,0.47360287,0.89426832,-0.19700216,-0.78663311,0.96050619,-0.54646942,-0.95801727,-0.33169688,0.068208742,-0.16628823,0.31548269,0.033338103,-0.21042001,0.033338103,-0.46088127,-0.34446361,-0.37980889,13,"walking_downstairs"
-0.18945267,-0.19388454,0.21797006,-0.19779642,-0.93688081,0.1383372,-0.19622319,-0.16847488,-0.15640538,0.94632833,-0.49401171,0.87128635,-0.49286348,0.55285768,0.89426832,-0.25506743,-0.75828448,0.95263404,-0.61266308,-0.9392633,-0.36813348,0.046788331,-0.069519099,0.33876056,-0.03656691,-0.26044245,-0.03656691,-0.53084952,-0.3508705,-0.2314166,13,"walking_downstairs"
-0.2212547,-0.19388454,0.22737276,-0.21024349,-0.92866344,0.15204701,-0.19622319,-0.18678261,-0.16296212,0.9441973,-0.42106886,0.82462645,-0.47068209,0.54632473,0.88493111,-0.14486983,-0.73482327,0.93473759,-0.6217714,-0.92656325,-0.32576077,0.118382,-0.021211896,0.31040551,0.015302559,-0.19034056,0.015302559,-0.47951884,-0.3393887,-0.52051921,13,"walking_downstairs"
-0.21365286,-0.18403013,0.22236007,-0.20290226,-0.93400521,0.15385191,-0.19538984,-0.18926222,-0.18525049,0.9441973,-0.46767029,0.82640264,-0.41810437,0.49246666,0.87736121,-0.17328252,-0.73820233,0.93543421,-0.56545766,-0.92479146,-0.36885489,0.075803986,-0.033182634,0.35523544,0.033631914,-0.1136038,0.033631914,-0.4606536,-0.38320794,-0.14927138,13,"walking_downstairs"
-0.21365286,-0.20044988,0.22571678,-0.20765545,-0.93041286,0.14951113,-0.19538984,-0.18300015,-0.17907169,0.93555409,-0.48730853,0.82512614,-0.54214448,0.60449598,0.87736121,-0.28361958,-0.73908584,0.93492421,-0.66660347,-0.92946509,-0.40705626,-0.10620868,-0.037988179,0.3923684,-0.10968527,-0.25969957,-0.10968527,-0.59865695,-0.41723581,0.02830103,13,"walking_downstairs"
-0.21845157,-0.20210514,0.23365724,-0.21839076,-0.92241178,0.15051626,-0.19730457,-0.18371466,-0.17907169,0.93555409,-0.44496395,0.8023371,-0.60098741,0.66572957,0.86735472,-0.38510649,-0.72963364,0.92612835,-0.73012963,-0.92890534,-0.29729498,-0.24284371,-0.023839896,0.29339156,-0.25114948,-0.42320724,-0.25114948,-0.71467,-0.3378707,-0.80616182,13,"walking_downstairs"
-0.21981052,-0.20210514,0.22958504,-0.21293825,-0.92650411,0.15649659,-0.19730457,-0.19256696,-0.18745751,0.93626523,-0.46649095,0.80841197,-0.45484149,0.51488104,0.86082424,-0.34851967,-0.72805623,0.92849903,-0.57219816,-0.92228071,-0.35385604,-0.1225928,-0.010434175,0.35170805,-0.1736869,-0.131249,-0.1736869,-0.65344811,-0.39347735,-0.79232261,13,"walking_downstairs"
-0.1930308,-0.2466742,0.22373984,-0.20303703,-0.9319903,0.16947238,-0.31527363,-0.20916819,-0.12630869,0.89494906,-0.34974706,0.77384277,-0.64061854,0.70207905,0.89145018,-0.26325364,-0.72050852,0.91465317,-0.76411757,-0.89829453,-0.31325519,-0.024598065,-0.01958717,0.29922731,-0.10326682,-0.27645497,-0.10326682,-0.59292438,-0.33223452,-0.565045,13,"walking_downstairs"
-0.1930308,-0.18110078,0.21114866,-0.18688953,-0.94466772,0.12632347,-0.19338064,-0.15039972,-0.12630869,0.93465866,-0.50768125,0.86729641,-0.63262595,0.69875968,0.89148241,-0.1118442,-0.77718823,0.95109949,-0.76532105,-0.95078696,-0.22816242,0.0095448092,-0.15038697,0.19911811,0.01775132,-0.39691808,0.01775132,-0.47703662,-0.22147704,-0.69858754,13,"walking_downstairs"
-0.20354056,-0.19183852,0.22190134,-0.20346413,-0.93349327,0.14999115,-0.21509654,-0.18505471,-0.13138474,0.9477233,-0.55808935,0.85512481,-0.43496658,0.50714744,0.89148241,-0.26225053,-0.74259048,0.94645328,-0.57776029,-0.9261048,-0.37849404,-0.07530564,-0.021710544,0.380683,-0.058288677,-0.19095063,-0.058288677,-0.55151304,-0.42586278,-0.5591866,13,"walking_downstairs"
-0.22727929,-0.20316752,0.2335151,-0.21952961,-0.92148341,0.16363631,-0.21509654,-0.20359215,-0.18390439,0.94125384,-0.62808943,0.81357106,-0.43237736,0.50723539,0.87431166,-0.24240722,-0.71675839,0.93048984,-0.58045297,-0.91303033,-0.37464284,0.048565893,0.040753711,0.40904882,0.016840406,-0.22276129,0.016840406,-0.47793563,-0.48869047,0.05979529,13,"walking_downstairs"
-0.20551686,-0.20316752,0.23406881,-0.21952392,-0.92134434,0.15082506,-0.21296456,-0.18466118,-0.17743558,0.94125384,-0.53738959,0.81129347,-0.48009282,0.56189817,0.8643051,-0.10919844,-0.72889038,0.92961483,-0.64169919,-0.92800661,-0.20104762,0.097120508,-0.011529222,0.21569637,0.10169994,-0.48141911,0.10169994,-0.38813977,-0.28673496,-0.34539666,13,"walking_downstairs"
-0.20405672,-0.19705814,0.22444732,-0.20571488,-0.93165556,0.1498157,-0.19289156,-0.18332889,-0.17743558,0.94862165,-0.33890545,0.82400909,-0.4370168,0.51196282,0.87039486,-0.18055247,-0.74011543,0.93453697,-0.58489741,-0.9292365,-0.090978853,-0.082639144,-0.043124237,0.057597161,0.01042785,-0.35716577,0.01042785,-0.48445039,-0.084665834,0.054025433,13,"walking_downstairs"
-0.20405672,-0.19278207,0.22613952,-0.20861164,-0.92960128,0.14888695,-0.19289156,-0.18245541,-0.1720368,0.95186411,-0.38750168,0.8317821,-0.3909703,0.4529968,0.87039486,-0.254386,-0.73925809,0.93753798,-0.51171479,-0.92981302,-0.048867366,-0.072673932,-0.031821002,0.013800638,-0.043403596,-0.29757006,-0.043403596,-0.53730827,-0.041915547,-0.21998835,13,"walking_downstairs"
-0.21052927,-0.19278207,0.22318218,-0.20473144,-0.93251084,0.14982398,-0.20084251,-0.1842035,-0.1720368,0.95236899,-0.54793348,0.84195343,-0.3268989,0.39449671,0.87308606,-0.17867105,-0.74142817,0.94145534,-0.45708042,-0.92839118,0.10808748,0.050657159,-0.030154251,-0.11522417,0.062540419,-0.20723611,0.062540419,-0.43024373,0.046851912,-0.7135038,13,"walking_downstairs"
-0.19975962,-0.17043979,0.21294465,-0.18970401,-0.94310302,0.1496193,-0.20084251,-0.18378647,-0.16663082,0.95974739,-0.32075764,0.84947435,-0.36934052,0.44209263,0.87464748,-0.15541677,-0.7520822,0.94434576,-0.51066501,-0.92859991,-0.037012845,0.017851813,-0.066519212,0.013724011,0.059558242,-0.26466511,0.059558242,-0.43354913,-0.05169241,-0.77869236,13,"walking_downstairs"
-0.2755383,-0.2790301,0.2732514,-0.27869971,-0.86845992,0.21685857,-0.33013232,-0.28043865,-0.25067167,0.88537691,-0.29832458,0.72579769,-0.76534463,0.79751097,0.85043691,-0.39787663,-0.62065348,0.89596367,-0.82984311,-0.83681476,-0.6519306,-0.22474489,0.34038442,0.65638119,-0.30723044,-0.80177775,-0.30723044,-0.7554386,-0.68514584,-0.74395037,13,"walking_upstairs"
-0.29132781,-0.30472465,0.29640157,-0.31145312,-0.83311032,0.25042346,-0.3948247,-0.32662768,-0.25067167,0.81962318,-0.26909365,0.63719821,-0.80085206,0.83329103,0.85043691,-0.3958565,-0.56095543,0.85965602,-0.86593887,-0.77562315,-0.63624138,-0.36731697,0.48293297,0.65542121,-0.34742084,-0.81157013,-0.34742084,-0.78259549,-0.70108954,-0.5355958,13,"walking_upstairs"
-0.32499684,-0.31161439,0.31114344,-0.3301734,-0.81189866,0.28538764,-0.3948247,-0.37176072,-0.34108247,0.81962318,-0.14085292,0.5298036,-0.81291091,0.84214141,0.78732617,-0.55268141,-0.50729325,0.81579153,-0.87148155,-0.71778605,-0.67897668,-0.53384638,0.57001995,0.68316919,-0.51120811,-0.7937135,-0.51120811,-0.87678355,-0.70982235,-0.75051285,13,"walking_upstairs"
-0.32197274,-0.31161439,0.30463652,-0.31947758,-0.82438808,0.27647724,-0.38888622,-0.35789144,-0.35099042,0.82064558,-0.16995879,0.54019021,-0.72622976,0.75655145,0.76222476,-0.55003909,-0.52384628,0.82021726,-0.78651721,-0.73830456,-0.6856838,-0.43122579,0.51242493,0.68740617,-0.47680179,-0.70612775,-0.47680179,-0.85919412,-0.71071189,-0.57950982,13,"walking_upstairs"
-0.32197274,-0.28473937,0.29733395,-0.30936344,-0.83628686,0.26697949,-0.35620724,-0.34526228,-0.32680572,0.84024298,-0.28866388,0.56918223,-0.69360528,0.7288338,0.78004022,-0.46174805,-0.5417748,0.83236231,-0.7635445,-0.75631642,-0.51197576,-0.34156202,0.47456701,0.50260309,-0.38201444,-0.68114634,-0.38201444,-0.80470855,-0.52464366,-0.48266298,13,"walking_upstairs"
-0.31346638,-0.28614011,0.29412372,-0.30587366,-0.84012681,0.2569156,-0.35620724,-0.33283124,-0.32664294,0.84695497,-0.24165525,0.60218641,-0.74107837,0.77619017,0.78802182,-0.5123246,-0.55615966,0.84602104,-0.81109478,-0.77309635,-0.66426819,-0.38941266,0.45813843,0.66083987,-0.43613655,-0.75291885,-0.43613655,-0.83689645,-0.67986956,-0.46935501,13,"walking_upstairs"
-0.3077252,-0.28617623,0.29120274,-0.30154938,-0.84482833,0.25408166,-0.33782269,-0.32874259,-0.32664294,0.85836164,-0.17574038,0.60894163,-0.66914243,0.70240324,0.78802182,-0.57709996,-0.56221788,0.84883691,-0.73456381,-0.77879448,-0.67090963,-0.521913,0.44088492,0.66436549,-0.5226042,-0.66853931,-0.5226042,-0.88234832,-0.67977993,-0.33442981,13,"walking_upstairs"
-0.29315721,-0.28617623,0.28646373,-0.2938702,-0.85298039,0.2667625,-0.36540662,-0.34478626,-0.33114413,0.85097032,-0.23695354,0.58378477,-0.56060999,0.60203547,0.7740062,-0.42553728,-0.55268516,0.83845577,-0.64149454,-0.75682525,-0.6548163,-0.38322285,0.44293872,0.65221352,-0.36464083,-0.70394006,-0.36464083,-0.7937515,-0.67284967,-0.38136801,13,"walking_upstairs"
-0.29315721,-0.28333041,0.28804384,-0.29605076,-0.85052998,0.27777951,-0.37254703,-0.35957509,-0.34722288,0.84026541,-0.2637592,0.56206573,-0.5851185,0.61843658,0.77209634,-0.38792591,-0.5385764,0.82941588,-0.6502925,-0.73608487,-0.64990006,-0.2807492,0.47099394,0.63693572,-0.32984374,-0.7575994,-0.32984374,-0.7709159,-0.64700897,-0.30574247,13,"walking_upstairs"
-0.29560526,-0.31020047,0.30274323,-0.31694091,-0.82715231,0.2865182,-0.38775035,-0.37152502,-0.36546597,0.8134885,-0.28007084,0.52668897,-0.67619984,0.70595238,0.76067214,-0.43937547,-0.51435642,0.81451609,-0.73482272,-0.71854482,-0.6541517,-0.31298934,0.53100316,0.64011009,-0.35914891,-0.73627044,-0.35914891,-0.79021582,-0.64881664,-0.7679905,13,"walking_upstairs"
-0.3257621,-0.31020047,0.30619517,-0.32253573,-0.8209501,0.29982844,-0.40315457,-0.39026075,-0.38037932,0.8134885,-0.29951944,0.50427517,-0.69871951,0.73155368,0.74252743,-0.44214385,-0.49567756,0.80506268,-0.76368038,-0.68977183,-0.65279068,-0.31320323,0.57808143,0.64249145,-0.36716075,-0.74606812,-0.36716075,-0.79536245,-0.65509978,-0.7690965,13,"walking_upstairs"
-0.23540617,-0.27238184,0.2573923,-0.25626259,-0.88883502,0.24444974,-0.34956867,-0.31955277,-0.29790179,0.87112277,-0.19007536,0.71226181,-0.81685089,0.84747717,0.84900234,-0.42338941,-0.60547051,0.89049752,-0.87828432,-0.79014215,-0.74328457,-0.38839601,0.37345841,0.7378327,-0.37439824,-0.7468111,-0.37439824,-0.79993303,-0.7498636,-0.60633728,13,"walking_upstairs"
-0.24781943,-0.29608301,0.28722183,-0.29854745,-0.84662599,0.262057,-0.35226838,-0.34289481,-0.32076308,0.84153892,-0.35282441,0.63306632,-0.82707821,0.86519039,0.84392742,-0.45771306,-0.557268,0.85839118,-0.90364024,-0.7595355,-0.62655001,-0.37302173,0.48892086,0.64291597,-0.38634862,-0.66028127,-0.38634862,-0.80739428,-0.68646897,-0.55094783,13,"walking_upstairs"
-0.32359008,-0.30122147,0.30786166,-0.3252309,-0.81792747,0.27505817,-0.38300051,-0.35743364,-0.35290681,0.83340671,-0.32912595,0.54997716,-0.80950366,0.85064344,0.77351027,-0.53609053,-0.52218312,0.82433224,-0.89185454,-0.7390793,-0.59716825,-0.45032624,0.5347383,0.60790186,-0.4593927,-0.70035767,-0.4593927,-0.84984348,-0.64674472,-0.52341234,13,"walking_upstairs"
-0.34178296,-0.32321373,0.31511243,-0.335457,-0.80548568,0.28473587,-0.38305361,-0.37053326,-0.35860847,0.82460427,-0.2502951,0.52148345,-0.62509327,0.66587246,0.74575735,-0.45960793,-0.5040093,0.81237339,-0.70486243,-0.71996629,-0.64367552,-0.38545357,0.57451542,0.65115947,-0.37904198,-0.72401702,-0.37904198,-0.80282441,-0.68325795,-0.34692096,13,"walking_upstairs"
-0.32396801,-0.32321373,0.31171907,-0.33068531,-0.81106256,0.28715117,-0.38305361,-0.3737728,-0.37210223,0.82460427,-0.24774705,0.52257374,-0.63014181,0.67062586,0.75478596,-0.40308957,-0.50472441,0.81282826,-0.70970756,-0.71528416,-0.69939961,-0.32146969,0.57108829,0.71002394,-0.33956001,-0.63418712,-0.33956001,-0.77741239,-0.74193133,-0.10179254,13,"walking_upstairs"
-0.3204003,-0.30375159,0.30210826,-0.31646601,-0.82806999,0.28039676,-0.37436427,-0.3638295,-0.35575081,0.83134765,-0.26940024,0.54273071,-0.63672716,0.67900695,0.75714154,-0.4917826,-0.52194425,0.82132126,-0.7199813,-0.72988978,-0.67828094,-0.4060239,0.5222365,0.6878278,-0.42126701,-0.6948388,-0.42126701,-0.82835042,-0.71998156,-0.57249424,13,"walking_upstairs"
-0.3204003,-0.31749334,0.30822149,-0.32529698,-0.81750676,0.27786131,-0.36693645,-0.36069663,-0.35575081,0.83239979,-0.25846083,0.54001645,-0.47397909,0.52232554,0.75714154,-0.47334306,-0.51868998,0.82018051,-0.56756848,-0.73452302,-0.53694768,-0.38382004,0.53565317,0.52337359,-0.38151843,-0.71934925,-0.38151843,-0.80437947,-0.54001235,-0.52699794,13,"walking_upstairs"
-0.3175732,-0.31749334,0.3059864,-0.32289248,-0.82025337,0.28531669,-0.37877102,-0.37164354,-0.36099074,0.83239979,-0.33730863,0.53774794,-0.54792192,0.58389499,0.75661678,-0.37627629,-0.51252544,0.81922898,-0.61813249,-0.71841212,-0.58486727,-0.22990438,0.55654467,0.56959623,-0.28285264,-0.65064869,-0.28285264,-0.73818175,-0.58158962,-0.49704275,13,"walking_upstairs"
-0.3175732,-0.32743081,0.30334569,-0.31964441,-0.82401651,0.29615983,-0.40181816,-0.38682273,-0.37609309,0.80658912,-0.41328242,0.52694863,-0.73506489,0.77233198,0.75661678,-0.34743974,-0.50268672,0.81463879,-0.809389,-0.69521617,-0.70731942,-0.25059816,0.57945735,0.7040812,-0.27005593,-0.65064933,-0.27005593,-0.7288768,-0.7207953,-0.77523476,13,"walking_upstairs"
-0.33159101,-0.32819272,0.32080069,-0.34395516,-0.79449577,0.31184277,-0.42313372,-0.40741263,-0.38788457,0.79002246,-0.40186513,0.46648359,-0.7831458,0.82466795,0.74123313,-0.45480034,-0.46740973,0.7887793,-0.86625822,-0.66226548,-0.67606174,-0.32840372,0.6507674,0.68293242,-0.37550774,-0.71752412,-0.37550774,-0.80064196,-0.71248697,-0.76215246,13,"walking_upstairs"
-0.24363162,-0.26972526,0.26117936,-0.26102343,-0.88487356,0.24482812,-0.33983973,-0.31909468,-0.31420549,0.87408322,-0.37007823,0.69635912,-0.73898604,0.77894766,0.83453652,-0.41651967,-0.60156141,0.88420409,-0.8191606,-0.79132017,-0.63952943,-0.16885323,0.37306108,0.61849898,-0.29177842,-0.71126939,-0.29177842,-0.74456881,-0.62098091,-0.52911055,13,"walking_upstairs"
-0.27618831,-0.28464921,0.28621033,-0.29536107,-0.85125935,0.26882391,-0.39384706,-0.34994423,-0.32110359,0.81951494,-0.33163612,0.60285928,-0.74664528,0.78815993,0.82842865,-0.37029864,-0.55058501,0.84597175,-0.8299282,-0.74826778,-0.60885672,-0.2681454,0.47522258,0.61590009,-0.26534187,-0.71962204,-0.26534187,-0.72542236,-0.65027801,-0.54984011,13,"walking_upstairs"
-0.32138268,-0.33389229,0.30988929,-0.32583681,-0.81650798,0.28508463,-0.39384706,-0.36822866,-0.34986885,0.80942198,-0.3334123,0.50709417,-0.72669216,0.76583184,0.77648489,-0.24260277,-0.50889495,0.80616687,-0.80488961,-0.72304908,-0.60141367,-0.10844027,0.53029789,0.62827684,-0.14336209,-0.70029891,-0.14336209,-0.62807663,-0.68445004,-0.51363064,13,"walking_upstairs"
-0.33641735,-0.36719834,0.33659146,-0.36317646,-0.76919358,0.27457912,-0.38322234,-0.35446917,-0.3475882,0.80942198,-0.24111011,0.48342577,-0.61531887,0.65310366,0.73131187,-0.28056815,-0.4925185,0.79617284,-0.68941319,-0.74329283,-0.69544006,-0.14126991,0.57571374,0.69887724,-0.18728612,-0.65278017,-0.18728612,-0.66485788,-0.7236561,-0.5233883,13,"walking_upstairs"
-0.32998147,-0.36719834,0.32989912,-0.35590427,-0.77813227,0.28699202,-0.42611141,-0.37331407,-0.3475882,0.80946442,-0.15932211,0.49062138,-0.70560881,0.74240231,0.73732485,-0.37516681,-0.48619243,0.79924512,-0.77845873,-0.71438687,-0.66632926,-0.23399264,0.61222797,0.65711256,-0.29257025,-0.6605769,-0.29257025,-0.74513146,-0.67031445,-0.29057655,13,"walking_upstairs"
-0.32995656,-0.31978418,0.31351086,-0.33255284,-0.8088487,0.32034563,-0.4402715,-0.41710399,-0.37646293,0.77373204,-0.27508923,0.45109227,-0.79855327,0.83718306,0.73732485,-0.33278325,-0.46462027,0.7820864,-0.87587583,-0.64560961,-0.59518078,-0.22637923,0.63282903,0.59448694,-0.23442217,-0.59643915,-0.23442217,-0.70209676,-0.62150341,-0.45750627,13,"walking_upstairs"
-0.32995656,-0.33716741,0.32557951,-0.34736432,-0.79031785,0.32675554,-0.44054279,-0.42285613,-0.38157924,0.76584159,-0.27111993,0.40064976,-0.76524776,0.80269774,0.71032454,-0.35580323,-0.44528711,0.76015362,-0.84017094,-0.6360357,-0.62735977,-0.22311088,0.64624604,0.62527026,-0.26526007,-0.70529981,-0.26526007,-0.72536256,-0.64840266,-0.30840094,13,"walking_upstairs"
-0.36193189,-0.33716741,0.33037979,-0.35447689,-0.78158734,0.30552658,-0.44054279,-0.39558454,-0.38157924,0.76584159,-0.26677981,0.43784369,-0.7217015,0.75764498,0.73099661,-0.33494916,-0.46495259,0.7763122,-0.79335615,-0.6806955,-0.50892981,-0.17404596,0.62376142,0.49674677,-0.24732059,-0.72185967,-0.24732059,-0.71197515,-0.51658037,-0.6624399,13,"walking_upstairs"
-0.33818572,-0.32634072,0.3189337,-0.33958335,-0.80030059,0.30174659,-0.4084177,-0.39179998,-0.38163233,0.79718742,-0.28869333,0.47261872,-0.72246786,0.76274073,0.73099661,-0.34332281,-0.48089042,0.79152394,-0.80261054,-0.68734528,-0.50625672,-0.23984462,0.60245494,0.4913448,-0.26815781,-0.63047366,-0.26815781,-0.72747475,-0.50880887,-0.77456699,13,"walking_upstairs"
-0.33700614,-0.31625207,0.30983642,-0.32643637,-0.81647559,0.31446113,-0.41822685,-0.40805212,-0.3912399,0.79663011,-0.35166785,0.45901107,-0.70713508,0.74571383,0.72069266,-0.43684994,-0.47508516,0.78566689,-0.7834191,-0.66142395,-0.66520926,-0.37137231,0.59891689,0.66826929,-0.37318116,-0.7221411,-0.37318116,-0.79917659,-0.69440772,-0.78142544,13,"walking_upstairs"
-0.19474978,-0.16523966,0.20869561,-0.18329064,-0.94720896,-0.052393279,0.087068975,0.10680306,0.10718396,0.98052027,0.33168815,0.89373926,-0.39074489,0.43419315,0.8872577,-0.86764095,-0.81252615,0.96122928,-0.47817356,-0.97954215,-0.75991694,-0.83649384,-0.2872169,0.778493,-0.85959632,-0.78643515,-0.85959632,-0.98881249,-0.81499019,-0.62721335,13,"standing"
-0.19474978,-0.1594839,0.20492417,-0.17769138,-0.95081539,-0.056036795,0.10696122,0.11196797,0.10718396,0.98050634,0.44289439,0.89268053,-0.3351473,0.381424,0.88675859,-0.87473433,-0.81443778,0.96082791,-0.42830295,-0.97760717,-0.83200465,-0.84613218,-0.28939317,0.85083566,-0.86280043,-0.80944806,-0.86280043,-0.9892847,-0.88264439,-0.64493308,13,"standing"
-0.1950516,-0.16864006,0.21178354,-0.18786932,-0.94422758,-0.052373455,0.10533524,0.10682269,0.1021483,0.97921706,-0.10054109,0.89278936,-0.38129548,0.38568743,0.88679465,-0.97656933,-0.80867693,0.96086908,-0.38997805,-0.97972623,-0.66328794,-0.9741529,-0.27542316,0.6348419,-0.97396766,-0.70088085,-0.97396766,-0.999399,-0.62800833,-0.90581887,13,"standing"
-0.20604759,-0.16864006,0.21536994,-0.19320474,-0.94079767,-0.053175815,0.10533524,0.10804184,0.10400796,0.97895309,0.03258633,0.89151651,0.037758825,-0.039565955,0.88723677,-0.9679906,-0.80359311,0.96038607,0.041587738,-0.97922254,-0.1689937,-0.96498665,-0.25860536,0.099048086,-0.96213338,-0.52794308,-0.96213338,-0.99890412,-0.082425258,-0.96793166,13,"standing"
-0.20283334,-0.16721892,0.21027431,-0.18568173,-0.94574985,-0.052779031,0.10522677,0.10741249,0.10400796,0.97895309,0.089674896,0.89419883,0.067926931,-0.068037159,0.8881102,-0.95836524,-0.81027546,0.96140271,0.068494698,-0.97947243,-0.21687446,-0.95961307,-0.27876171,0.1670814,-0.95464705,-0.61157733,-0.95464705,-0.99851893,-0.16872852,-0.97444275,13,"standing"
-0.20149138,-0.15380032,0.20711938,-0.18103505,-0.94877215,-0.050959866,0.10522677,0.10476916,0.097119234,0.9818363,0.27729769,0.89682018,-0.29159794,0.3023059,0.8881102,-0.98945035,-0.8155346,0.96239692,-0.31263656,-0.98055519,-0.65009951,-0.98696278,-0.29653162,0.62283078,-0.98901172,-0.55497456,-0.98901172,-0.99982815,-0.61797994,-0.97527238,13,"standing"
-0.19629494,-0.15242777,0.2051461,-0.17806044,-0.95060527,-0.052999941,0.1069446,0.10763878,0.10157501,0.98150523,0.092307309,0.89518171,-0.39732364,0.41275258,0.88757979,-0.9892643,-0.81647891,0.96177617,-0.42795432,-0.9794104,-0.64301454,-0.98661019,-0.29813537,0.61644191,-0.98926758,-0.44918321,-0.98926758,-0.99983353,-0.61294547,-0.96232886,13,"standing"
-0.19629494,-0.14921769,0.20327677,-0.17527938,-0.95232418,-0.054596413,0.10958587,0.10989408,0.10161532,0.98150523,0.016617207,0.89459215,-0.23414338,0.25469685,0.88689724,-0.99053467,-0.81755735,0.96155274,-0.27416013,-0.97849456,-0.69700107,-0.98759824,-0.30009099,0.68354354,-0.9895208,-0.37312035,-0.9895208,-0.99983877,-0.69027232,-0.93235818,13,"standing"
-0.19649873,-0.15615537,0.20484298,-0.17759145,-0.95089921,-0.054528328,0.10926741,0.10981538,0.10161532,0.98116032,0.076316013,0.89399478,-0.31008984,0.33422724,0.88666278,-0.97971122,-0.81569556,0.96132629,-0.35765664,-0.97852774,-0.7332159,-0.97745558,-0.29445803,0.71830764,-0.9778716,-0.58340229,-0.9778716,-0.99953177,-0.72101932,-0.94804682,13,"standing"
-0.19956634,-0.17446665,0.21157846,-0.18757604,-0.94441933,-0.051545433,0.09981901,0.10563589,0.10029214,0.98116032,-0.032593372,0.89352192,-0.24061403,0.25718436,0.88644123,-0.9741995,-0.80952437,0.96114703,-0.27246876,-0.98018598,-0.7607398,-0.97128701,-0.27885633,0.74210754,-0.97509822,-0.6485506,-0.97509822,-0.99943911,-0.73897151,-0.96239576,13,"standing"
-0.20847143,-0.17539076,0.21988393,-0.19988497,-0.93616909,-0.046740972,0.097500903,0.098841341,0.096720846,0.97967734,-0.35889176,0.89270888,-0.21681547,0.22306063,0.88638851,-0.96921391,-0.8021345,0.96083864,-0.22923106,-0.98278419,-0.73479516,-0.96781393,-0.26417856,0.71449258,-0.96937913,-0.59074302,-0.96937913,-0.99922344,-0.71136153,-0.93646612,13,"standing"
-0.22540925,-0.17627578,0.22325585,-0.20473364,-0.93278854,-0.043807819,0.094168243,0.094589447,0.087325522,0.97869643,0.1642182,0.88959329,-0.35587377,0.35995793,0.88638501,-0.98616906,-0.79954277,0.9596564,-0.36391592,-0.98434418,-0.71331295,-0.98124814,-0.26464618,0.71410637,-0.98499549,-0.53598547,-0.98499549,-0.9997355,-0.73439323,-0.95940119,13,"standing"
-0.22002328,-0.17627578,0.22241055,-0.2033934,-0.93373851,-0.042256778,0.093256114,0.092303786,0.085131478,0.97869643,0.25907078,0.88886277,-0.44061131,0.44969374,0.88617618,-0.98818488,-0.80158325,0.95937923,-0.45884341,-0.98513604,-0.50532602,-0.98624324,-0.27492617,0.46259734,-0.98836073,-0.39314238,-0.98836073,-0.99981418,-0.45147979,-0.96914625,13,"standing"
-0.21857383,-0.17582264,0.21945557,-0.19912332,-0.93675181,-0.042822285,0.093256114,0.093130537,0.090793213,0.97900474,-0.28045715,0.89204698,-0.46679971,0.48333042,0.88658667,-0.96364702,-0.80513492,0.96058748,-0.5000587,-0.98483841,-0.57101028,-0.94985647,-0.28198954,0.56521733,-0.95363725,-0.30116801,-0.95363725,-0.99846233,-0.58902645,-0.95728099,13,"standing"
-0.30246452,-0.43816859,0.3123867,-0.33308724,-0.80141914,-0.019828971,0.048510188,0.060123557,0.069853176,0.86686102,0.97855342,0.789089,-0.96675368,0.96681731,0.87362749,-0.69902806,-0.68524183,0.92060163,-0.96649373,-0.99381541,-0.97478108,-0.75818925,-0.083282463,0.97255466,-0.69055912,-0.71493222,-0.69055912,-0.9494518,-0.97194049,-0.92494505,13,"standing"
-0.30246452,-0.26750921,0.28129257,-0.28968022,-0.85764535,-0.010851682,0.046867725,0.047256024,0.048159186,0.95925367,0.15106238,0.8481853,-0.93514401,0.94444917,0.87362749,-0.98854461,-0.73183624,0.94385023,-0.95353181,-0.99655538,-0.88763385,-0.98520152,-0.1908365,0.89793686,-0.98816119,-0.84284276,-0.98816119,-0.99980972,-0.91674418,-0.96777511,13,"standing"
-0.307638,-0.26794297,0.28573831,-0.29585992,-0.85112361,-0.0077307524,0.036679331,0.042701934,0.037500662,0.959837,0.5387535,0.83989025,-0.43181443,0.43076717,0.86992549,-0.99182311,-0.72608406,0.94066598,-0.42964429,-0.99725371,-0.4750181,-0.98861309,-0.19234679,0.4287461,-0.99154474,-0.76041019,-0.99154474,-0.99987838,-0.416087,-0.98148461,13,"standing"
-0.31360705,-0.26794297,0.28642091,-0.29691456,-0.85000745,-0.00244424,0.031512943,0.035042602,0.034832924,0.959837,-0.095674592,0.84083342,-0.54572939,0.54864775,0.8677672,-0.98950094,-0.72599418,0.94102888,-0.55134964,-0.99823506,-0.52532425,-0.9885357,-0.20925125,0.4899497,-0.99084897,-0.77228249,-0.99084897,-0.99986518,-0.48504657,-0.97954806,13,"standing"
-0.31236082,-0.26750001,0.28503964,-0.29495929,-0.85210436,-0.00090457355,0.031512943,0.032810588,0.027195166,0.96133122,0.19949849,0.84334858,-0.53154704,0.54444772,0.8677672,-0.97979394,-0.72820798,0.94199619,-0.55743521,-0.99852364,-0.65853085,-0.98114559,-0.21866499,0.6312964,-0.98227995,-0.68629684,-0.98227995,-0.99966385,-0.62592731,-0.9557801,13,"standing"
-0.31236082,-0.26943461,0.28634302,-0.29683082,-0.85008666,-0.003282345,0.034506864,0.036261695,0.030070669,0.96077368,0.47710441,0.84118249,-0.50638413,0.51377644,0.86772249,-0.98161984,-0.72597866,0.94116346,-0.52105884,-0.99813932,-0.60386691,-0.98584949,-0.20596232,0.56764732,-0.98423902,-0.5206848,-0.98423902,-0.9997163,-0.5564285,-0.95713958,13,"standing"
-0.31199102,-0.26943461,0.28595188,-0.29630496,-0.85064851,-0.0050603766,0.038841771,0.038845684,0.031536656,0.96077368,0.37351123,0.84190832,-0.32507673,0.32781344,0.86780382,-0.99148196,-0.72625367,0.94144241,-0.33030731,-0.99781208,-0.49586964,-0.99214079,-0.19994936,0.44989567,-0.99134879,-0.41517971,-0.99134879,-0.9998745,-0.43577483,-0.9692374,13,"standing"
-0.31197358,-0.26484604,0.28379911,-0.29313196,-0.85405255,-0.0051843096,0.039068601,0.039014466,0.031536656,0.96199002,0.16335251,0.84378853,-0.38418979,0.39799968,0.86780382,-0.99698856,-0.72933115,0.94216529,-0.41188933,-0.9977907,-0.19724824,-0.99648763,-0.20672498,0.13086336,-0.9965797,-0.35859468,-0.9965797,-0.99995904,-0.11603176,-0.9910532,13,"standing"
-0.31197358,-0.26360019,0.28422342,-0.29368397,-0.85346615,-0.004409091,0.039068601,0.037883386,0.03036616,0.96190952,0.16686005,0.84256547,-0.35913666,0.37877837,0.86778177,-0.99570538,-0.72885089,0.94169528,-0.39838743,-0.99794037,-0.14429142,-0.99513629,-0.20915206,0.079094828,-0.99499289,-0.16620082,-0.99499289,-0.99993633,-0.068818073,-0.99540857,13,"standing"
-0.3138499,-0.26466409,0.28507463,-0.29490377,-0.85216742,-0.0052195911,0.039143738,0.039059133,0.032152701,0.96104711,0.064897415,0.84121913,-0.33842591,0.35721975,0.86673554,-0.99477667,-0.72748935,0.94117773,-0.37573386,-0.99778679,-0.53572532,-0.99445915,-0.20369308,0.51601735,-0.99461366,-0.29516851,-0.99461366,-0.99993068,-0.52669413,-0.99505248,13,"standing"
-0.30815218,-0.26466409,0.28436061,-0.29383211,-0.85330202,-0.0066060985,0.04210449,0.041063598,0.033530769,0.96104711,0.27261397,0.84134107,-0.45813528,0.46755159,0.86852791,-0.9886347,-0.72827259,0.94122447,-0.47703555,-0.99751375,-0.60088408,-0.98668797,-0.20115735,0.57717604,-0.98890404,-0.30584985,-0.98890404,-0.99982588,-0.57979096,-0.99140053,13,"standing"
-0.30294414,-0.26410447,0.28064259,-0.28847422,-0.8589194,-0.0064875146,0.041950222,0.040887213,0.033530769,0.96107155,0.61900417,0.84622678,-0.55392438,0.55770688,0.87034475,-0.98356421,-0.7336403,0.94310078,-0.56137502,-0.99753792,-0.49099544,-0.98267811,-0.21257059,0.44203099,-0.98510852,-0.51315626,-0.98510852,-0.99973829,-0.42526504,-0.98522289,13,"standing"
-0.30294414,-0.26305348,0.279535,-0.28694574,-0.86052136,-0.004351692,0.036428759,0.037797494,0.031237952,0.96327335,0.4000606,0.8489706,-0.46523351,0.46673603,0.87034475,-0.98202551,-0.73561002,0.94415479,-0.46806115,-0.99794343,-0.43789558,-0.98456506,-0.2229505,0.38166954,-0.98454476,-0.63860943,-0.98454476,-0.99972412,-0.36084094,-0.96881967,13,"standing"
-0.30379803,-0.26333255,0.28238143,-0.29111976,-0.85616296,-0.0024078198,0.036392098,0.034988456,0.029953099,0.96317406,0.37984345,0.84652001,-0.30504442,0.31901549,0.87002803,-0.98826828,-0.73182191,0.94321432,-0.33324063,-0.99829014,-0.53521617,-0.98670018,-0.22092989,0.48969924,-0.98888193,-0.49816664,-0.98888193,-0.99982542,-0.47356116,-0.97251272,13,"standing"
-0.30317157,-0.26333255,0.28123078,-0.28940022,-0.85795764,-0.0026592948,0.036389838,0.035345572,0.032278103,0.96317406,0.40178597,0.8471627,-0.3546879,0.36438667,0.86963831,-0.9900285,-0.73344147,0.94346103,-0.37386121,-0.99824383,-0.31056838,-0.98731501,-0.22417085,0.24364142,-0.98961054,-0.38115,-0.98961054,-0.9998406,-0.22032605,-0.99314988,13,"standing"
-0.30316745,-0.2587153,0.27876792,-0.28568911,-0.86183895,-0.0051632475,0.036389838,0.038954947,0.033728926,0.96340911,0.1809688,0.84774988,-0.28493218,0.28798294,0.86963831,-0.98829096,-0.73657422,0.94368647,-0.29062593,-0.99778345,-0.51499602,-0.98483963,-0.2241708,0.46911403,-0.98755062,-0.30925918,-0.98755062,-0.99979631,-0.45397428,-0.98863635,13,"standing"
0.31489967,0.19864233,-0.093251851,0.25002011,-0.85472246,-0.086746902,0.11917127,0.15151281,0.23010414,0.86145357,-0.70227855,0.67697175,-0.94836167,0.94817973,0.82543321,-0.69794469,-0.69035648,0.87642864,-0.94760679,-0.95478983,-0.98041327,-0.81845074,-0.051416274,0.97977584,-0.71779548,-0.94491168,-0.71779548,-0.95771132,-0.98045746,-0.97177015,13,"sitting"
0.3224119,0.23876632,-0.14678416,0.32513162,-0.76929236,-0.067259548,0.11917127,0.12519492,0.12464626,0.86455685,-0.98763255,0.62799988,-0.97062052,0.97101188,0.82060736,-0.83643462,-0.62977975,0.8565653,-0.9710191,-0.97164674,-0.98343127,-0.85677195,0.044038415,0.98272597,-0.83056313,-0.94141329,-0.83056313,-0.98406231,-0.9831354,-0.98630892,13,"sitting"
0.3224119,0.36244022,-0.16399429,0.34871714,-0.74035948,-0.072042057,0.12548357,0.13201103,0.12472082,0.86455685,-0.42452556,0.59789032,-0.90529383,0.91230644,0.7732906,-0.97603716,-0.60368731,0.84430441,-0.91904398,-0.9683893,-0.909381,-0.9811953,0.10272376,0.9141788,-0.97841976,-0.30737846,-0.97841976,-0.9995494,-0.92557764,-0.98980165,13,"sitting"
0.31040466,0.36244022,-0.16021766,0.34322478,-0.74816625,-0.072166397,0.13207913,0.13204095,0.12472082,0.86637622,-0.22225888,0.60093899,-0.42050128,0.42452903,0.77188097,-0.99477057,-0.60884995,0.84556306,-0.42840748,-0.96838689,-0.70941791,-0.99403117,0.090308878,0.68497073,-0.99593687,-0.3760996,-0.99593687,-0.9999504,-0.67906127,-0.99444279,13,"sitting"
0.30889544,0.36362879,-0.1609138,0.34436609,-0.74657793,-0.071040788,0.13207774,0.13053831,0.1224916,0.86797284,-0.5239393,0.60221187,-0.39540278,0.3996653,0.77274972,-0.99481989,-0.60843123,0.84608779,-0.40355733,-0.96913906,-0.45116401,-0.99403402,0.090402133,0.40699727,-0.99513234,-0.36321773,-0.99513234,-0.99993863,-0.39805396,-0.99543622,13,"sitting"
0.30990217,0.3656977,-0.16127715,0.3450472,-0.74562465,-0.071742379,0.13207774,0.13158625,0.12289274,0.86814639,-0.69239951,0.60282297,-0.37056956,0.37323472,0.77274972,-0.99238329,-0.60759082,0.84633968,-0.37545025,-0.96861792,-0.39915728,-0.98935309,0.095536266,0.34808891,-0.99267129,-0.19979283,-0.99267129,-0.99989864,-0.33500697,-0.99651477,13,"sitting"
0.30990217,0.36341749,-0.1608887,0.34454584,-0.74632264,-0.071537656,0.13226306,0.13130725,0.12289274,0.86814639,-0.52918628,0.6038368,-0.53096177,0.5336556,0.77437511,-0.99214699,-0.60822686,0.84675713,-0.53610471,-0.96875638,-0.41900628,-0.99239864,0.094231996,0.36431377,-0.99232979,-0.00031775866,-0.99232979,-0.99989257,-0.34620136,-0.9968668,13,"sitting"
0.30960292,0.36341749,-0.15995248,0.34339755,-0.74792895,-0.070813975,0.13226306,0.13033325,0.12129529,0.86833021,-0.40701747,0.60695701,-0.59936541,0.60846188,0.77453732,-0.99337939,-0.60987018,0.84804199,-0.61742867,-0.96924142,-0.31706988,-0.99256064,0.090981774,0.25146138,-0.99288515,0.115326,-0.99288515,-0.99990234,-0.22872727,-0.99614578,13,"sitting"
0.30775427,0.36200261,-0.15920471,0.34248382,-0.74920114,-0.070785509,0.13160076,0.13032589,0.120881,0.8710584,-0.46859854,0.60914504,-0.36926055,0.37944776,0.77505884,-0.99469874,-0.61091824,0.84894251,-0.38875507,-0.96924497,-0.41355072,-0.99354074,0.09021244,0.35969032,-0.99477217,0.051683085,-0.99477217,-0.99993316,-0.34289449,-0.99733558,13,"sitting"
0.30735786,0.36188039,-0.15818118,0.34093113,-0.7513579,-0.070155529,0.13095071,0.12938423,0.12083177,0.87132851,-0.18606967,0.60980739,-0.37372456,0.38429402,0.77505884,-0.99767568,-0.61263654,0.84921492,-0.39428036,-0.96970679,-0.32999308,-0.99630563,0.084003577,0.27304598,-0.9985095,-0.35038418,-0.9985095,-0.99998371,-0.25898976,-0.99810749,13,"sitting"
0.0065381022,-0.096848437,0.10791322,-0.035314641,-0.99205156,0.011913139,-0.045380838,0.014194962,0.042564325,0.98119375,-0.91638481,0.97980638,-0.94050507,0.94956042,0.96357348,-0.5972236,-0.98419465,0.99319438,-0.95837704,-0.99708645,-0.93736781,-0.66121062,-0.69552947,0.93956204,-0.60654802,-0.87504479,-0.60654802,-0.91937819,-0.94625304,-0.92590627,13,"sitting"
0.0065381022,0.0050028139,0.070384705,0.019722427,-0.99695597,-0.011012062,0.031535224,0.046766268,0.042564325,0.98119375,-0.46104376,0.91281821,-0.91518494,0.91748505,0.90891069,-0.94516965,-0.94794565,0.96843408,-0.91943801,-0.99661222,-0.96490658,-0.95376752,-0.77955802,0.96682387,-0.94696489,-0.8823734,-0.94696489,-0.9980668,-0.97131454,-0.93348831,13,"sitting"
0.0007928389,0.039408458,0.070927056,0.019030207,-0.99729575,-0.011821983,0.048591646,0.048034158,0.040508983,0.98437075,-0.57043752,0.9229697,-0.50651282,0.50343911,0.89983335,-0.98274525,-0.94764037,0.97226616,-0.50021243,-0.99643984,-0.67319808,-0.98038932,-0.77090838,0.64072949,-0.98178446,-0.62264157,-0.98178446,-0.99964993,-0.62884527,-0.9453004,13,"sitting"
0.0043421539,0.03979473,0.066511408,0.0255163,-0.99625695,-0.010671304,0.04337635,0.046415825,0.040508983,0.99158545,-0.38426066,0.92478296,-0.56660634,0.5706529,0.89983335,-0.98072656,-0.9442935,0.97295057,-0.57434485,-0.99668794,-0.63779685,-0.98067647,-0.75630286,0.60419897,-0.9790278,-0.072934941,-0.9790278,-0.99956784,-0.59365762,-0.98338912,13,"sitting"
0.007401596,0.054368653,0.061756206,0.032437747,-0.99507109,-0.0080401413,0.043374969,0.042625346,0.0387962,0.99128993,-0.17583372,0.92142527,-0.33362657,0.36938728,0.89742763,-0.99333307,-0.94126737,0.97168775,-0.40537998,-0.99728474,-0.3884072,-0.98993172,-0.75006363,0.34499676,-0.99151037,-0.26023275,-0.99151037,-0.99987773,-0.34141093,-0.99566232,13,"sitting"
0.010558413,0.059057263,0.059456254,0.035789014,-0.99439599,-0.0080592969,0.043374969,0.042645665,0.034397558,0.99072831,-0.094384042,0.92004522,-0.18983968,0.21067584,0.8966405,-0.99454161,-0.93851835,0.97116824,-0.23104844,-0.9972875,-0.37253024,-0.99155246,-0.74190757,0.3596725,-0.99330737,-0.28293917,-0.99330737,-0.99990943,-0.38991243,-0.99629352,13,"sitting"
0.01083744,0.062185788,0.057989279,0.037933245,-0.99394725,-0.0081280085,0.042553426,0.042744457,0.034397558,0.99072831,0.052527303,0.91965874,-0.23896804,0.26148725,0.89634874,-0.99167773,-0.93669387,0.97102273,-0.28373769,-0.99727257,-0.60679476,-0.99050248,-0.73610049,0.58068162,-0.99096178,-0.35503162,-0.99096178,-0.99986738,-0.57993885,-0.99010292,13,"sitting"
0.015254663,0.063393616,0.056973179,0.039406961,-0.99361854,-0.0074575165,0.042396926,0.041779086,0.035268413,0.989933,-0.0084262154,0.91875517,-0.40436177,0.44548097,0.89624078,-0.98653097,-0.93595255,0.97068239,-0.48707523,-0.9974113,-0.34653008,-0.98588242,-0.73533245,0.28523227,-0.98720015,-0.46682286,-0.98720015,-0.9997882,-0.26512377,-0.99543656,13,"sitting"
0.015331309,0.063502254,0.055773666,0.041153315,-0.99322508,-0.0081937723,0.042396926,0.042827969,0.035674036,0.98992483,-0.30030118,0.91787957,-0.53650236,0.55463224,0.89593204,-0.98331714,-0.93393322,0.97035259,-0.57260486,-0.99725733,-0.32285819,-0.98157055,-0.72842151,0.25886543,-0.98340597,-0.57464043,-0.98340597,-0.99969444,-0.23736985,-0.9906215,13,"sitting"
0.020616042,0.065984142,0.054159627,0.043515473,-0.99266415,-0.009329935,0.045444571,0.044455087,0.037432566,0.98919477,-0.31812032,0.91746533,-0.54318656,0.55401667,0.89593204,-0.9821809,-0.93110898,0.97019646,-0.56465068,-0.99701557,-0.43832014,-0.98269275,-0.71795926,0.38474803,-0.98239951,-0.30695543,-0.98239951,-0.99966715,-0.36642055,-0.98967368,13,"sitting"
0.020616042,0.066246275,0.052728142,0.045596402,-0.99216517,-0.0097378323,0.045525038,0.045032317,0.037432566,0.98917235,-0.25303543,0.91634373,-0.46355151,0.47602594,0.89589264,-0.9817178,-0.92904285,0.96977383,-0.48845987,-0.99692632,-0.52359159,-0.98404242,-0.71157855,0.47773233,-0.98344765,-0.017712273,-0.98344765,-0.99969557,-0.4618323,-0.99296242,13,"sitting"
0.021912816,0.069752162,0.052146224,0.046451828,-0.99195822,-0.0091350809,0.045684124,0.044174472,0.037424661,0.98917235,-0.30815961,0.91661434,-0.46883817,0.49066583,0.8953306,-0.98715275,-0.92875113,0.96987585,-0.51238537,-0.99705865,-0.5181705,-0.98619359,-0.71135158,0.47291045,-0.98802947,-0.38056128,-0.98802947,-0.99980695,-0.4580659,-0.99462205,13,"sitting"
0.021995832,0.069805267,0.051041019,0.048088924,-0.99154636,-0.0078642264,0.041650322,0.042371201,0.034414076,0.98995856,-0.27994641,0.91784046,-0.43082933,0.44796827,0.8959327,-0.98377579,-0.92823273,0.97033786,-0.46448124,-0.99732566,-0.56792005,-0.98136785,-0.7108359,0.53239769,-0.9839499,-0.47769445,-0.9839499,-0.9997088,-0.52426778,-0.99159213,13,"sitting"
0.025764127,0.074155567,0.048891017,0.051231523,-0.99072323,-0.0072639335,0.041650322,0.041514539,0.034790154,0.98897865,-0.15917384,0.91735024,-0.26986992,0.28383302,0.8959327,-0.98527619,-0.92586786,0.97015308,-0.2978601,-0.99744742,-0.52768832,-0.9797307,-0.7049462,0.49337007,-0.98257283,-0.53480819,-0.98257283,-0.99967189,-0.48928961,-0.98897342,13,"sitting"
0.029754726,0.075800629,0.046250882,0.055056797,-0.98967222,-0.0091366692,0.041656296,0.044176983,0.040581038,0.98765868,-0.27650734,0.91446879,-0.18884811,0.22473986,0.89576782,-0.98856596,-0.92126807,0.96906685,-0.26143951,-0.99704132,-0.52403784,-0.9856534,-0.68953275,0.49146547,-0.98692196,-0.58003665,-0.98692196,-0.99978188,-0.48980588,-0.98922767,13,"sitting"
0.86693115,0.92023734,-0.74802261,0.90999393,0.66160829,-0.23738363,0.33732809,0.35222228,0.38689901,-0.50005823,-0.16057245,-0.97178231,-0.93797047,0.93884248,-0.31336635,-0.67942717,0.4868377,-0.32894296,-0.93936124,-0.76193253,-0.073116707,-0.69614303,-0.019100505,0.016851498,-0.6685993,-0.78371908,-0.6685993,-0.94226428,-0.021263088,-0.97393203,13,"laying"
0.85733529,0.92017546,-0.73257935,0.90712663,0.65133972,-0.24101485,0.33848728,0.35893413,0.35691165,-0.23226268,-0.029388164,-0.9583961,-0.96751606,0.97338889,-0.31336635,-0.95792899,0.43905166,-0.26223757,-0.97897493,-0.75289605,0.15961105,-0.97402919,0.097689929,-0.23989777,-0.96207543,-0.84512612,-0.96207543,-0.99890135,0.2444755,-0.97935197,13,"laying"
0.85510258,0.92017546,-0.73042307,0.90664479,0.64961924,-0.24628845,0.36556721,0.36608593,0.35691165,-0.23226268,-0.18596664,-0.96321042,-0.7717599,0.76964316,-0.32675226,-0.99223807,0.44817077,-0.27462912,-0.76720188,-0.74302101,0.0051930696,-0.99071054,0.091663342,0.016572558,-0.99182626,-0.70343678,-0.99182626,-0.9998835,-0.1037732,-0.98139699,13,"laying"
0.85579293,0.92021879,-0.73170016,0.90675424,0.65000981,-0.24522803,0.36556721,0.36447532,0.35534774,-0.23225762,-0.21055705,-0.96386778,-0.48925755,0.48750881,-0.34336649,-0.99228361,0.44933455,-0.27635729,-0.48548075,-0.74531843,-0.011276051,-0.99165866,0.084333745,-0.010287518,-0.99252761,-0.11844221,-0.99252761,-0.99989611,-0.035389301,-0.99685681,13,"laying"
0.85598431,0.92025064,-0.73188471,0.90715064,0.65142472,-0.24532128,0.36574681,0.364712,0.35332648,-0.2326016,-0.25081777,-0.96433695,-0.30746009,0.30416352,-0.34336649,-0.99531566,0.45032225,-0.27765377,-0.30062834,-0.74498403,-0.032979531,-0.9946059,0.083549584,-0.019483547,-0.99493276,0.035252436,-0.99493276,-0.99993562,0.0086776883,-0.99219038,13,"laying"
0.85598431,0.91979968,-0.73202877,0.90694727,0.65069916,-0.24548621,0.36708467,0.36481792,0.35332648,-0.2326016,-0.20119649,-0.96490096,-0.3470865,0.35626392,-0.347407,-0.99373157,0.45140702,-0.27920716,-0.36522804,-0.74483398,-0.19600812,-0.99300803,0.080293245,0.17238277,-0.99280323,0.034204002,-0.99280323,-0.99990095,-0.20285769,-0.99447391,13,"laying"
0.85546718,0.91951706,-0.731449,0.90624204,0.64818276,-0.24600578,0.36708467,0.36534329,0.35496968,-0.23206793,-0.25149147,-0.96473049,-0.28877716,0.32121361,-0.34754011,-0.99390119,0.45100206,-0.27873251,-0.35338691,-0.74408568,-0.086589284,-0.99243966,0.080694672,0.090890781,-0.99245767,-0.060710927,-0.99245767,-0.99989492,-0.15909154,-0.99750073,13,"laying"
0.85515233,0.91951706,-0.73112179,0.90617148,0.64793108,-0.24652758,0.3672262,0.36606501,0.35496968,-0.234471,-0.22007966,-0.96498866,-0.076704852,0.091370804,-0.34754011,-0.99784216,0.45154275,-0.27945404,-0.10647038,-0.7430584,0.55600196,-0.99613356,0.081044084,-0.62325087,-0.99529732,-0.24747036,-0.99529732,-0.99994079,0.58686504,-0.99674849,13,"laying"
0.85545718,0.91952905,-0.73168329,0.90660092,0.64946294,-0.24623723,0.36749037,0.36573525,0.35496512,-0.2347853,-0.16163813,-0.96552735,-0.27714114,0.28314925,-0.34778278,-0.99651353,0.45265686,-0.28096153,-0.28919902,-0.74352844,0.11015568,-0.99401547,0.078430313,-0.17309379,-0.99596297,-0.38390408,-0.99596297,-0.99995069,0.16420316,-0.99398319,13,"laying"
0.85545718,0.91964911,-0.73150999,0.906597,0.64944897,-0.24644439,0.36749037,0.36604037,0.35522911,-0.2347853,-0.21002413,-0.96554789,-0.20006275,0.20383255,-0.34915239,-0.99943239,0.45271154,-0.28101795,-0.20724871,-0.74309313,-0.054717902,-0.99944445,0.079126485,-0.0084296089,-0.99763265,-0.076195781,-0.99763265,-0.999973,0.010970524,-0.99273697,13,"laying"
0.85573397,0.91964911,-0.73120817,0.90667272,0.6497193,-0.246782,0.36850013,0.36657388,0.35522911,-0.2344634,-0.16823767,-0.96553836,-0.14144667,0.14339921,-0.34915239,-0.99838545,0.45272821,-0.28099075,-0.14490239,-0.74233287,-0.0098196943,-0.99777506,0.08081002,-0.0687814,-0.99787376,0.29243506,-0.99787376,-0.99997604,0.084124501,-0.99276104,13,"laying"
0.85573397,0.9199454,-0.73144833,0.90686125,0.65039181,-0.24661252,0.36842857,0.36637563,0.35513622,-0.23498599,-0.12894172,-0.96569315,-0.49931681,0.50291145,-0.349931,-0.99592049,0.45305275,-0.28142562,-0.50621156,-0.74261596,0.26104605,-0.99525653,0.07995601,-0.3730407,-0.99527215,-0.08816937,-0.99527215,-0.99994031,0.40548067,-0.99423035,13,"laying"
0.85670599,0.92004684,-0.73240413,0.90730111,0.65196262,-0.24575314,0.36583803,0.36522462,0.35470774,-0.23642043,-0.43138212,-0.96602089,-0.45778668,0.45770289,-0.349931,-0.99514373,0.45371496,-0.28235405,-0.45725313,-0.74425282,0.43489595,-0.995497,0.076289593,-0.56927004,-0.99514176,-0.22369577,-0.99514176,-0.99993796,0.61338921,-0.99225082,13,"laying"
0.89778816,0.93516041,-0.78324067,0.93139854,0.73931982,-0.14694411,0.15221123,0.23321842,0.24547733,-0.16776843,-0.50887866,-0.91402362,-0.96258086,0.96889445,-0.19546496,-0.89207412,0.37163754,-0.17034168,-0.97492624,-0.89641011,-0.4668653,-0.90851476,0.0043921564,0.41965134,-0.88765357,-0.98006637,-0.88765357,-0.99260576,-0.40629233,-0.90418944,13,"laying"
0.87606316,0.93516041,-0.77176498,0.92486565,0.71527853,-0.1450288,0.22389394,0.230303,0.24373348,-0.13053863,-0.076790446,-0.8948966,-0.93304358,0.93209529,-0.19539371,-0.96734724,0.34637564,-0.13664686,-0.93075791,-0.89994193,-0.70858926,-0.96945983,0.043654222,0.68615002,-0.96748524,-0.83009784,-0.96748524,-0.99914415,-0.68240281,-0.9172199,13,"laying"
0.87606316,0.93728399,-0.77493676,0.92724483,0.72393721,-0.13979458,0.22389394,0.2234073,0.21439733,-0.096738977,-0.0052879157,-0.8942983,-0.77027869,0.76941403,-0.19539371,-0.99219753,0.34576515,-0.13549657,-0.76820869,-0.9061937,-0.11536433,-0.99176425,0.033901314,0.034980416,-0.99305773,-0.75930633,-0.99305773,-0.99990534,-0.010879344,-0.96778928,13,"laying"
0.87693058,0.94066256,-0.77602323,0.92819272,0.72739467,-0.14071012,0.2259097,0.22475662,0.21439733,-0.096738977,0.063547263,-0.89691632,-0.5766613,0.57773601,-0.20742314,-0.99827939,0.34898599,-0.13967977,-0.57852805,-0.90503112,-0.042140813,-0.99802302,0.03203685,-0.03859234,-0.99806561,-0.044952432,-0.99806561,-0.99997808,0.058712315,-0.98014137,13,"laying"
0.87693058,0.93951049,-0.77518685,0.92813166,0.72717261,-0.14129426,0.22728094,0.22562606,0.21725269,-0.096214713,0.059404026,-0.89613693,-0.29023328,0.31533893,-0.20743763,-0.9968681,0.34813353,-0.13841508,-0.34100217,-0.90427416,-0.08677786,-0.99578023,0.036626148,0.0046538375,-0.99687596,-0.36694566,-0.99687596,-0.99996323,0.0193676,-0.98889491,13,"laying"
0.87682969,0.93943114,-0.77457108,0.92712122,0.72348562,-0.14202114,0.22679533,0.22644499,0.21727106,-0.096238288,0.015957746,-0.89608953,-0.18825002,0.20509416,-0.20743763,-0.99574789,0.3478848,-0.13833828,-0.2223941,-0.90355958,-0.15915006,-0.99430093,0.036218095,0.0881356,-0.99517848,-0.19889955,-0.99517848,-0.99993909,-0.070933764,-0.99274251,13,"laying"
0.87594456,0.93943114,-0.7753921,0.92717191,0.72366994,-0.14165378,0.22647213,0.22586962,0.21727106,-0.096989578,-0.19926729,-0.89707447,-0.37285489,0.37704013,-0.20752941,-0.99394241,0.3489848,-0.13993734,-0.38114631,-0.90406029,-0.20394678,-0.99301099,0.03174344,0.13396188,-0.99350736,-0.03299724,-0.99350736,-0.99991278,-0.11450615,-0.98857759,13,"laying"
0.87594456,0.93946853,-0.77542974,0.92706699,0.72328738,-0.1419759,0.22647213,0.22627881,0.21726319,-0.096989578,-0.24387851,-0.89750414,-0.41412069,0.41746103,-0.20982482,-0.99280831,0.34947006,-0.14063489,-0.42026195,-0.90370329,0.17151127,-0.99013818,0.031210552,-0.281757,-0.99213433,-0.044827878,-0.99213433,-0.99988911,0.31834647,-0.99363427,13,"laying"
0.87635968,0.93946853,-0.77537583,0.92725086,0.72395845,-0.14196367,0.22742101,0.22631088,0.21726319,-0.096786129,0.15758177,-0.89736031,-0.57503482,0.60406998,-0.20891399,-0.98535869,0.34935104,-0.14040065,-0.6333164,-0.90367682,-0.31351457,-0.98274027,0.032246018,0.28197125,-0.98513458,0.0091498536,-0.98513458,-0.99973901,-0.29602084,-0.97906253,13,"laying"
0.87897847,0.94044978,-0.77716965,0.92869467,0.7292287,-0.13976636,0.21603951,0.22346775,0.21521094,-0.10180885,0.032612462,-0.89773721,-0.43800439,0.45167021,-0.20877811,-0.9589247,0.34997302,-0.14101926,-0.46546954,-0.90612321,0.30824888,-0.97179276,0.027380237,-0.34951693,-0.96057527,-0.41195353,-0.96057527,-0.99882847,0.30223283,-0.97155813,13,"laying"
0.88160699,0.94180584,-0.78341846,0.93116122,0.73825643,-0.13309479,0.20692493,0.21430609,0.21521094,-0.10708567,-0.028371325,-0.90066107,-0.34908645,0.35058901,-0.20877811,-0.96435434,0.35346621,-0.14585358,-0.35199648,-0.91374382,0.38805876,-0.97313131,0.00030174749,-0.45692044,-0.96469694,-0.53542005,-0.96469694,-0.99902308,0.43343604,-0.98620448,13,"laying"
0.88170475,0.94452269,-0.78836768,0.93340566,0.74647954,-0.12727764,0.20692493,0.20638744,0.20248765,-0.10708567,-0.11014542,-0.90244709,-0.47410225,0.47673375,-0.2142397,-0.99070222,0.35566476,-0.14879697,-0.4792623,-0.92027767,0.046765602,-0.98668252,-0.020422386,-0.075986138,-0.98706261,-0.47727683,-0.98706261,-0.9997852,0.03402022,-0.98311404,13,"laying"
0.88170475,0.94409453,-0.78637692,0.9327905,0.74422382,-0.12840351,0.20711699,0.20797777,0.20158436,-0.10632139,-0.20307417,-0.90047403,-0.48234503,0.50972477,-0.21300731,-0.98722426,0.35330209,-0.1455185,-0.53759908,-0.91900617,0.0013336053,-0.98426701,-0.011539134,-0.063731409,-0.98562672,-0.26865862,-0.98562672,-0.99975103,0.060688947,-0.98505232,13,"laying"
0.88105066,0.94380001,-0.78383446,0.93142645,0.73922122,-0.13111738,0.21005912,0.21162792,0.20352235,-0.10010493,0.72606748,-0.89932195,-0.022057373,0.10279029,-0.21300724,-0.93360706,0.35182565,-0.14361032,-0.18367421,-0.91606314,-0.076683266,-0.92851188,-0.0018206183,0.087151874,-0.92293444,0.86076305,-0.92293444,-0.99626735,-0.16239427,-0.98664957,13,"laying"
0.87907934,0.94301308,-0.78380624,0.93067221,0.73645889,-0.13153568,0.20935986,0.21203697,0.20352235,-0.10169996,0.6760171,-0.89985173,-0.032607133,0.12883433,-0.21300724,-0.93764476,0.35228159,-0.14448402,-0.22640229,-0.91572781,-0.03562015,-0.93035219,-0.0044559034,0.033041653,-0.92494393,0.83157119,-0.92494393,-0.99644289,-0.096829019,-0.98360564,13,"laying"
0.88023316,0.94301308,-0.78519386,0.93119816,0.73838618,-0.12991569,0.2086996,0.2098108,0.20388334,-0.10169996,-0.37881748,-0.90038705,-0.2152386,0.27546709,-0.21358966,-0.94422711,0.35291406,-0.14536688,-0.33695193,-0.91752891,-0.22731368,-0.94292263,-0.010673786,0.20758931,-0.93467609,-0.42683432,-0.93467609,-0.99722193,-0.23952321,-0.96698077,13,"laying"
-0.31104481,-0.29707942,0.30065467,-0.31650114,-0.82798269,-0.013198315,0.014786931,0.050535176,0.079797876,0.94278492,0.24093606,0.80862727,-0.30988661,0.39736803,0.86496667,-0.3481197,-0.70356794,0.92858269,-0.48248256,-0.99457321,-0.063192932,-0.1918449,-0.13859765,0.11462401,-0.1938499,-0.5276524,-0.1938499,-0.67011777,-0.23431229,-0.49316861,13,"walking"
-0.31996418,-0.29707942,0.2986629,-0.31306728,-0.83193552,0.007170393,0.010409881,0.021021208,0.04333363,0.94278492,0.12018312,0.80740408,-0.12212529,0.21827732,0.85923214,-0.36253123,-0.70938061,0.92811105,-0.3095395,-0.99921902,-0.070192697,-0.28525202,-0.22769301,0.15504105,-0.19045311,-0.35276088,-0.19045311,-0.66741147,-0.30875908,-0.44337112,13,"walking"
-0.31328597,-0.27915225,0.29081084,-0.30136151,-0.84515536,0.0042072347,0.010409881,0.025263711,0.031614851,0.94545979,0.053075941,0.81175597,-0.085159523,0.1824178,0.85923214,-0.45490683,-0.72048049,0.9298011,-0.27367438,-0.99896957,-0.20332663,-0.3587175,-0.24489526,0.27874199,-0.25516103,-0.37503524,-0.25516103,-0.7177567,-0.41248957,-0.53401576,13,"walking"
-0.31226537,-0.273951,0.28772726,-0.29730638,-0.84956301,0.0017630819,0.018056581,0.028814801,0.031614851,0.94627956,0.10668536,0.82020599,-0.17714092,0.28774181,0.86480865,-0.37476059,-0.72467142,0.93306911,-0.39288382,-0.99881508,-0.03908345,-0.26613916,-0.24013446,0.1231043,-0.22148739,-0.41586036,-0.22148739,-0.69199725,-0.27613007,-0.55897713,13,"walking"
-0.31226537,-0.28270745,0.29119914,-0.30278384,-0.84352393,0.0064461818,0.018056581,0.022085494,0.020233153,0.94667347,0.13878144,0.82254051,-0.27897084,0.37601421,0.86500899,-0.30907489,-0.72012158,0.93397128,-0.4695169,-0.99944174,-0.0058967768,-0.16133129,-0.24150616,0.1014339,-0.16231039,-0.22584917,-0.16231039,-0.64408829,-0.26886966,-0.42314969,13,"walking"
-0.32174719,-0.28644988,0.29705163,-0.31166234,-0.83370729,0.0061094719,0.019147615,0.022605002,0.016734488,0.94629409,-0.034495329,0.8206727,-0.30930295,0.39805773,0.86737043,-0.27755314,-0.71162828,0.93324566,-0.48509107,-0.99942165,-0.07978589,-0.17429365,-0.21740274,0.17996947,-0.1276794,0.0060594337,-0.1276794,-0.61440921,-0.34671105,-0.36563086,13,"walking"
-0.33090958,-0.2922654,0.30091361,-0.31697639,-0.82762454,0.0050800648,0.021942534,0.024086114,0.020784771,0.93513692,-0.0082401351,0.81255285,-0.38704877,0.47630392,0.86737043,-0.33990564,-0.70595457,0.93008712,-0.56536232,-0.99930505,-0.068363977,-0.20430949,-0.20508786,0.16613155,-0.15573761,-0.17856857,-0.15573761,-0.63865768,-0.33151306,-0.51627863,13,"walking"
-0.3213798,-0.2922654,0.29991612,-0.31390398,-0.83108414,7.3491631e-05,0.021942534,0.031193786,0.032027929,0.93479476,0.21182426,0.79336908,-0.44450121,0.53519402,0.86274889,-0.36751769,-0.70686649,0.92264094,-0.62594539,-0.9986006,-0.054379814,-0.20319443,-0.20875771,0.1276169,-0.22863366,-0.26031818,-0.22863366,-0.69769111,-0.26844169,-0.51743159,13,"walking"
-0.31315241,-0.28364136,0.29169501,-0.30237535,-0.84401044,-0.0047633313,0.032134908,0.038169791,0.034235064,0.93479476,0.27157126,0.80625643,-0.36779409,0.45886916,0.86336508,-0.34637707,-0.71803335,0.9276454,-0.54865815,-0.9978814,0.014140288,-0.2193508,-0.21180139,0.065330682,-0.20024708,-0.2077904,-0.20024708,-0.67515022,-0.2172992,-0.55971616,13,"walking"
-0.31315241,-0.27832008,0.29023176,-0.30093011,-0.84561381,-0.0022263109,0.029513969,0.034579847,0.034235064,0.94688385,0.20493591,0.81682449,-0.26462659,0.36252918,0.86336508,-0.31577612,-0.72053215,0.93176202,-0.45613259,-0.99828961,0.050643533,-0.25819533,-0.21740268,0.06018549,-0.21798606,-0.2527869,-0.21798606,-0.68930186,-0.24826709,-0.56662218,13,"walking"
-0.31755673,-0.2787815,0.29405484,-0.3060804,-0.83996937,0.0011892721,0.028045102,0.029625347,0.025562835,0.94621557,0.12868826,0.80810332,-0.20435687,0.30385412,0.85624845,-0.31799541,-0.71546535,0.92838646,-0.39615771,-0.99885006,0.11948411,-0.24854185,-0.22314623,0.0011301402,-0.23471992,-0.2851262,-0.23471992,-0.70238124,-0.20277872,-0.47420759,13,"walking"
-0.32082916,-0.2787815,0.29456316,-0.30695236,-0.83901156,0.0026622953,0.022027738,0.027512007,0.023106765,0.94575652,0.19689443,0.80942172,-0.3683325,0.46432839,0.86506673,-0.3781945,-0.71489786,0.92889445,-0.55850315,-0.99902776,0.13257859,-0.20771799,-0.22544849,-0.064508297,-0.23249739,-0.11932451,-0.23249739,-0.70064271,-0.080045742,-0.52548127,13,"walking"
-0.31120111,-0.27832856,0.28989709,-0.30098404,-0.84553166,0.0048818012,0.022027738,0.024351842,0.021431835,0.94575652,0.24338618,0.82503648,-0.36329675,0.4556415,0.86810875,-0.45739047,-0.72186651,0.9349268,-0.54689464,-0.99927532,-0.052371716,-0.30643432,-0.23850047,0.12183039,-0.28598415,-0.15957964,-0.28598415,-0.74034834,-0.25802175,-0.47793684,13,"walking"
-0.28833105,-0.29870036,0.28612249,-0.29588323,-0.85026054,0.0068512172,0.014066464,0.021518508,0.023958074,0.93948118,-0.031519168,0.83454169,-0.41661168,0.4788696,0.88518991,-0.34704883,-0.72749807,0.93853866,-0.54113764,-0.99942392,-0.28730381,-0.15640586,-0.25297777,0.31207366,-0.1439442,-0.072141458,-0.1439442,-0.62862147,-0.38796577,-0.44403005,13,"walking"
-0.30822345,-0.29871758,0.30256728,-0.31821522,-0.82600244,0.00026431913,0.021338051,0.030967172,0.030770752,0.93878141,0.0018668209,0.79612846,-0.38008213,0.47679107,0.86728595,-0.37612754,-0.7030615,0.92371962,-0.57314851,-0.99863405,-0.18588137,-0.24894173,-0.19558132,0.26198549,-0.21398746,-0.14250324,-0.21398746,-0.68619862,-0.39989615,-0.57177445,13,"walking"
-0.32088994,-0.29871758,0.30033799,-0.31412798,-0.83075334,-0.0035113984,0.03438574,0.036317528,0.030770752,0.93703781,0.064827202,0.78767934,-0.40970753,0.49162454,0.85283448,-0.43078941,-0.70577209,0.92043768,-0.57141963,-0.99812576,-0.086637985,-0.27793791,-0.19869514,0.17128038,-0.26444631,-0.20191853,-0.26444631,-0.72475335,-0.3232345,-0.45462732,13,"walking"
-0.31846179,-0.27858865,0.29221442,-0.30368459,-0.84261567,0.0025203831,0.015638293,0.027721785,0.030311838,0.93703781,-0.029138388,0.81383834,-0.39488436,0.46802602,0.87426141,-0.33235237,-0.71827603,0.93056269,-0.5403713,-0.99885878,0.04082477,-0.18306761,-0.23055401,0.063797074,-0.16259875,-0.31833778,-0.16259875,-0.64439056,-0.2425705,-0.50489522,13,"walking"
-0.31846179,-0.28498938,0.29276132,-0.30645821,-0.83949887,0.005468152,0.015638293,0.02359068,0.023549862,0.94868887,-0.0063476039,0.83860506,-0.34930655,0.43193538,0.87426141,-0.27320605,-0.71777852,0.94016376,-0.5133473,-0.9992774,0.064562152,-0.098537409,-0.21559827,0.022114159,-0.1083065,-0.33372524,-0.1083065,-0.59727053,-0.18381217,-0.50473316,13,"walking"
-0.32525594,-0.28498938,0.29653546,-0.31196268,-0.83336447,0.00061461129,0.023545657,0.030655977,0.027012593,0.95378177,0.13626721,0.83373613,-0.24254445,0.34225278,0.86816258,-0.35199467,-0.71181416,0.93829546,-0.43644149,-0.99872363,0.10677259,-0.21298521,-0.18536389,-0.026052679,-0.18789136,-0.31507517,-0.18789136,-0.66530656,-0.13204712,-0.44261533,13,"walking"
-0.3186304,-0.28479801,0.29519154,-0.30841492,-0.83733596,-0.0034057117,0.031741291,0.036329443,0.033597914,0.94034329,0.20110287,0.81483565,-0.37172001,0.46061218,0.86628277,-0.4201513,-0.71320731,0.93097952,-0.54701713,-0.99811178,0.056716944,-0.2734257,-0.19390645,0.018649769,-0.26727963,-0.083155957,-0.26727963,-0.72679388,-0.16757997,-0.42894145,13,"walking"
-0.31309147,-0.27746651,0.29069433,-0.3002455,-0.84635956,-0.0058847524,0.039302615,0.039699026,0.034057509,0.93878544,0.1296121,0.79840902,-0.4221297,0.49952202,0.85836118,-0.42357902,-0.71928728,0.92461435,-0.57551314,-0.99769693,0.050430751,-0.26511449,-0.21932753,0.042003744,-0.26325081,-0.098838697,-0.26325081,-0.72387849,-0.2084424,-0.47887326,13,"walking"
-0.31309147,-0.27263487,0.28941724,-0.2989121,-0.84783534,-0.0063418089,0.038182735,0.040414232,0.036382828,0.93878544,0.15178597,0.8062729,-0.35728919,0.44003716,0.85852935,-0.40868008,-0.721046,0.92766869,-0.52036475,-0.99758993,0.069298755,-0.30014741,-0.21516416,0.016542904,-0.28775275,0.018349403,-0.28775275,-0.74169179,-0.17627774,-0.46901895,13,"walking"
-0.31683015,-0.27993573,0.29235323,-0.30404588,-0.84221861,-0.0050442051,0.034874026,0.038659593,0.036382828,0.94881116,0.27734957,0.81452694,-0.2158779,0.31104686,0.85852935,-0.37399869,-0.71703959,0.93087651,-0.40019846,-0.99781605,0.074005735,-0.3166665,-0.19974284,0.01473309,-0.26619479,-0.063987249,-0.26619479,-0.72602608,-0.179717,-0.48041591,13,"walking"
-0.32128654,-0.28463571,0.29504272,-0.30872808,-0.83699573,-0.0035742517,0.034874026,0.03662908,0.031369852,0.94969601,0.26414942,0.82156775,-0.20627336,0.29922903,0.86653878,-0.42760812,-0.71339638,0.93359775,-0.38654172,-0.99809146,-0.052810713,-0.33220813,-0.1872207,0.12122455,-0.2882542,0.06104052,-0.2882542,-0.74194386,-0.25784017,-0.47713785,13,"walking"
-0.30987572,-0.28463571,0.29101596,-0.30327798,-0.84293877,-0.0046880678,0.035507522,0.038274916,0.035220231,0.95194976,0.2046361,0.83107984,-0.25716551,0.34425769,0.86655767,-0.47729825,-0.71902358,0.93727188,-0.42893411,-0.99787255,-0.1057508,-0.4197553,-0.19055815,0.17021939,-0.31854838,0.08466501,-0.31854838,-0.7631781,-0.29956262,-0.36862814,13,"walking"
-0.30987572,-0.3725265,0.30397889,-0.32035232,-0.82106186,-0.0021492703,0.026998602,0.034463159,0.035220231,0.91135865,0.16349315,0.7955589,-0.22263727,0.2897278,0.86655767,-0.48362234,-0.70071389,0.92339615,-0.35704207,-0.99827431,-0.33325726,-0.33715252,-0.18105828,0.29301525,-0.27128318,-0.12301515,-0.27128318,-0.72978508,-0.29631103,0.72065702,13,"walking"
-0.31321778,-0.37271824,0.33049842,-0.35935295,-0.77289123,0.010375356,-0.00012226334,0.016437521,0.024846497,0.91135865,0.070546279,0.7712649,-0.39907843,0.44864324,0.86641065,-0.53068808,-0.66348905,0.91392725,-0.49858981,-0.99937848,-0.37745619,-0.40010015,-0.12914169,0.34192458,-0.34371104,-0.4109444,-0.34371104,-0.78016242,-0.34725331,0.44058461,13,"walking"
-0.24932275,-0.24246415,0.25045922,-0.24054349,-0.90428137,-0.0051114478,0.032124124,0.038239886,0.040573452,0.93051808,-0.66505125,0.81309408,-0.63245275,0.70553132,0.89044148,-0.049312046,-0.77725655,0.93023048,-0.77921093,-0.99779365,-0.43425571,0.27634131,-0.37455465,0.46588181,0.19149031,0.048602968,0.19149031,-0.28524331,-0.53895512,-0.65968432,13,"walking_downstairs"
-0.21022104,-0.20942684,0.23578943,-0.22182566,-0.91941141,-0.0029356048,0.0086252901,0.03546242,0.040573452,0.93051808,-0.48631911,0.86912539,-0.60927415,0.68125536,0.89990372,-0.10631533,-0.79874241,0.95171889,-0.75375657,-0.99798824,-0.24734522,0.17573231,-0.39148574,0.33084666,0.15787949,0.17410828,0.15787949,-0.32472282,-0.47233049,-0.54522773,13,"walking_downstairs"
-0.20805835,-0.20962074,0.22517598,-0.20651603,-0.9310531,0.017217024,-0.016349974,0.0064987762,0.030495361,0.95555506,-0.47673416,0.88164779,-0.50495914,0.58560284,0.89990372,-0.06127005,-0.81623151,0.95658438,-0.6654768,-0.99914248,-0.30681737,0.28986113,-0.45134052,0.34494123,0.19272121,-0.18248506,0.19272121,-0.28386463,-0.43384195,0.10035308,13,"walking_downstairs"
-0.20805835,-0.21763502,0.23713591,-0.22197135,-0.91884771,0.020372872,-0.016349974,0.0019943949,0.028348741,0.94499125,-0.53966091,0.83643627,-0.50618643,0.5859261,0.87774974,-0.017705848,-0.79887631,0.93931226,-0.66462634,-0.99923447,-0.2898517,0.19389537,-0.4462691,0.28993831,0.20076398,-0.33908417,0.20076398,-0.27425755,-0.33919378,0.11549198,13,"walking_downstairs"
-0.225082,-0.21763502,0.23675444,-0.22239736,-0.91883338,0.0059326727,-0.01243878,0.022650039,0.030242598,0.94499125,-0.53147629,0.85406104,-0.5758954,0.64906926,0.89241862,-0.13079536,-0.7987682,0.94603212,-0.72171564,-0.9990324,-0.31108816,0.0011969344,-0.42675414,0.34150113,0.068810857,-0.14218469,0.068810857,-0.42371241,-0.42125278,-0.34319548,13,"walking_downstairs"
-0.20582562,-0.18669087,0.22038038,-0.19952315,-0.93636393,0.0047308097,0.013830804,0.024440704,0.030242598,0.9651787,-0.36520002,0.8844444,-0.52786152,0.60894,0.89241862,-0.13494689,-0.82223687,0.95768779,-0.68889408,-0.99912131,-0.19896851,0.081479558,-0.47002375,0.254272,0.047054626,-0.091952525,0.047054626,-0.44679653,-0.36795771,-0.51907469,13,"walking_downstairs"
-0.20379432,-0.17472569,0.21509081,-0.19117531,-0.94208408,-0.0022217157,0.013830804,0.034314879,0.043895885,0.9680524,-0.38376738,0.87361557,-0.41911383,0.51705653,0.88975916,-0.066298375,-0.82854646,0.95357194,-0.61169453,-0.99789835,-0.07400954,0.15876412,-0.4742233,0.12190562,0.10355268,-0.27883748,0.10355268,-0.38609862,-0.23709206,-0.52912171,13,"walking_downstairs"
-0.2003687,-0.27658371,0.2440437,-0.23075282,-0.90809772,-0.0098840395,0.017084562,0.044898985,0.065150337,0.9244747,-0.35134448,0.80815653,-0.6766674,0.74482849,0.8935761,-0.21459815,-0.78534155,0.92826822,-0.81373952,-0.99620205,-0.4335018,0.0032281403,-0.38712209,0.41103673,-0.0053226517,-0.24248553,-0.0053226517,-0.50022923,-0.4265533,-0.71501927,13,"walking_downstairs"
-0.2003687,-0.18434764,0.21826707,-0.19614444,-0.93855402,-0.0223602,0.043262857,0.063239767,0.065150337,0.93960403,-0.41969045,0.87462631,-0.62076638,0.7009822,0.89817204,-0.27418055,-0.81740566,0.95387764,-0.78188451,-0.99330546,-0.25359734,-0.065688711,-0.38285186,0.22742268,-0.0041184748,-0.12236978,-0.0041184748,-0.4989202,-0.25094881,-0.57586112,13,"walking_downstairs"
-0.21351571,-0.18085517,0.22209972,-0.20340298,-0.93370306,-0.014047128,0.03772163,0.051758517,0.065129427,0.97721575,-0.45075211,0.90826245,-0.51016481,0.57669844,0.90012863,-0.33825617,-0.81524011,0.96671158,-0.6413129,-0.9954456,-0.038641805,-0.10385214,-0.36914028,0.040137399,-0.10369014,-0.23737391,-0.10369014,-0.5932999,-0.10726821,0.063349192,13,"walking_downstairs"
-0.22009503,-0.18808101,0.22604601,-0.20830185,-0.93008768,-0.0052152834,0.032479711,0.038831677,0.040198408,0.96164375,-0.52338515,0.88930682,-0.52436555,0.59290723,0.90012863,-0.27411147,-0.81218718,0.95949669,-0.66095816,-0.99778929,-0.25265708,-0.02587989,-0.40425207,0.27543911,-0.033560001,0.050532017,-0.033560001,-0.52789063,-0.35002875,0.21395647,13,"walking_downstairs"
-0.23067829,-0.21472595,0.23413946,-0.21925496,-0.92174972,0.0009080588,0.0047654476,0.02991612,0.034976248,0.96164375,-0.40322366,0.86752502,-0.54416275,0.61866801,0.89408127,-0.25151316,-0.80182528,0.95123261,-0.69308601,-0.99860663,-0.38807579,-0.0077602131,-0.41375851,0.41816434,-0.020627038,0.042552779,-0.020627038,-0.5152881,-0.49255313,-0.35161558,13,"walking_downstairs"
-0.22770105,-0.21618018,0.24005476,-0.22880095,-0.91398162,0.016069584,-0.009098225,0.0081580929,0.020227086,0.96325253,-0.2543057,0.88050731,-0.50261835,0.57872558,0.88812977,-0.24048664,-0.79466485,0.95618883,-0.65343979,-0.99953039,-0.25982499,0.02249556,-0.40697436,0.27046652,-0.018615186,-0.29999583,-0.018615186,-0.51338641,-0.33323879,-0.30898052,13,"walking_downstairs"
-0.20420059,-0.21618018,0.22756752,-0.21082643,-0.92705536,0.017746448,-0.009098225,0.0057382521,0.025719391,0.97486316,-0.14302451,0.89589364,-0.477174,0.56045245,0.89812828,-0.20920277,-0.81276901,0.9620382,-0.64129634,-0.99961634,-0.092833986,-0.058150421,-0.44927491,0.098683722,-0.032920153,-0.30575824,-0.032920153,-0.52732766,-0.16801234,-0.74049573,13,"walking_downstairs"
-0.22255766,-0.25834503,0.24212928,-0.22721438,-0.91421042,0.00010330569,0.0076468633,0.030648221,0.038203321,0.92592826,-0.49035347,0.79750756,-0.54673751,0.64680253,0.87488794,-0.021157911,-0.79019326,0.92420529,-0.74799165,-0.99849616,-0.21617362,0.18512651,-0.44259558,0.2533689,0.20905235,-0.096938559,0.20905235,-0.26413844,-0.34786361,-0.69541556,13,"walking_downstairs"
-0.22255766,-0.19251138,0.23001422,-0.21254801,-0.92692792,-0.00037880486,0.005693312,0.031661675,0.038203321,0.92890067,-0.50846445,0.85738525,-0.60193227,0.69401772,0.90009696,-0.096312632,-0.80752959,0.94725251,-0.78706913,-0.9983528,-0.24200748,0.21670424,-0.43505912,0.28479298,0.1121694,-0.070836565,0.1121694,-0.37656105,-0.38143784,-0.50244043,13,"walking_downstairs"
-0.23770548,-0.22615915,0.24034093,-0.23003809,-0.91299564,0.016280318,-0.013647837,0.0078626887,0.029896009,0.95679252,-0.62847588,0.89491743,-0.53071803,0.60486011,0.90023297,-0.077784383,-0.79425367,0.96164943,-0.67885155,-0.99939252,-0.3682005,0.21282043,-0.39012342,0.42370417,0.18459782,-0.16540639,0.18459782,-0.2933522,-0.5262534,0.097577981,13,"walking_downstairs"
-0.24434345,-0.23069996,0.2522555,-0.24615746,-0.89938803,0.021184168,-0.013647837,0.00078232827,0.024240399,0.95165481,-0.67038376,0.86250484,-0.48689509,0.56840612,0.90023297,-0.037465853,-0.77695527,0.94926966,-0.65007293,-0.99961119,-0.38368528,0.25747407,-0.37771982,0.42364231,0.2306573,-0.19622228,0.2306573,-0.23793929,-0.50881575,-0.3774727,13,"walking_downstairs"
-0.25630138,-0.23069996,0.25171353,-0.24483134,-0.90063313,0.0042127128,-0.005613238,0.025199718,0.039153215,0.95165481,-0.33106504,0.85346209,-0.49188453,0.57900365,0.88224092,-0.096750822,-0.77696574,0.94584858,-0.66504312,-0.99848675,-0.2998741,0.020975772,-0.35600215,0.3223924,0.068388432,-0.21503053,0.068388432,-0.42416814,-0.39391983,-0.18215183,13,"walking_downstairs"
-0.23184386,-0.21071868,0.24050648,-0.22862563,-0.91422765,-0.013321067,0.036579303,0.050382413,0.057040975,0.96276685,-0.411991,0.86174052,-0.29612447,0.39425573,0.88224092,-0.11817911,-0.78943625,0.94903833,-0.48524546,-0.99584661,-0.28155265,0.057216077,-0.33830694,0.32722218,0.089619504,-0.22716349,0.089619504,-0.4013626,-0.42538,-0.62052897,13,"walking_downstairs"
-0.30026856,-0.40296086,0.32469242,-0.35279131,-0.77822626,0.028395452,-0.024949282,-0.0097905515,0.019974721,0.87782628,-0.14105874,0.79922914,-0.79961602,0.84063198,0.89319309,-0.36567705,-0.67171916,0.92444784,-0.88205523,-0.99901426,-0.61287906,-0.23766967,-0.11279853,0.62348223,-0.29878761,-0.69363618,-0.29878761,-0.74951631,-0.66178481,-0.54450622,13,"walking_upstairs"
-0.37357562,-0.42231032,0.37851899,-0.42419774,-0.68029558,0.035252826,-0.024949282,-0.019566055,-0.020282984,0.86999072,-0.31273017,0.66594297,-0.77175168,0.82837444,0.85583823,-0.36663075,-0.59329179,0.87183408,-0.88575597,-0.99870753,-0.55501144,-0.24864646,-0.0079685805,0.60970936,-0.28562024,-0.48183319,-0.28562024,-0.74016895,-0.69922975,-0.5179835,13,"walking_upstairs"
-0.45287211,-0.44081359,0.40268834,-0.45707775,-0.62794938,0.034348616,-0.022247701,-0.018272808,-0.020282984,0.86927318,-0.2405371,0.6167366,-0.67378058,0.72433867,0.78466625,-0.44368833,-0.55840399,0.85205649,-0.77382235,-0.99884307,-0.51511778,-0.31505304,0.039834113,0.56021305,-0.33614609,-0.57180634,-0.33614609,-0.77512643,-0.64100246,-0.36505834,13,"walking_upstairs"
-0.4184804,-0.44081359,0.39744714,-0.44978745,-0.63942003,0.032168678,-0.022262395,-0.015108316,-0.012168767,0.86927318,-0.1623635,0.62634772,-0.72985573,0.78016473,0.79863991,-0.42015059,-0.56615753,0.85597765,-0.83023565,-0.9990611,-0.51994972,-0.34167996,0.019120876,0.56174478,-0.33079317,-0.64591244,-0.33079317,-0.77154639,-0.63973644,-0.19758803,13,"walking_upstairs"
-0.41542588,-0.4348682,0.37718886,-0.41962681,-0.68819377,0.025606571,-0.022262395,-0.0055470362,-0.0041064818,0.86967619,-0.2451162,0.64622495,-0.69885112,0.7453447,0.80066726,-0.41801305,-0.59586224,0.86407965,-0.79122647,-0.99963363,-0.51316689,-0.37068533,-0.072752558,0.55518551,-0.32648578,-0.65823502,-0.32648578,-0.76858657,-0.63392237,-0.50053429,13,"walking_upstairs"
-0.41542588,-0.41687857,0.37655369,-0.42077495,-0.68666296,0.023662682,-0.012335408,-0.0027982687,-0.0041064818,0.88669743,-0.19086277,0.66408198,-0.63613421,0.6860929,0.80368519,-0.41344305,-0.59685264,0.87134124,-0.73442512,-0.99978907,-0.51553021,-0.32052493,-0.06301598,0.56391098,-0.33177009,-0.62770294,-0.33177009,-0.7721905,-0.64859315,-0.48791033,13,"walking_upstairs"
-0.43542683,-0.42127474,0.38824415,-0.44076225,-0.65514577,0.025912563,-0.012335408,-0.0061601769,-0.0073038905,0.88858473,-0.17287971,0.67283507,-0.65634367,0.70787275,0.8060301,-0.45028138,-0.57983939,0.87487856,-0.75801395,-0.99967477,-0.49440913,-0.3484188,0.0070471477,0.53925497,-0.36022909,-0.55144797,-0.36022909,-0.79082489,-0.62160963,-0.62725202,13,"walking_upstairs"
-0.44807103,-0.42127474,0.3883425,-0.44062839,-0.65544841,0.028245551,-0.017942343,-0.0095499373,-0.010571163,0.88977817,-0.21155453,0.67034924,-0.68513604,0.73349674,0.8060301,-0.44728767,-0.57958546,0.87387416,-0.78068209,-0.99949082,-0.44099182,-0.32884695,0.013809924,0.48273335,-0.37571265,-0.58744009,-0.37571265,-0.80076985,-0.56418461,-0.75624436,13,"walking_upstairs"
-0.33251629,-0.34993756,0.32090836,-0.34747554,-0.78946931,0.037916918,-0.042591076,-0.023676774,-0.0074188325,0.9227591,-0.21714853,0.80402193,-0.77207584,0.81386887,0.87438371,-0.45343336,-0.67626439,0.92670801,-0.85588596,-0.99790303,-0.5578808,-0.33824134,-0.099813151,0.5868481,-0.36991145,-0.76312728,-0.36991145,-0.79710821,-0.64844451,-0.7850763,13,"walking_upstairs"
-0.36609337,-0.36876383,0.34447029,-0.37948428,-0.74772855,0.029463113,-0.034839976,-0.011294985,0.0018958156,0.90629563,-0.1424968,0.75166136,-0.78099021,0.82947322,0.87051007,-0.3773947,-0.64302246,0.90623945,-0.87834048,-0.9990346,-0.53437152,-0.23055662,-0.083912857,0.59022814,-0.29718204,-0.74791341,-0.29718204,-0.74839248,-0.68208839,-0.72889378,13,"walking_upstairs"
-0.39768432,-0.37851504,0.35886359,-0.39621891,-0.72398375,0.016927549,-0.00075401431,0.006918455,0.01288324,0.88672464,-0.03811911,0.69550108,-0.73369002,0.7838126,0.82591856,-0.37159016,-0.62256754,0.88394053,-0.83381628,-0.99989373,-0.4760753,-0.16147505,-0.11188122,0.52021037,-0.28174993,-0.6207534,-0.28174993,-0.73737841,-0.60192518,-0.35581264,13,"walking_upstairs"
-0.41725029,-0.38970179,0.36951317,-0.40947969,-0.70438067,0.019215712,-0.018392456,0.0036268561,0.01288324,0.88589825,-0.084606873,0.66366832,-0.73402391,0.78673527,0.80868678,-0.42137567,-0.60713729,0.87117374,-0.83915977,-0.99960181,-0.39830981,-0.24568216,-0.085616886,0.45026192,-0.32084578,-0.67158445,-0.32084578,-0.76480524,-0.54466238,-0.45354708,13,"walking_upstairs"
-0.42542964,-0.39381861,0.37607482,-0.41928059,-0.68942209,0.029252195,-0.023120483,-0.010828216,0.012253287,0.88227769,-0.16601882,0.65770798,-0.62351376,0.67451145,0.8013605,-0.40236089,-0.59728871,0.86876166,-0.72360932,-0.99912838,-0.24664328,-0.2638538,-0.043148616,0.28270106,-0.2868528,-0.62450644,-0.2868528,-0.74103222,-0.36883372,-0.6533199,13,"walking_upstairs"
-0.42832712,-0.39381861,0.3769211,-0.42025809,-0.68791871,0.031525166,-0.023120483,-0.014092155,-0.011496215,0.88227769,-0.15818543,0.65439966,-0.57395937,0.62208832,0.79793179,-0.4100823,-0.59591162,0.8674222,-0.6677021,-0.99911947,-0.32697077,-0.36618996,-0.041777591,0.36223365,-0.32714433,-0.58971947,-0.32714433,-0.76909902,-0.44255626,-0.63834078,13,"walking_upstairs"
-0.42832712,-0.39125004,0.37583657,-0.41854403,-0.69058529,0.026941219,-0.017845159,-0.0074875082,-0.0066953685,0.88396098,-0.093423911,0.65493245,-0.6115777,0.65715272,0.79767357,-0.45056161,-0.59776037,0.86763972,-0.70049922,-0.99957345,-0.43016291,-0.33782103,-0.063662102,0.47045873,-0.36667995,-0.63767114,-0.36667995,-0.79505661,-0.55092238,-0.50962948,13,"walking_upstairs"
-0.40382592,-0.39062892,0.37130982,-0.41200322,-0.70041296,0.025899149,-0.013213904,-0.0059770792,-0.0066953685,0.88504503,-0.0056480482,0.66061854,-0.66783361,0.71101608,0.80174109,-0.35896571,-0.60436356,0.86994153,-0.7527354,-0.99969823,-0.40243529,-0.34187642,-0.081034155,0.44961937,-0.30894416,-0.63637321,-0.30894416,-0.75662318,-0.54091837,-0.77521684,13,"walking_upstairs"
-0.32509717,-0.35800081,0.31932869,-0.34421729,-0.79326751,-0.01286005,-0.024634543,0.050228151,0.095727789,0.90889651,0.12401649,0.79353419,-0.76028996,0.81207924,0.87300048,-0.34622986,-0.67682452,0.92259235,-0.86436653,-0.99304739,-0.42011818,-0.22469561,-0.061202489,0.41270497,-0.23656247,-0.81053601,-0.23656247,-0.70377106,-0.4450213,-0.67734642,13,"walking_upstairs"
-0.35400619,-0.3888069,0.35027379,-0.38602797,-0.7379078,0.021906796,-0.030814271,-0.00028489956,0.075099386,0.90025579,-0.0090054037,0.72689587,-0.7294032,0.78727389,0.86447067,-0.22595953,-0.63496524,0.89640804,-0.84565317,-0.99732252,-0.323871,-0.24376276,-0.042391772,0.38864774,-0.15081628,-0.78110229,-0.15081628,-0.63440347,-0.50495225,-0.5099346,13,"walking_upstairs"
-0.40778136,-0.39713696,0.37157113,-0.41478788,-0.69604032,0.031223369,-0.030814271,-0.01374548,0.0041513139,0.88987325,-0.1388566,0.68023445,-0.65687639,0.71523638,0.81317541,-0.34294147,-0.60367627,0.87784878,-0.77242867,-0.99877883,-0.45853534,-0.17445553,-0.035999363,0.51383313,-0.23295145,-0.77043918,-0.23295145,-0.7009809,-0.60985002,-0.48522705,13,"walking_upstairs"
-0.42902274,-0.39713696,0.37677099,-0.42231297,-0.68472873,0.016633124,-0.015165341,0.0073498993,0.013734524,0.88987325,-0.12091055,0.67404607,-0.64929861,0.70786937,0.80958043,-0.40847717,-0.59662485,0.87536373,-0.76510801,-0.99981977,-0.41788202,-0.24837882,-0.054521086,0.46522586,-0.31454157,-0.74664108,-0.31454157,-0.76049851,-0.55383312,-0.32554878,13,"walking_upstairs"
-0.4122758,-0.3879698,0.36870184,-0.41006526,-0.70341754,0.016341187,-0.0034643938,0.0077657657,0.013734524,0.89532935,-0.116356,0.67967854,-0.57660285,0.64197299,0.80958043,-0.43667853,-0.60831183,0.8776378,-0.70501317,-0.99984141,-0.43106312,-0.30586203,-0.082928203,0.48618159,-0.3408298,-0.53217994,-0.3408298,-0.77825202,-0.58314276,-0.27797573,13,"walking_upstairs"
-0.4122758,-0.3795326,0.36499451,-0.4027135,-0.71456981,0.026385574,-0.023010618,-0.0066537577,0.0011190056,0.88648625,-0.009545725,0.66681954,-0.6794638,0.72839445,0.80922856,-0.41473763,-0.61348652,0.87244515,-0.7761841,-0.99946127,-0.40056925,-0.25975375,-0.096537918,0.44912398,-0.32345906,-0.62434115,-0.32345906,-0.76659898,-0.54039636,-0.1676,13,"walking_upstairs"
-0.41472709,-0.37515436,0.36503055,-0.40320348,-0.71385744,0.034809918,-0.026468601,-0.018763203,-0.0091437788,0.88648625,-0.11519126,0.66980639,-0.76116115,0.80637379,0.81088486,-0.35432061,-0.61284198,0.87364376,-0.85122284,-0.99868367,-0.24200205,-0.20146794,-0.063646298,0.29785467,-0.25196021,-0.55193963,-0.25196021,-0.71546377,-0.40500317,-0.52992554,13,"walking_upstairs"
-0.40379631,-0.37852202,0.36445636,-0.40338625,-0.71354666,0.038715294,-0.033610275,-0.024444702,-0.016619385,0.89185974,-0.091641913,0.6787405,-0.68735791,0.74063515,0.81088486,-0.34331662,-0.61326507,0.87725681,-0.79288938,-0.99808774,-0.44219132,-0.20793865,-0.04102091,0.49142621,-0.24986877,-0.58409127,-0.24986877,-0.71383739,-0.58201721,-0.80720692,13,"walking_upstairs"
-0.17450778,-0.15482657,0.19946215,-0.16918009,-0.95565405,-0.056326459,0.099957043,0.11199932,0.11601972,0.9726306,0.10213257,0.88343611,-0.45721396,0.47601167,0.88375124,-0.92632315,-0.82080609,0.95731698,-0.49505439,-0.97740971,-0.70894378,-0.93456243,-0.31917408,0.68243792,-0.92635993,-0.8726899,-0.92635993,-0.99656515,-0.67443508,-0.96997263,20,"standing"
-0.18801799,-0.15482657,0.20430214,-0.17671922,-0.95137479,-0.063857294,0.1141486,0.12313416,0.11630169,0.9783534,0.15685308,0.88719704,-0.24053922,0.31692789,0.88441547,-0.93063003,-0.80890657,0.95874693,-0.39423652,-0.97266505,-0.81936348,-0.92533241,-0.26619793,0.81868915,-0.93014937,-0.56374816,-0.93014937,-0.99687294,-0.83057982,-0.89459307,20,"standing"
-0.17743903,-0.15379934,0.19717191,-0.16617786,-0.95755918,-0.063802674,0.12263621,0.12294176,0.11630169,0.97890565,0.25399079,0.8893959,-0.48110128,0.51199957,0.88576497,-0.93240764,-0.81725518,0.95958169,-0.54314986,-0.97276955,-0.8060778,-0.92765243,-0.29373311,0.81437071,-0.9317273,-0.29826153,-0.9317273,-0.99699666,-0.8367968,-0.90449495,20,"standing"
-0.166846,-0.13553854,0.18884943,-0.15391243,-0.96433045,-0.065931327,0.12263621,0.12587966,0.12617393,0.97956801,0.3985716,0.8910276,-0.27979458,0.29783897,0.88576923,-0.97180616,-0.82471736,0.96020097,-0.31582809,-0.97133748,-0.53891603,-0.96834182,-0.31800018,0.5462239,-0.97079551,-0.44593329,-0.97079551,-0.99927992,-0.58638102,-0.95912362,20,"standing"
-0.16581217,-0.12481877,0.18340336,-0.14597047,-0.96842491,-0.071421248,0.12653335,0.13373142,0.1274288,0.98027904,0.40081076,0.89164068,-0.30547394,0.33427582,0.88596391,-0.97609587,-0.82530174,0.96043357,-0.36301735,-0.9675107,-0.6537245,-0.96995353,-0.31813975,0.64144348,-0.97411368,-0.5790542,-0.97411368,-0.99940423,-0.65252023,-0.96382743,20,"standing"
-0.16581217,-0.13013378,0.18450142,-0.14760823,-0.96758401,-0.072055924,0.13059177,0.1346719,0.1274288,0.97957376,0.40416446,0.89146939,-0.44831643,0.46423396,0.88596391,-0.97273408,-0.82353361,0.96036854,-0.48023623,-0.96705012,-0.78328699,-0.97186128,-0.31130427,0.77528889,-0.97313691,-0.68937779,-0.97313691,-0.99936868,-0.78189403,-0.96992923,20,"standing"
-0.16975303,-0.13387226,0.1907418,-0.15670815,-0.96286005,-0.069030306,0.12957868,0.13034013,0.12543753,0.97772731,0.044445118,0.88867888,-0.2782471,0.31679451,0.88596374,-0.96909559,-0.81976744,0.95930926,-0.35605835,-0.96922101,-0.83519422,-0.97079625,-0.30020409,0.83004633,-0.96936011,-0.50908594,-0.96936011,-0.99922267,-0.83606063,-0.9603381,20,"standing"
-0.18161016,-0.15113024,0.19546105,-0.16355181,-0.95912074,-0.069600625,0.12957868,0.13112266,0.1293032,0.97494501,0.23929016,0.88376105,-0.24856638,0.27793714,0.88441495,-0.94075553,-0.81403791,0.95744094,-0.30787007,-0.9688256,-0.74364847,-0.9387138,-0.28312106,0.72241907,-0.93871326,-0.57462605,-0.93871326,-0.99751601,-0.71761796,-0.94900688,20,"standing"
-0.18161016,-0.16730516,0.2061537,-0.17924912,-0.94944925,-0.076104134,0.13358014,0.14052128,0.14310014,0.96872242,0.29001952,0.87388029,-0.23678034,0.23595778,0.88254051,-0.93097187,-0.79617963,0.9536771,-0.23519845,-0.96390849,-0.7291048,-0.93629401,-0.22261706,0.70377705,-0.93188473,-0.77253287,-0.93188473,-0.99700904,-0.69562791,-0.95484888,20,"standing"
-0.20387103,-0.16730516,0.21648352,-0.19443626,-0.93997653,-0.082127776,0.14221241,0.14926263,0.14354986,0.96863103,-0.18301382,0.86406596,-0.40932499,0.40552965,0.87962212,-0.97980594,-0.77909194,0.94993406,-0.40159152,-0.9591628,-0.92547339,-0.97866847,-0.16521479,0.92113266,-0.98106822,-0.58346541,-0.98106822,-0.99962951,-0.92169546,-0.9857681,20,"standing"
-0.21763646,-0.16912872,0.21812587,-0.19680134,-0.9383782,-0.081535836,0.1463628,0.14840087,0.14354986,0.96863103,-0.04651236,0.86251329,-0.27595029,0.27545213,0.875167,-0.99030894,-0.77773106,0.94934156,-0.27446072,-0.95965754,-0.37608934,-0.98778661,-0.16223414,0.32363504,-0.98948966,-0.34825877,-0.98948966,-0.99983762,-0.31095059,-0.99093993,20,"standing"
-0.21616891,-0.16912872,0.21839633,-0.19713301,-0.93814827,-0.079726095,0.1463628,0.14576827,0.1384597,0.96897607,-0.011602998,0.86228261,-0.42856357,0.43727873,0.875167,-0.98959429,-0.77899187,0.94925341,-0.44580651,-0.96115181,-0.28727194,-0.9887955,-0.16853746,0.23116439,-0.9889033,-0.26174751,-0.9889033,-0.99982575,-0.22104631,-0.99150158,20,"standing"
-0.21576588,-0.16896398,0.21720498,-0.19538432,-0.93934968,-0.080444632,0.14644108,0.14677902,0.13848219,0.96897607,0.24191728,0.86249674,-0.38345344,0.40152366,0.87516543,-0.98969333,-0.77974385,0.94933526,-0.41942362,-0.96059028,-0.47155558,-0.98722831,-0.17042804,0.44792965,-0.9881768,-0.20516486,-0.9881768,-0.99981,-0.45947501,-0.97664694,20,"standing"
-0.21576588,-0.17030904,0.21749734,-0.19580179,-0.93906208,-0.081272648,0.14809319,0.14795551,0.14306379,0.96655338,0.36669432,0.86148198,-0.37722853,0.38627294,0.87516543,-0.98421344,-0.77868379,0.94894683,-0.39543788,-0.95992645,-0.46678463,-0.98076592,-0.16689761,0.443885,-0.98256555,-0.42980481,-0.98256555,-0.99967106,-0.45647628,-0.97248353,20,"standing"
-0.21792695,-0.17132469,0.21969047,-0.19893112,-0.93689631,-0.084398204,0.14812426,0.1523723,0.14705629,0.96614173,0.49574962,0.85600888,-0.48416761,0.48653117,0.87488266,-0.98111638,-0.7734206,0.94685225,-0.4888102,-0.95737705,-0.42124237,-0.98024504,-0.15062534,0.38167993,-0.98120097,-0.32975914,-0.98120097,-0.99963311,-0.37973466,-0.98890829,20,"standing"
-0.21794571,-0.17132469,0.21992633,-0.19931078,-0.9366338,-0.087411691,0.15599232,0.15670001,0.1472564,0.96614173,-0.021826436,0.85428055,-0.36053175,0.37608846,0.87290925,-0.99333724,-0.77046784,0.94619079,-0.39181174,-0.95485838,-0.30366443,-0.99065949,-0.13930236,0.25357448,-0.99151263,-0.30895174,-0.99151263,-0.99987776,-0.24866103,-0.99236505,20,"standing"
-0.21463968,-0.17006412,0.21765579,-0.19608904,-0.93886225,-0.087179509,0.15595665,0.15643073,0.1472564,0.96631901,0.10979424,0.85814685,-0.33404373,0.37052579,0.87452023,-0.99065551,-0.77323956,0.94767105,-0.40778622,-0.95501781,-0.32476428,-0.98680038,-0.14592441,0.28769285,-0.98877276,-0.24223266,-0.98877276,-0.99982284,-0.29534348,-0.98878163,20,"standing"
-0.21248042,-0.16594695,0.21515379,-0.19245568,-0.94133462,-0.08573341,0.15506436,0.15436859,0.14709593,0.96828413,-0.066052348,0.86160316,-0.56767783,0.59408708,0.87479911,-0.97749201,-0.77736187,0.94899365,-0.6206403,-0.95623881,-0.54254672,-0.97201309,-0.15875815,0.52906494,-0.97512588,-0.6681235,-0.97512588,-0.99943958,-0.54647999,-0.94024633,20,"standing"
-0.21248042,-0.16559327,0.21475178,-0.19184103,-0.94175033,-0.085625451,0.15506436,0.15418846,0.14659449,0.96818108,0.31074208,0.86140259,-0.31640575,0.36820444,0.87479911,-0.92371949,-0.7779106,0.94891695,-0.42000509,-0.95634659,-0.66544712,-0.91354288,-0.16105613,0.70293404,-0.918313,-0.40088035,-0.918313,-0.99586459,-0.76610176,-0.85899921,20,"standing"
-0.21331697,-0.16613549,0.21628198,-0.1940456,-0.94026321,-0.088683669,0.15686464,0.15853372,0.15515498,0.96517497,0.50588841,0.85726595,0.094693272,-0.015062921,0.87395487,-0.91801361,-0.77340388,0.94733363,-0.065889832,-0.95372579,-0.27989617,-0.90485329,-0.14650314,0.27633889,-0.89771269,-0.32316146,-0.89771269,-0.99376814,-0.32126732,-0.85125108,20,"standing"
-0.21685606,-0.16828016,0.21732006,-0.19549604,-0.93927718,-0.09137145,0.15952106,0.16231372,0.15515498,0.96515157,0.64172924,0.85299966,0.26765127,-0.221655,0.87280174,-0.94923136,-0.76976884,0.94569982,0.17507417,-0.95143258,0.63884227,-0.93760919,-0.13560556,-0.76308708,-0.92589563,-0.56813529,-0.92589563,-0.99651685,0.78418541,-0.9433571,20,"standing"
-0.18477233,-0.18372416,0.21255818,-0.18844549,-0.94323952,-0.0093236481,0.018587948,0.044687129,0.043527737,0.97859466,0.2719019,0.89522651,-0.71431376,0.72861995,0.89164754,-0.91300919,-0.83023727,0.96178987,-0.7426164,-0.99684128,-0.71989003,-0.92419353,-0.43811847,0.696011,-0.91032532,-0.75878679,-0.91032532,-0.99510532,-0.68991507,-0.90401112,20,"standing"
-0.20345674,-0.18372416,0.22195139,-0.20232567,-0.93433711,-0.011723476,0.047983463,0.048198036,0.043443587,0.97859466,0.22137338,0.89118645,-0.16700395,0.19210509,0.88944141,-0.8607652,-0.81620585,0.96026022,-0.21768244,-0.99640711,-0.64442099,-0.85806102,-0.39398528,0.6211108,-0.85552696,-0.71747211,-0.85552696,-0.98819716,-0.62106733,-0.91406235,20,"standing"
-0.15398408,-0.18185222,0.20393599,-0.175847,-0.95075784,-0.021573356,0.049046912,0.062273431,0.089945845,0.97942377,0.24628028,0.8981249,-0.55709162,0.62867326,0.89053364,-0.80458345,-0.83747281,0.96288999,-0.70075772,-0.99311553,-0.63671386,-0.77687892,-0.42322384,0.65274259,-0.78581573,-0.69405362,-0.78581573,-0.97511183,-0.69535194,-0.83895992,20,"standing"
-0.14902006,-0.15059638,0.18202847,-0.14381736,-0.96899886,-0.037386218,0.055808859,0.084907703,0.094528626,0.98319126,0.24274368,0.90611705,-0.58682409,0.64631821,0.89425796,-0.83143953,-0.85663184,0.965913,-0.70614499,-0.98706521,-0.75498591,-0.80232241,-0.44391058,0.74169372,-0.81023299,-0.67918614,-0.81023299,-0.9802413,-0.74460686,-0.83848102,20,"standing"
-0.14902006,-0.1698771,0.19195343,-0.15841218,-0.96057834,-0.029298752,0.043525846,0.073372324,0.094528626,0.98165936,0.39281458,0.90549897,-0.56464251,0.56864914,0.89425796,-0.82166963,-0.84941026,0.96567867,-0.57244013,-0.98983178,-0.81196031,-0.84967744,-0.4355506,0.79794488,-0.826654,-0.86559361,-0.826654,-0.98336141,-0.79610486,-0.89567106,20,"standing"
-0.17954313,-0.17109121,0.21357736,-0.19012945,-0.94261959,-0.012251879,0.042933256,0.048949578,0.062773263,0.98163339,0.45642897,0.89818725,-0.25938275,0.25843479,0.89251179,-0.91270433,-0.8278462,0.9629139,-0.25751959,-0.99614297,-0.79362663,-0.91668239,-0.41999449,0.77518796,-0.9126644,-0.89995281,-0.9126644,-0.99533392,-0.76994956,-0.94393314,20,"standing"
-0.20601514,-0.17109121,0.21401002,-0.19079878,-0.94235833,-0.02005528,0.042933256,0.060193874,0.069991902,0.98163339,0.097182046,0.89673043,0.059915223,-0.04208497,0.8879067,-0.92248665,-0.82427535,0.96236294,0.024798219,-0.99364172,-0.67590083,-0.9367955,-0.38919075,0.64850858,-0.9253288,-0.80335526,-0.9253288,-0.996479,-0.64179991,-0.9562486,20,"standing"
-0.20601514,-0.15914609,0.209651,-0.18446493,-0.94659128,-0.027757276,0.063278215,0.071277735,0.069991902,0.98261803,0.19498055,0.89841305,-0.4157263,0.44998628,0.88871481,-0.97265647,-0.82666203,0.96300023,-0.48400878,-0.99139676,-0.62551639,-0.96935343,-0.37554873,0.60423123,-0.97079202,-0.77651413,-0.97079202,-0.99927987,-0.60750643,-0.97582447,20,"standing"
-0.19929847,-0.15670489,0.20876866,-0.1831485,-0.94742056,-0.0231161,0.062568266,0.064588777,0.068217719,0.98269998,0.30239411,0.89991919,-0.54453466,0.57524741,0.88993415,-0.96578469,-0.83013626,0.9635704,-0.60610275,-0.99306918,-0.59695581,-0.96140208,-0.39590059,0.56613492,-0.96535213,-0.82349687,-0.96535213,-0.99905247,-0.5610987,-0.96039973,20,"standing"
-0.19929847,-0.16088923,0.20831771,-0.18249596,-0.94781985,-0.019619648,0.057399937,0.059558952,0.052880265,0.98315513,0.3577557,0.90140564,-0.17642036,0.23442626,0.89009599,-0.9179015,-0.83233306,0.96413287,-0.29317623,-0.99423583,-0.62436278,-0.91189397,-0.41003112,0.6191876,-0.91185343,-0.64968297,-0.91185343,-0.99525578,-0.63969807,-0.88705318,20,"standing"
-0.19930441,-0.16123444,0.21060755,-0.18584192,-0.9456715,-0.017473958,0.056042138,0.056475361,0.0527774,0.98279473,0.2277417,0.90028958,-0.11181154,0.17867355,0.89009599,-0.91233158,-0.83005928,0.96371041,-0.24598748,-0.99487406,-0.63361146,-0.90270198,-0.4099967,0.6376025,-0.90580821,-0.58353016,-0.90580821,-0.99464846,-0.66720169,-0.84193159,20,"standing"
-0.20954713,-0.16545136,0.21304889,-0.18935897,-0.94339736,-0.01420078,0.041442327,0.051754489,0.046373863,0.98263895,0.22481509,0.89816809,-0.10312785,0.17398892,0.88833233,-0.94257735,-0.8279044,0.96290751,-0.24380746,-0.99575132,-0.60353128,-0.93079524,-0.41460416,0.61520045,-0.93708154,-0.7112691,-0.93708154,-0.99739912,-0.65512529,-0.81042583,20,"standing"
-0.20957301,-0.16768481,0.21549325,-0.19293513,-0.94099612,-0.0054929179,0.02773864,0.039221583,0.043982212,0.9824958,0.3489995,0.89822557,0.065977666,0.0021330699,0.88932623,-0.94903862,-0.82716993,0.96292922,-0.071100103,-0.9975549,-0.60500688,-0.93527087,-0.43833978,0.61874893,-0.93791389,-0.58659714,-0.93791389,-0.99745886,-0.66084392,-0.79323687,20,"standing"
-0.20405769,-0.16768481,0.21432623,-0.19127878,-0.94207879,-0.00055155748,0.02773864,0.032109716,0.039484945,0.9824958,0.12476937,0.90092639,0.2200086,-0.17123812,0.8901937,-0.93679325,-0.83000683,0.96395129,0.12178207,-0.99853199,-0.68057107,-0.91908135,-0.45987581,0.69729935,-0.92724424,-0.65005273,-0.92724424,-0.99663381,-0.7374347,-0.8860519,20,"standing"
-0.20331679,-0.16345469,0.2097265,-0.1845253,-0.94653126,-0.0091859799,0.027805252,0.044534089,0.04636372,0.98344541,0.043370444,0.90217332,-0.091665807,0.13908349,0.8901937,-0.89902995,-0.83428289,0.96442334,-0.18702097,-0.99674711,-0.6671591,-0.87882739,-0.44410913,0.70080564,-0.8862672,-0.72010576,-0.8862672,-0.99243797,-0.75995375,-0.86495486,20,"standing"
-0.20331679,-0.16071768,0.21004568,-0.18493693,-0.94626967,-0.017264957,0.051930495,0.056147957,0.057762433,0.98201894,0.094957939,0.89884812,0.3992365,-0.26092941,0.88954592,-0.89680503,-0.83092457,0.96316476,0.12027144,-0.9949304,-0.39331729,-0.88165227,-0.41437839,0.36790516,-0.8685521,-0.1964026,-0.8685521,-0.99010298,-0.38240247,-0.8792004,20,"standing"
-0.20529156,-0.17399222,0.21315033,-0.1894334,-0.94329741,-0.028625448,0.057006349,0.072479408,0.09498089,0.97549283,0.26274487,0.89230787,0.2307203,-0.19179691,0.88834471,-0.93921916,-0.82148157,0.96068486,0.15177117,-0.99059029,-0.23309344,-0.92642697,-0.36329764,0.16170782,-0.90272382,-0.0010955186,-0.90272382,-0.99430114,-0.13869809,-0.94479937,20,"standing"
0.17774807,-0.14845393,0.0030184627,0.11678725,-0.93933323,-0.20292828,0.10884042,0.31386415,0.36876801,0.87965786,-0.85160728,0.69259041,-0.75861543,0.7565241,0.85351494,-0.43855462,-0.66519109,0.88259715,-0.75409061,-0.79984579,-0.98072595,-0.47201972,0.11003623,0.97950315,-0.38549956,-0.98956722,-0.38549956,-0.80681644,-0.97954147,-0.97982529,20,"sitting"
0.17774807,0.18927188,-0.041770395,0.18284314,-0.92154747,-0.22231527,0.31029729,0.34334031,0.36876801,0.87965786,-0.36760864,0.65582185,-0.87643864,0.87895579,0.80555698,-0.86960593,-0.60910799,0.86798061,-0.88111932,-0.77295517,-0.87557644,-0.90327503,0.26248843,0.88568627,-0.87020717,-0.96130348,-0.87020717,-0.99033881,-0.90507294,-0.98781107,20,"sitting"
0.14400168,0.18927188,-0.032551962,0.16867002,-0.93270615,-0.20308871,0.31026275,0.31565516,0.32858527,0.88865784,-0.37161494,0.67887439,-0.60469988,0.60932999,0.80651406,-0.96813376,-0.63978452,0.87731144,-0.61389529,-0.80977865,-0.65013347,-0.95930128,0.16796562,0.62946272,-0.96294774,-0.78468254,-0.96294774,-0.99894264,-0.63168839,-0.99489536,20,"sitting"
0.14350162,0.1908652,-0.034937833,0.17233693,-0.93003771,-0.20588996,0.31026275,0.31987359,0.31943226,0.89259389,-0.43377479,0.67667949,-0.45017711,0.44785541,0.80651406,-0.98161648,-0.63449449,0.87642754,-0.44534072,-0.80457614,-0.53887923,-0.97928788,0.18749582,0.50185304,-0.98125813,-0.4380825,-0.98125813,-0.99963498,-0.49453467,-0.99554507,20,"sitting"
0.14350162,0.19452044,-0.035599708,0.17326462,-0.92936632,-0.21397001,0.32358113,0.33080887,0.32850615,0.889272,-0.30146474,0.66319365,-0.71112334,0.72192016,0.80241767,-0.96625443,-0.62415368,0.87098589,-0.73263649,-0.79081424,-0.7248308,-0.96036417,0.20877093,0.71672662,-0.96589733,-0.72054787,-0.96589733,-0.99907656,-0.72708101,-0.9880071,20,"sitting"
0.14102488,0.1822275,-0.031722796,0.16772383,-0.93335698,-0.21910919,0.33362768,0.33780189,0.33050327,0.88927004,-0.47285797,0.65928372,-0.72579891,0.73248397,0.79916754,-0.95967893,-0.62083427,0.86940438,-0.73892505,-0.78174774,-0.76666383,-0.95776187,0.20936898,0.75238176,-0.96027633,-0.76890914,-0.96027633,-0.99881388,-0.75343302,-0.98274955,20,"sitting"
0.13806539,0.18186756,-0.027892943,0.16229076,-0.93721094,-0.2199623,0.33915145,0.33907846,0.33050327,0.88927004,-0.79089592,0.6628407,-0.69811262,0.69795727,0.7994419,-0.96734411,-0.62264048,0.87084352,-0.6974759,-0.78008597,-0.61223226,-0.97109296,0.20079331,0.57401863,-0.96989603,-0.60049494,-0.96989603,-0.99924443,-0.56028598,-0.99223919,20,"sitting"
0.14111118,0.18186756,-0.030755837,0.16632861,-0.93432822,-0.2204039,0.33915145,0.33953913,0.33041615,0.88715101,-0.65483279,0.6580354,-0.7315971,0.73253884,0.7994419,-0.97506281,-0.61996243,0.86889581,-0.73318447,-0.77947619,-0.66434083,-0.97578689,0.20924415,0.63516247,-0.97564863,-0.28054906,-0.97564863,-0.99945782,-0.62740709,-0.9966412,20,"sitting"
0.14111118,0.19224931,-0.034913987,0.17215316,-0.93018727,-0.22168731,0.34240022,0.3410233,0.33041615,0.88693378,-0.34712249,0.64941442,-0.61600429,0.6292825,0.793527,-0.98906265,-0.61522578,0.8654022,-0.64256263,-0.77751979,-0.58787386,-0.98547795,0.2223092,0.56640455,-0.98646675,-0.3147491,-0.98646675,-0.9997711,-0.57220992,-0.99704018,20,"sitting"
0.14091403,0.19535388,-0.034930101,0.17202787,-0.93028122,-0.22196013,0.34254573,0.34112959,0.33107504,0.88488103,-0.16109073,0.64638914,-0.38325609,0.40577547,0.79053452,-0.99443936,-0.61487744,0.86417261,-0.4286082,-0.77737852,-0.30210411,-0.9916903,0.21988857,0.30125158,-0.99427165,-0.44426265,-0.99427165,-0.99992533,-0.34879774,-0.99618537,20,"sitting"
0.14006465,0.19535388,-0.034658035,0.17158806,-0.93060384,-0.22314373,0.34332057,0.34263575,0.33231436,0.88486434,0.19621307,0.6438855,-0.35792224,0.36966105,0.79014431,-0.99508484,-0.6136262,0.86315439,-0.38154667,-0.77537474,-0.59877163,-0.99490662,0.22076077,0.58638356,-0.99483063,-0.18990725,-0.99483063,-0.99993399,-0.60062827,-0.99730648,20,"sitting"
0.13991056,0.19312078,-0.033918271,0.17061463,-0.93131176,-0.2245441,0.34531187,0.34467572,0.33609387,0.88486434,-0.03122271,0.64385111,-0.36038484,0.38652167,0.78906458,-0.99245705,-0.61245787,0.86314048,-0.41244503,-0.77264455,-0.43988978,-0.9924,0.22354154,0.39446748,-0.9919013,-0.31054697,-0.9919013,-0.9998848,-0.38469177,-0.99806174,20,"sitting"
0.14003037,0.19312078,-0.03344116,0.17007993,-0.93170121,-0.22607672,0.34655623,0.3470093,0.33652736,0.88529109,-0.22227896,0.64443325,-0.34805524,0.37893582,0.78906458,-0.99419355,-0.6109197,0.86337738,-0.40915522,-0.76950449,-0.43962629,-0.99200681,0.22878055,0.39387113,-0.99332121,-0.42503133,-0.99332121,-0.99990977,-0.38406541,-0.99858083,20,"sitting"
0.14161509,0.19337058,-0.034594159,0.17177266,-0.93046493,-0.22689979,0.35036183,0.34818962,0.33690483,0.88295189,0.011292227,0.64263387,-0.42307858,0.45946914,0.78901523,-0.99603026,-0.60903187,0.86264484,-0.49650988,-0.76791211,-0.11061102,-0.99490491,0.23512259,0.049665153,-0.99530584,-0.25447023,-0.99530584,-0.99994056,-0.046917716,-0.99815149,20,"sitting"
0.14404558,0.19641503,-0.03614422,0.17385742,-0.92893129,-0.22823564,0.35053495,0.34974245,0.34151827,0.87942712,0.030090226,0.6365538,-0.57224932,0.58435638,0.78847029,-0.99336755,-0.60620548,0.86016629,-0.59657286,-0.76579658,-0.24411773,-0.99132884,0.24016716,0.23282953,-0.99270394,-0.27432741,-0.99270394,-0.99989917,-0.27375523,-0.99882484,20,"sitting"
0.14473223,0.19799888,-0.037415733,0.17561919,-0.92762059,-0.23027978,0.35121033,0.35238519,0.34183954,0.87936163,-0.40664489,0.63090774,-0.54989981,0.5579152,0.7860579,-0.99397789,-0.60271066,0.8578628,-0.56594465,-0.76218772,-0.30795925,-0.99258195,0.24758355,0.25567575,-0.99349245,-0.20095881,-0.99349245,-0.99991261,-0.24806657,-0.99856958,20,"sitting"
0.14473223,0.19953389,-0.037616467,0.17602138,-0.9273213,-0.23134267,0.35582981,0.3540188,0.34398776,0.87936163,-0.49956034,0.63087474,-0.42427024,0.43606349,0.78417825,-0.99472001,-0.60124264,0.85784956,-0.44777036,-0.75994543,-0.30274563,-0.99278404,0.25301541,0.245844,-0.99446451,-0.3738102,-0.99446451,-0.99992836,-0.23320882,-0.99946232,20,"sitting"
0.14515992,0.19953389,-0.037651613,0.17614352,-0.92722951,-0.23205907,0.35600737,0.35511023,0.34426355,0.87951121,-0.32159063,0.63085416,-0.27104711,0.2849828,0.78417825,-0.99611417,-0.60032872,0.85784117,-0.29873345,-0.75843874,-0.45827858,-0.99489476,0.25624736,0.43262743,-0.99611184,-0.39308548,-0.99611184,-0.99995284,-0.44293595,-0.99951148,20,"sitting"
0.14521742,0.20027428,-0.038185295,0.17686629,-0.92668751,-0.23201191,0.35630581,0.35497231,0.34426355,0.87951121,-0.23380954,0.62969161,-0.32728652,0.3502891,0.78333168,-0.99639011,-0.59998183,0.85736625,-0.3731438,-0.75862936,-0.42145995,-0.9952106,0.25692833,0.38542337,-0.99696877,-0.27230601,-0.99696877,-0.99996441,-0.38707503,-0.99957321,20,"sitting"
0.14563248,0.20054949,-0.038336827,0.17699325,-0.9265919,-0.23138206,0.35602501,0.3539655,0.34308941,0.87895707,-0.20796206,0.62908014,-0.32984157,0.34876111,0.78317615,-0.99525589,-0.60064577,0.85711628,-0.36761765,-0.76001957,-0.39382612,-0.99296035,0.25410218,0.3664598,-0.99435783,-0.36690949,-0.99435783,-0.9999266,-0.37927262,-0.99707618,20,"sitting"
0.12243714,-0.029913309,0.097693523,-0.020137969,-0.99490562,-0.21803599,0.20591092,0.33770062,0.59409345,0.68810088,-0.82547756,0.74462849,-0.97628218,0.97609746,0.88808879,-0.32365781,-0.67423949,0.90104627,-0.97551285,-0.74550331,-0.83523381,-0.44672899,-0.1292299,0.8616785,-0.30524313,-0.98338305,-0.30524313,-0.75401485,-0.90111829,-0.94768829,20,"sitting"
-0.053181135,-0.029432847,0.10847037,-0.035992481,-0.99919762,-0.13186439,0.20591092,0.21933404,0.2738347,0.96353869,0.12560643,0.86578358,-0.9111705,0.92495939,0.88808879,-0.95525236,-0.79356808,0.95057174,-0.9385797,-0.90906677,-0.8745225,-0.94811533,-0.40702515,0.8796549,-0.95186895,-0.97168905,-0.95186895,-0.99836209,-0.89390131,-0.9672711,20,"sitting"
-0.053181135,-0.0054859288,0.10310713,-0.028071658,-0.99980326,-0.13423054,0.20901596,0.22191752,0.22045015,0.96353869,0.55627704,0.85080728,-0.50966604,0.51926221,0.87197311,-0.97774137,-0.79080016,0.94485909,-0.52843947,-0.90737528,-0.4592357,-0.9687087,-0.43261687,0.41653171,-0.96949652,-0.41839125,-0.96949652,-0.99922782,-0.40841111,-0.95666962,20,"sitting"
-0.053351619,-0.0047733075,0.10446525,-0.0300792,-0.99971582,-0.13997999,0.22627618,0.23029367,0.22297846,0.96315986,0.44922913,0.84975977,-0.089488583,0.11436962,0.87143428,-0.97616124,-0.78269572,0.94445715,-0.13928774,-0.90015463,-0.1687158,-0.97225592,-0.40555642,0.12992805,-0.97051844,-0.012422197,-0.97051844,-0.99926833,-0.14659397,-0.97856421,20,"sitting"
-0.057565814,-0.0047733075,0.10556152,-0.03168317,-0.99964402,-0.14284577,0.2339079,0.23422686,0.22635731,0.96250034,0.10152269,0.84514523,-0.38662907,0.42261626,0.86945243,-0.99169894,-0.778615,0.9426864,-0.45913735,-0.89663985,-0.47041548,-0.98947737,-0.39409595,0.4623596,-0.99063833,-0.4208518,-0.99063833,-0.99986094,-0.49051542,-0.98967324,20,"sitting"
-0.052858014,-0.0045330054,0.1046722,-0.030377118,-0.99970464,-0.14532451,0.23642623,0.23766824,0.23153715,0.96034039,0.13185356,0.84194982,-0.5090721,0.53060591,0.86771585,-0.98726153,-0.77524135,0.94145843,-0.55242943,-0.89349959,-0.60577541,-0.98507173,-0.39080837,0.59041045,-0.98598429,-0.19302529,-0.98598429,-0.99975974,-0.60160744,-0.99480348,20,"sitting"
-0.047271908,-0.0038265743,0.1017071,-0.02602666,-0.99985451,-0.14714608,0.23156355,0.24018514,0.23322492,0.96005346,-0.22896654,0.83953756,-0.15854403,0.19989908,0.86840125,-0.85672285,-0.77289939,0.94053077,-0.24186885,-0.8911671,-0.71646036,-0.87467478,-0.39768104,0.70978815,-0.85681071,-0.70274486,-0.85681071,-0.98839315,-0.72207499,-0.96569751,20,"sitting"
-0.047271908,-0.013404035,0.10469463,-0.030405423,-0.99958131,-0.13524153,0.19065827,0.22346477,0.23322492,0.96005346,0.38133522,0.85186506,-0.29309768,0.35563048,0.88146112,-0.87984639,-0.78927043,0.94525357,-0.41947154,-0.90539577,-0.61330824,-0.84498669,-0.42138635,0.60703397,-0.85763985,-0.67650201,-0.85763985,-0.9885181,-0.62706382,-0.94512945,20,"sitting"
-0.054453679,-0.013786783,0.11053278,-0.038974248,-0.99914219,-0.11486836,0.1843787,0.19489664,0.21745639,0.96400095,0.64238094,0.87359972,-0.44261001,0.48774582,0.88241925,-0.89076063,-0.81684668,0.95356684,-0.5336979,-0.92875246,-0.57182905,-0.85450987,-0.45846684,0.57227004,-0.8689889,-0.52963612,-0.8689889,-0.99016963,-0.60240396,-0.94722061,20,"sitting"
-0.064943481,-0.01637511,0.11208405,-0.041249727,-0.99896027,-0.10923578,0.1843787,0.18694765,0.18265556,0.97321748,0.4634047,0.87866426,-0.57741729,0.59067751,0.88241925,-0.95393781,-0.82436714,0.95550177,-0.60361434,-0.93494495,-0.50583815,-0.94468113,-0.46980702,0.47981557,-0.94569633,-0.63686121,-0.94569633,-0.99798629,-0.48572441,-0.972006,20,"sitting"
-0.058093077,-0.01637511,0.11047222,-0.038883505,-0.99913255,-0.1092504,0.18395978,0.18694972,0.18265556,0.97321748,0.11625274,0.87845667,-0.50268198,0.50739636,0.88276277,-0.96751111,-0.82463691,0.95542274,-0.51169491,-0.93494155,-0.72854296,-0.96280985,-0.4763792,0.72367279,-0.96567032,-0.71876025,-0.96567032,-0.99906658,-0.73742342,-0.98157343,20,"sitting"
-0.056129554,-0.013145433,0.10623282,-0.032670729,-0.99956966,-0.111832,0.18395978,0.19065895,0.19201568,0.97347318,-0.36168545,0.87779229,-0.42738505,0.43286352,0.88276277,-0.97108203,-0.82166594,0.95516971,-0.43793069,-0.93216764,-0.47883646,-0.97195847,-0.48382596,0.43662442,-0.97128137,-0.6531629,-0.97128137,-0.99929879,-0.42800569,-0.99707273,20,"sitting"
-0.056129554,-0.0041239938,0.10445183,-0.030060956,-0.99972376,-0.11911048,0.19198394,0.20098293,0.19531453,0.97097816,0.19075831,0.87206533,-0.41731909,0.43083792,0.87998924,-0.94450196,-0.81173348,0.95298832,-0.44422768,-0.92448076,-0.54608872,-0.93883638,-0.46752139,0.56550878,-0.94268291,-0.74858257,-0.94268291,-0.99778951,-0.61740245,-0.99134136,20,"sitting"
-0.056094035,-0.003660856,0.10438255,-0.029954802,-0.99972876,-0.11703226,0.17816453,0.19797982,0.19531453,0.97096131,0.15795622,0.87267909,-0.49192632,0.49637327,0.8840457,-0.93606803,-0.81463061,0.95322091,-0.50068922,-0.92665217,-0.49981291,-0.93654342,-0.4753869,0.51984718,-0.9360237,-0.7344618,-0.9360237,-0.99732175,-0.57543735,-0.9904218,20,"sitting"
-0.056094035,-0.0051280096,0.10463164,-0.030319484,-0.9997113,-0.10683928,0.17466738,0.18357762,0.1946405,0.97096131,0.2064988,0.88188077,-0.41304209,0.41328746,0.88533227,-0.93286462,-0.82878118,0.95672253,-0.4133326,-0.93713799,-0.70722292,-0.93824359,-0.50614687,0.73056422,-0.93509964,-0.67305598,-0.93509964,-0.99725349,-0.77533762,-0.99050006,20,"sitting"
-0.056753948,-0.027369516,0.1101028,-0.03835548,-0.99904491,-0.1062862,0.17466738,0.18288193,0.18274545,0.97482386,0.0068660523,0.88371919,-0.52035154,0.52754151,0.88533227,-0.93818447,-0.82880374,0.95742391,-0.53451956,-0.93773237,-0.80003637,-0.94460647,-0.48483442,0.78600911,-0.94017994,-0.7832309,-0.94017994,-0.99761886,-0.78495162,-0.98669084,20,"sitting"
0.76067007,0.63308751,-0.55106329,0.76221235,0.18099315,-0.45397902,0.53560515,0.60523365,0.61914107,-0.70986017,-0.94227176,-0.89278647,-0.99361428,0.99551853,0.21854871,0.095253246,0.58080049,-0.45881749,-0.99704725,-0.28690083,-0.70288752,-0.076985192,0.51576633,0.67284069,0.1383912,-0.83179567,0.1383912,-0.34697765,-0.6615767,-0.9643256,20,"laying"
0.76067007,0.8010543,-0.54122839,0.79717244,0.28230693,-0.44410872,0.6231906,0.62747734,0.61914107,-0.70986017,-0.32604682,-0.94650219,-0.97012448,0.97469465,-0.68901765,-0.89205696,0.75905638,-0.71293422,-0.97895264,-0.23517799,-0.8951884,-0.91136403,0.56623617,0.89840354,-0.89175842,-0.76503523,-0.89175842,-0.99309719,-0.90909415,-0.98751278,20,"laying"
0.74856401,0.8010543,-0.54192434,0.78816543,0.25400184,-0.44728223,0.6231906,0.6237672,0.61603124,-0.67912588,-0.58345463,-0.95862388,-0.81443347,0.81363602,-0.73577446,-0.9626763,0.74206611,-0.6862925,-0.81250286,-0.24430198,-0.31999357,-0.95440169,0.48063244,0.25660631,-0.95150188,-0.15036131,-0.95150188,-0.99833995,-0.23641331,-0.99182667,20,"laying"
0.74112632,0.80105709,-0.54119785,0.78819595,0.25408524,-0.44745245,0.62319838,0.62448379,0.61197949,-0.6426626,-0.38226446,-0.95722452,-0.85293015,0.85342791,-0.73632595,-0.98205161,0.74477376,-0.69027579,-0.85360803,-0.24255472,-0.15730089,-0.98359214,0.49028972,0.0876364,-0.98188385,-0.3032586,-0.98188385,-0.99965267,-0.072060222,-0.99543038,20,"laying"
0.74112632,0.8034143,-0.54032511,0.78906225,0.25677837,-0.44723746,0.62762113,0.6255037,0.61197949,-0.6426626,0.01239251,-0.95427982,-0.77103165,0.7783104,-0.76252768,-0.99697356,0.74981377,-0.6978093,-0.7852674,-0.24006163,-0.16670898,-0.99578117,0.509854,0.13342043,-0.99688347,-0.15206812,-0.99688347,-0.99996338,-0.15590434,-0.99705277,20,"laying"
0.7409906,0.80336891,-0.53995588,0.78846088,0.25490624,-0.44753142,0.62762113,0.62563365,0.61228818,-0.64603131,-0.16441663,-0.95406894,-0.4649856,0.46950203,-0.76424996,-0.99247728,0.75022947,-0.69831934,-0.47401363,-0.23974281,-0.17451558,-0.99159998,0.50954892,0.15789996,-0.99299198,-0.13956402,-0.99299198,-0.99990418,-0.19721257,-0.99174573,20,"laying"
0.74344993,0.80336891,-0.54024116,0.78925382,0.25737793,-0.44664303,0.62459715,0.62502662,0.61228818,-0.64892622,-0.071420892,-0.95251904,-0.38818566,0.39567286,-0.76432932,-0.98027121,0.75277319,-0.70204649,-0.40306087,-0.24122774,0.074573005,-0.97575645,0.51724731,-0.11647024,-0.97928254,-0.043800727,-0.97928254,-0.99957621,0.086087724,-0.98378357,20,"laying"
0.74513156,0.80389969,-0.54257827,0.79176108,0.26520185,-0.44415789,0.62241291,0.62248288,0.61214884,-0.64892622,-0.066520124,-0.9524185,-0.43542051,0.43949733,-0.76318973,-0.98014713,0.75286072,-0.70228495,-0.44347118,-0.24744326,0.057354707,-0.97592897,0.51771757,-0.12161302,-0.97767723,-0.098121584,-0.97767723,-0.99952565,0.1163273,-0.97997736,20,"laying"
0.74513156,0.80621611,-0.54431913,0.79273409,0.26823988,-0.44292056,0.62232094,0.6206145,0.60825667,-0.64804273,0.16271996,-0.95399593,-0.73521172,0.73804556,-0.76296754,-0.99151251,0.75027783,-0.69848849,-0.74066714,-0.25200145,-0.31933816,-0.98831784,0.50806706,0.27779016,-0.9901514,-0.23664053,-0.9901514,-0.99985153,-0.28090633,-0.98566379,20,"laying"
0.74483765,0.8056178,-0.54324313,0.79139616,0.26405873,-0.44400148,0.62232094,0.62157223,0.60943501,-0.64431938,0.10257673,-0.95390637,-0.62781777,0.63005076,-0.76296754,-0.99347986,0.75051131,-0.69871259,-0.63191567,-0.24966723,-0.27851694,-0.99132193,0.50742384,0.25253096,-0.99398258,-0.46830959,-0.99398258,-0.99992057,-0.27523036,-0.99747276,20,"laying"
0.74240456,0.8056178,-0.54189224,0.79060336,0.26158181,-0.44522772,0.62393306,0.6232994,0.61007741,-0.64431938,-0.3086259,-0.95336313,-0.58508075,0.5940359,-0.76640524,-0.99711323,0.75137018,-0.70003597,-0.60228276,-0.24545592,-0.15759913,-0.99604744,0.51243076,0.14189858,-0.99668828,-0.41230142,-0.99668828,-0.99996075,-0.18314655,-0.99752635,20,"laying"
0.74227337,0.80556549,-0.54169112,0.79055164,0.26142048,-0.44539979,0.6246176,0.62359541,0.61007741,-0.64498944,-0.16664973,-0.95324738,-0.54822966,0.59381001,-0.76640524,-0.98458751,0.75154305,-0.700315,-0.63970439,-0.24473314,0.12995453,-0.98476302,0.51361787,-0.11507676,-0.98363059,0.091429497,-0.98363059,-0.99970037,0.022883705,-0.98750921,20,"laying"
0.74214309,0.80449782,-0.54208082,0.79023424,0.2604306,-0.44470501,0.62312109,0.62228793,0.60975769,-0.64781569,-0.07100545,-0.95260976,-0.54932876,0.59031253,-0.7671647,-0.98665385,0.75276464,-0.70184594,-0.63185282,-0.24792335,-0.15021388,-0.98366362,0.51220616,0.14660495,-0.98401755,0.16114562,-0.98401755,-0.99971048,-0.20132771,-0.98492081,20,"laying"
0.74206795,0.80321518,-0.54137227,0.78923435,0.25731554,-0.44492145,0.62312109,0.62225776,0.6100526,-0.65158672,-0.11763787,-0.95131545,-0.50671172,0.51586786,-0.76864426,-0.99327493,0.75502576,-0.70491888,-0.52502872,-0.24799671,-0.23133968,-0.99093589,0.51531928,0.21730453,-0.99073528,-0.0023048494,-0.99073528,-0.9998625,-0.25577289,-0.99484653,20,"laying"
0.74070087,0.80302296,-0.54014894,0.78814433,0.25392132,-0.44591306,0.62415088,0.62340171,0.6100526,-0.65158672,-0.19553971,-0.95056648,-0.6074109,0.61090778,-0.77157133,-0.99418046,0.7562868,-0.70669158,-0.6141624,-0.24520626,-0.082585077,-0.99344426,0.51882473,0.062116242,-0.99377143,-0.12965713,-0.99377143,-0.99991699,-0.10417836,-0.99610317,20,"laying"
0.74077466,0.80302296,-0.54039449,0.78826583,0.25429944,-0.44582548,0.62410881,0.62322542,0.60999462,-0.6514787,0.058791351,-0.95100953,-0.61042229,0.61737347,-0.77024525,-0.99231166,0.75556466,-0.70564934,-0.62403876,-0.24563703,0.04206717,-0.9915556,0.51667944,-0.090081704,-0.99274042,-0.27319327,-0.99274042,-0.9998998,0.068935442,-0.99486423,20,"laying"
0.74085706,0.80348456,-0.5409142,0.78878417,0.2559124,-0.4453296,0.62390571,0.62269618,0.61002755,-0.65312303,0.4513515,-0.95113332,-0.32167836,0.32139733,-0.77017455,-0.98777061,0.75534336,-0.70535354,-0.32084791,-0.24692874,0.21884301,-0.98239254,0.51610407,-0.30276014,-0.98492064,-0.28248462,-0.98492064,-0.99973364,0.30766554,-0.99587346,20,"laying"
0.84054219,0.83611626,-0.61670109,0.84993385,0.45487229,-0.38573055,0.50523331,0.55105347,0.57427781,-0.43075089,-0.090591862,-0.99906818,-0.83937064,0.87593753,-0.42489832,-0.76133974,0.580216,-0.45730157,-0.91250516,-0.40972485,-0.64229593,-0.78579484,0.085940981,0.60934072,-0.75826775,-0.88616803,-0.75826775,-0.96861602,-0.59900996,-0.88210691,20,"laying"
0.79134398,0.83611626,-0.59128564,0.82728148,0.37865801,-0.41220208,0.55965677,0.58094331,0.57427781,-0.42548798,-0.25124673,-0.99980684,-0.50656084,0.51856431,-0.5224196,-0.96032352,0.58316253,-0.46152361,-0.53066332,-0.34529025,-0.40303113,-0.95021027,0.091066387,0.34879271,-0.94556879,-0.53693479,-0.94556879,-0.99797808,-0.33241722,-0.91221974,20,"laying"
0.78157663,0.83722666,-0.58933492,0.82756103,0.37954303,-0.41429026,0.58249251,0.58467498,0.57903177,-0.43716969,0.4543216,-0.99988121,-0.80466579,0.81474428,-0.52287308,-0.9769497,0.5897128,-0.47078133,-0.82471456,-0.33684509,-0.38076111,-0.97183524,0.095375608,0.32597008,-0.97573778,-0.50168244,-0.97573778,-0.99946095,-0.310711,-0.97551101,20,"laying"
0.78123524,0.83538416,-0.58439303,0.82387007,0.36753559,-0.41936104,0.58297757,0.59088097,0.58257578,-0.45342351,0.015645696,-0.99973576,-0.77049951,0.77137456,-0.53825799,-0.98158212,0.60222537,-0.48852702,-0.7719958,-0.32252746,0.05751181,-0.97813702,0.11044685,-0.15980705,-0.98078281,-0.26459561,-0.98078281,-0.99962088,0.19505688,-0.98822659,20,"laying"
0.77297041,0.83538416,-0.58062329,0.82134844,0.35933368,-0.42300649,0.59525507,0.59556659,0.58257578,-0.46492485,-0.11734933,-0.99907702,-0.65668044,0.65869249,-0.55737802,-0.98400327,0.61385868,-0.50504662,-0.66059976,-0.31169037,-0.046362212,-0.98742818,0.14686583,-0.032161325,-0.98585308,-0.33147104,-0.98585308,-0.99975645,0.049772912,-0.99611297,20,"laying"
0.77303941,0.83573036,-0.58094689,0.82191752,0.36117699,-0.42242274,0.5962881,0.59509416,0.58252956,-0.46496838,-0.27509951,-0.99853993,-0.54720566,0.54408224,-0.57399359,-0.99615736,0.62048607,-0.51446478,-0.5407815,-0.31279224,0.29794414,-0.99563524,0.1652594,-0.37379592,-0.99570637,-0.13323778,-0.99570637,-0.99994696,0.36419597,-0.99701568,20,"laying"
0.77303941,0.8363239,-0.58103711,0.82183988,0.36092526,-0.42231025,0.5962881,0.59485543,0.582228,-0.46560598,-0.32945986,-0.99850015,-0.58656197,0.58564095,-0.58069054,-0.99623346,0.62092344,-0.51507822,-0.58443513,-0.31334905,0.37423793,-0.9953413,0.16559028,-0.45221572,-0.99505999,0.049178476,-0.99505999,-0.99993754,0.44059954,-0.9974186,20,"laying"
0.77309911,0.8363239,-0.58066095,0.82186622,0.36101062,-0.42257309,0.59661778,0.59540068,0.582228,-0.47613005,0.17885234,-0.99816057,-0.63852926,0.64547313,-0.58069054,-0.98975226,0.62377037,-0.51913591,-0.65239185,-0.31207827,0.22597302,-0.98765538,0.17492143,-0.22618291,-0.98960109,-0.11436819,-0.98960109,-0.9998403,0.14146526,-0.99237242,20,"laying"
0.77506579,0.83655769,-0.58130311,0.8227361,0.36383202,-0.42174442,0.59508296,0.59466577,0.58220649,-0.47684144,0.065090729,-0.99777271,-0.82880435,0.8333696,-0.58077323,-0.96180916,0.62699996,-0.52373983,-0.83770693,-0.31378982,-0.089308627,-0.96458777,0.18417303,0.10922572,-0.96325678,-0.12622509,-0.96325678,-0.99895697,-0.19427622,-0.99179587,20,"laying"
0.77559156,0.83727079,-0.58261715,0.82399951,0.36793395,-0.42061005,0.59508296,0.59345724,0.58149484,-0.47684144,0.44134659,-0.99830166,-0.85877335,0.85992056,-0.57524041,-0.95941959,0.62221153,-0.5169489,-0.86070315,-0.31660355,-0.17745447,-0.96563654,0.17131614,0.12727574,-0.96183447,-0.13618121,-0.96183447,-0.99888972,-0.13101805,-0.99418756,20,"laying"
0.77559156,0.83682284,-0.58171783,0.82354071,0.36644517,-0.42132326,0.59509653,0.59449423,0.58294638,-0.5002043,0.13889567,-0.99759885,-0.74141991,0.7386485,-0.57524041,-0.97204763,0.62680124,-0.52348441,-0.73555367,-0.3141867,-0.0083730237,-0.97595951,0.18540849,-0.075794968,-0.9741355,-0.27231943,-0.9741355,-0.99940509,0.096720038,-0.99596972,20,"laying"
0.77431683,0.83682284,-0.57974862,0.82231744,0.36247341,-0.42217154,0.59654821,0.59577837,0.58294638,-0.51279021,0.1584485,-0.99465256,-0.65460064,0.65340895,-0.58642687,-0.96835582,0.64510281,-0.54951317,-0.65206215,-0.31119638,-0.017764441,-0.97435109,0.23556964,-0.057711951,-0.96976824,-0.20826638,-0.96976824,-0.99923926,0.069866698,-0.99851481,20,"laying"
0.77396203,0.83682764,-0.57979369,0.82268804,0.36367551,-0.4212968,0.59587943,0.59498432,0.58282593,-0.5128671,-0.27489374,-0.99281051,-0.826391,0.82559588,-0.62171608,-0.99198855,0.65465752,-0.5631155,-0.82447559,-0.31304837,-0.13948141,-0.99485232,0.26061072,0.14075869,-0.99393277,-0.18953034,-0.99393277,-0.9999199,-0.20202671,-0.99767735,20,"laying"
0.77412774,0.83747536,-0.58069712,0.82323789,0.36545931,-0.42053432,0.5956309,0.593947,0.58126299,-0.5128671,-0.19317822,-0.99324919,-0.62466428,0.62242484,-0.62375396,-0.99298031,0.65271669,-0.56033864,-0.61987494,-0.31546503,-0.17786475,-0.99384163,0.25399238,0.17933555,-0.99336091,-0.15026702,-0.99336091,-0.99991047,-0.2377656,-0.99702421,20,"laying"
-0.32214662,-0.29779071,0.29722547,-0.31019818,-0.83530092,0.058166957,-0.087424665,-0.052477949,-0.031869852,0.92559633,-0.20863911,0.79383776,-0.53517017,0.5986869,0.86161315,-0.51702819,-0.70617787,0.92280966,-0.66217634,-0.99210778,-0.38262059,-0.38311506,-0.13158165,0.42530824,-0.35157309,-0.4830895,-0.35157309,-0.7853125,-0.51337092,-0.24490356,20,"walking"
-0.32524251,-0.29015234,0.30197633,-0.31503351,-0.82983465,0.075592671,-0.087424665,-0.077009218,-0.056921696,0.92044851,-0.23042048,0.75802103,-0.49383291,0.56272518,0.85140624,-0.49182302,-0.69366646,0.90879238,-0.63044338,-0.98629146,-0.15481346,-0.28109176,-0.079855843,0.19906558,-0.27897341,-0.40031348,-0.27897341,-0.73536935,-0.30122814,-0.36456884,20,"walking"
-0.33481233,-0.29015234,0.3055212,-0.31927911,-0.82498186,0.076345988,-0.087390571,-0.077884693,-0.079607805,0.92044851,-0.295281,0.74383751,-0.082688518,0.16112757,0.83144489,-0.43873312,-0.68840622,0.90322497,-0.2313614,-0.9861504,0.10192015,-0.21972974,-0.076692889,-0.067091992,-0.24208216,-0.33798673,-0.24208216,-0.70798647,-0.036770192,-0.3006545,20,"walking"
-0.33225218,-0.29268599,0.30578781,-0.32011917,-0.82399301,0.080216645,-0.092253762,-0.083533114,-0.079607805,0.92258205,-0.26168948,0.74714649,-0.1587696,0.2308577,0.83495589,-0.50405378,-0.68650268,0.90453216,-0.29680666,-0.98416321,-0.16040728,-0.30111291,-0.056804973,0.20320773,-0.30237056,-0.31471405,-0.30237056,-0.75204384,-0.30306821,-0.10162986,20,"walking"
-0.32931984,-0.29453288,0.30342235,-0.31764682,-0.82682859,0.08682865,-0.098657808,-0.093231198,-0.091720797,0.92309484,-0.28864954,0.75748363,-0.27316723,0.34403329,0.84270366,-0.53812261,-0.68695933,0.90859941,-0.41028221,-0.98063551,-0.29625389,-0.39510709,-0.029783909,0.33875496,-0.3421223,-0.30547357,-0.3421223,-0.77907335,-0.43156006,-0.21448444,20,"walking"
-0.32931984,-0.30084407,0.30625125,-0.32233935,-0.82127809,0.091256637,-0.10281949,-0.099804651,-0.10084634,0.91972119,-0.31117397,0.75916271,-0.49718485,0.55992295,0.84270366,-0.57276797,-0.68101142,0.90926137,-0.62137404,-0.9779853,-0.34145673,-0.42142236,0.0017968148,0.39315156,-0.36588043,-0.30996112,-0.36588043,-0.79439487,-0.49255316,-0.31066523,20,"walking"
-0.33710981,-0.30084407,0.30978726,-0.32615085,-0.81686892,0.090911014,-0.10281949,-0.098918293,-0.098174311,0.91548552,-0.37108337,0.74069885,-0.41751655,0.48611479,0.83714017,-0.48149158,-0.67629221,0.90197758,-0.55259522,-0.97834011,-0.21445107,-0.24743475,-0.0042273042,0.28258323,-0.24363629,-0.30584934,-0.24363629,-0.70913954,-0.40680331,-0.23249675,20,"walking"
-0.33646255,-0.29641914,0.30654808,-0.32106243,-0.82289354,0.085615594,-0.09623563,-0.091188566,-0.091385178,0.91548552,-0.38582975,0.74207647,-0.298768,0.37644772,0.83790014,-0.41456466,-0.68316368,0.9025197,-0.45015346,-0.98143045,-0.093608848,-0.12980299,-0.037657384,0.14874951,-0.17420248,-0.24328881,-0.17420248,-0.65409135,-0.2658082,-0.15919624,20,"walking"
-0.33646255,-0.3090005,0.30734277,-0.3247092,-0.81851583,0.084525286,-0.10370175,-0.090430368,-0.091385178,0.92229114,-0.33665369,0.77056991,-0.39926082,0.46908299,0.8519532,-0.40047517,-0.68253237,0.91372522,-0.5364614,-0.9816827,-0.25053644,-0.18892918,-0.008232606,0.28855315,-0.18539274,-0.33795193,-0.18539274,-0.66309231,-0.37894768,-0.10918929,20,"walking"
-0.33909515,-0.3090005,0.31146915,-0.3328008,-0.80884166,0.089118671,-0.10420756,-0.097775292,-0.092363626,0.93277225,-0.2906491,0.78747476,-0.33671229,0.41001707,0.8519532,-0.4099402,-0.67478297,0.92035221,-0.48122373,-0.97874731,-0.271808,-0.14957928,0.046110534,0.31276923,-0.14039774,-0.30450187,-0.14039774,-0.62555066,-0.40486266,-0.1735738,20,"walking"
-0.33713327,-0.3086577,0.31062761,-0.33047208,-0.81166846,0.088167019,-0.10420756,-0.096029557,-0.093976402,0.9300979,-0.22231144,0.77640489,-0.17106053,0.2610114,0.85097872,-0.4596918,-0.67637571,0.9160232,-0.34701374,-0.97946127,-0.14705429,-0.21776749,0.026797486,0.19067919,-0.18179711,-0.21160981,-0.18179711,-0.66031212,-0.29304802,-0.14213404,20,"walking"
-0.33647178,-0.29945768,0.30758378,-0.32479552,-0.81849158,0.085824046,-0.093873688,-0.092214581,-0.093976402,0.92680876,-0.12517477,0.76658332,-0.26294306,0.35037109,0.84507597,-0.47834987,-0.68163428,0.91217926,-0.43450239,-0.9810483,-0.17249085,-0.31165922,-0.0062034188,0.21865895,-0.25014224,-0.16996718,-0.25014224,-0.71407671,-0.32220505,-0.16253165,20,"walking"
-0.33647178,-0.30306335,0.31094097,-0.32806162,-0.81458213,0.086768399,-0.093873688,-0.093105839,-0.095948573,0.9109332,-0.10732418,0.74443587,-0.45984262,0.52072767,0.84507597,-0.50428367,-0.67655833,0.90342343,-0.58063832,-0.98071169,-0.16019644,-0.29714432,-0.011789382,0.20757734,-0.2747438,-0.15497987,-0.2747438,-0.7322852,-0.31320423,-0.037726285,20,"walking"
-0.33594454,-0.30306335,0.31005578,-0.3264706,-0.81646568,0.088582989,-0.099623066,-0.095580642,-0.095948573,0.9109332,-0.16572597,0.74094284,-0.40945874,0.46515397,0.85310808,-0.46116546,-0.67698226,0.9020405,-0.52031592,-0.97969959,-0.13703601,-0.30108632,-0.012156408,0.17753405,-0.23615102,-0.16715444,-0.23615102,-0.7034708,-0.27685195,-0.086665377,20,"walking"
-0.28816221,-0.29149629,0.28659841,-0.29465008,-0.85169731,0.071919575,-0.097313994,-0.072115502,-0.052310393,0.92656511,-0.31162513,0.79849549,-0.59002081,0.65030674,0.8691063,-0.39282329,-0.71662831,0.92457679,-0.71062409,-0.98725174,-0.32261324,-0.21148517,-0.11793329,0.35684263,-0.18108179,-0.4854229,-0.18108179,-0.65962442,-0.44001272,-0.22976594,20,"walking"
-0.31687454,-0.29623186,0.3046073,-0.31937678,-0.82474967,0.088379912,-0.099657541,-0.095469111,-0.078460521,0.91136776,-0.28052937,0.75566518,-0.54285122,0.60689794,0.84834116,-0.39612964,-0.68461616,0.90787611,-0.67062102,-0.97964957,-0.28524995,-0.17883989,-0.020496993,0.35472565,-0.17966757,-0.35361713,-0.17966757,-0.65860941,-0.47734059,-0.19539553,20,"walking"
-0.33289689,-0.29623186,0.30808288,-0.32277404,-0.82086283,0.093211595,-0.10404962,-0.10184726,-0.10589125,0.90943499,-0.27314663,0.73089167,-0.44964843,0.526963,0.83806345,-0.48909355,-0.67755961,0.89807492,-0.6033403,-0.97714638,-0.20079792,-0.29127534,-0.013075607,0.27596278,-0.24413567,-0.26272004,-0.24413567,-0.70944169,-0.40845665,-0.030824808,20,"walking"
-0.32812399,-0.29537805,0.30339195,-0.31616184,-0.82854488,0.094547202,-0.10934514,-0.10372108,-0.10589125,0.90943499,-0.24714137,0.73667696,-0.41423513,0.50022679,0.84121626,-0.45652634,-0.68335381,0.90035841,-0.58503555,-0.97632517,-0.14351145,-0.2593533,-0.021633784,0.19874569,-0.2317321,-0.3185185,-0.2317321,-0.69996045,-0.31405675,-0.32357797,20,"walking"
-0.32812399,-0.30140173,0.30478363,-0.32015603,-0.82382737,0.094863934,-0.10934514,-0.10492112,-0.10679697,0.92125198,-0.25290996,0.75808589,-0.3805756,0.47334166,0.84121626,-0.39016066,-0.68128907,0.90883647,-0.56476169,-0.9758004,-0.2319573,-0.15255924,0.0087222854,0.29062023,-0.17664987,-0.24887325,-0.17664987,-0.65554731,-0.40453379,-0.20526697,20,"walking"
-0.33529971,-0.30140173,0.30966279,-0.3267521,-0.81615218,0.095095148,-0.10901441,-0.10515974,-0.10905197,0.91999487,-0.28014842,0.74738791,-0.35594091,0.4405621,0.83972023,-0.40204912,-0.67447708,0.90462005,-0.52124173,-0.97570685,-0.30254331,-0.19514086,0.019164373,0.34087614,-0.19290919,-0.29725319,-0.19290919,-0.66939855,-0.42826512,-0.053443643,20,"walking"
-0.33900353,-0.30005625,0.30898756,-0.32519052,-0.81802646,0.097382008,-0.11156458,-0.10819772,-0.10906434,0.91764367,-0.34397203,0.74017218,-0.36980801,0.451834,0.83637888,-0.32690249,-0.67427474,0.90177156,-0.53082551,-0.97434593,-0.25286158,-0.12178328,0.017563916,0.31159504,-0.12667252,-0.18246218,-0.12667252,-0.61366761,-0.42369668,-0.037285524,20,"walking"
-0.33957564,-0.30891796,0.31142766,-0.33134995,-0.81057512,0.099608114,-0.11277393,-0.1124043,-0.1175229,0.91764367,-0.45323238,0.76593039,-0.45667028,0.54411573,0.85288347,-0.41082431,-0.66981149,0.91188757,-0.63068849,-0.97244557,-0.27269181,-0.21620406,0.064983347,0.34574809,-0.17658159,-0.12975194,-0.17658159,-0.65600925,-0.47205455,-0.13899032,20,"walking"
-0.34942199,-0.30891796,0.31387266,-0.33544541,-0.8056736,0.096852375,-0.11277393,-0.10867704,-0.1044389,0.91505585,-0.29362479,0.77081175,-0.56579441,0.64351818,0.85288347,-0.4724989,-0.66783374,0.9138081,-0.72129144,-0.97409546,-0.24281357,-0.25730311,0.06983858,0.29995232,-0.26849348,-0.3849827,-0.26849348,-0.72770093,-0.41015613,-0.31402426,20,"walking"
-0.3385315,-0.30694326,0.31150841,-0.32911346,-0.81333495,0.088103525,-0.10934775,-0.095095567,-0.08813104,0.91501688,-0.15098786,0.74569954,-0.48819654,0.56170448,0.84456218,-0.46086612,-0.67518225,0.90394535,-0.63450527,-0.97973624,-0.1827459,-0.23617718,-0.0026126703,0.23518095,-0.23238371,-0.35912764,-0.23238371,-0.70057818,-0.3438121,-0.52446568,20,"walking"
-0.3385315,-0.31996771,0.31241558,-0.32907186,-0.8133165,0.092861029,-0.13897696,-0.10143919,-0.08813104,0.90761191,-0.22310825,0.72715089,-0.49469234,0.56605389,0.83310486,-0.36005758,-0.67175371,0.89660082,-0.63629779,-0.97664078,-0.37077254,-0.17336664,0.00010187228,0.4224943,-0.1763928,-0.41103824,-0.1763928,-0.65570301,-0.5207215,-0.044366797,20,"walking"
-0.33883449,-0.32890754,0.32184805,-0.34426211,-0.79440474,0.1163824,-0.156616,-0.13572084,-0.099929853,0.90761191,-0.28614755,0.71906443,-0.52865047,0.59602195,0.82891413,-0.40329122,-0.64655771,0.8933956,-0.6622426,-0.95954907,-0.42330238,-0.14978996,0.12679227,0.47930669,-0.19324725,-0.37492377,-0.19324725,-0.66967732,-0.57865085,-0.16060809,20,"walking"
-0.35599804,-0.32890754,0.3238584,-0.3487169,-0.78897769,0.1253515,-0.156616,-0.14926724,-0.14325867,0.9117199,-0.33825568,0.72617574,-0.27763411,0.36062901,0.82600453,-0.47322565,-0.63851416,0.8962281,-0.4382984,-0.95245306,-0.32981385,-0.24351692,0.18053341,0.3970029,-0.24913827,-0.37514221,-0.24913827,-0.71334337,-0.51365048,-0.18351615,20,"walking"
-0.24603039,-0.31062726,0.26853384,-0.26424239,-0.88086777,0.055282987,-0.062935208,-0.047220568,-0.02868465,0.91155635,-0.4698631,0.76098105,-0.60878452,0.68034012,0.87302872,0.048898497,-0.74780133,0.90983983,-0.75207001,-0.99382264,-0.36294519,0.29492291,-0.29536817,0.4432183,0.24103187,-0.45749961,0.24103187,-0.22518888,-0.57355439,-0.34923174,20,"walking_downstairs"
-0.24132254,-0.22229437,0.24163566,-0.2294395,-0.91365919,0.063372178,-0.062935208,-0.059554728,-0.06060578,0.91574672,-0.42382594,0.84261095,-0.6208876,0.70113894,0.88780747,0.073558957,-0.78276279,0.9415771,-0.78205934,-0.99154855,-0.20972645,0.35273686,-0.29589281,0.28942573,0.26952023,-0.26171547,0.26952023,-0.18943017,-0.4284914,-0.38255982,20,"walking_downstairs"
-0.24132254,-0.21567566,0.23872345,-0.22632759,-0.91626729,0.071643512,-0.10185628,-0.07176679,-0.06060578,0.94257199,-0.42070049,0.86160517,-0.65312563,0.7214363,0.88780747,0.1306291,-0.78304094,0.94893566,-0.78958683,-0.98734496,-0.16772368,0.43703327,-0.25756201,0.20132843,0.32491796,-0.30017178,0.32491796,-0.11776799,-0.29258316,-0.029423977,20,"walking_downstairs"
-0.24718243,-0.21896961,0.24831768,-0.238152,-0.9063983,0.079516233,-0.10185628,-0.082267989,-0.065700955,0.93760295,-0.44369191,0.81446151,-0.565278,0.63713248,0.88575506,0.24602215,-0.76602306,0.93078353,-0.70812445,-0.98421243,-0.25641017,0.25535875,-0.23229697,0.30025951,0.41158266,-0.32025725,0.41158266,0.00043340282,-0.39647498,-0.14829388,20,"walking_downstairs"
-0.25646854,-0.2324909,0.25625597,-0.24856646,-0.89737471,0.075734827,-0.096272895,-0.076577788,-0.067133385,0.93206872,-0.44268579,0.79285489,-0.50065506,0.56351221,0.86037675,0.13478497,-0.75708763,0.92244644,-0.62398484,-0.98635636,-0.28352334,0.47428358,-0.23525164,0.32805093,0.385788,-0.2327848,0.385788,-0.035544267,-0.42372728,-0.2629339,20,"walking_downstairs"
-0.25646854,-0.2324909,0.25827309,-0.25128548,-0.89492543,0.075285662,-0.089175298,-0.075894072,-0.060193848,0.92848162,-0.46283672,0.78856406,-0.62696536,0.6848427,0.8604472,0.11869386,-0.75452925,0.92076069,-0.74196752,-0.98660877,-0.29316686,0.4516517,-0.23293637,0.33924016,0.30940214,-0.27852961,0.30940214,-0.13819228,-0.43638975,-0.26586025,20,"walking_downstairs"
-0.23850186,-0.23200501,0.24877694,-0.23847653,-0.90587049,0.060469766,-0.089175298,-0.055079175,-0.037013663,0.92848162,-0.45645296,0.81567977,-0.60917571,0.67304377,0.87750378,0.050576263,-0.77394148,0.93124052,-0.73591609,-0.99176528,-0.31101621,0.29565334,-0.30318733,0.3653825,0.23033396,-0.43450286,0.23033396,-0.23837439,-0.47017602,-0.063980194,20,"walking_downstairs"
-0.30747874,-0.35149754,0.30742798,-0.32102373,-0.82109192,0.12682654,-0.17010798,-0.14903967,-0.12067244,0.88664972,-0.42201932,0.70046639,-0.61208272,0.67548125,0.83357521,-0.084344492,-0.65928858,0.88590124,-0.73823628,-0.95164175,-0.28706913,0.06696636,0.084863408,0.36185176,0.095698958,-0.46265699,0.095698958,-0.39472555,-0.4914975,-0.59035854,20,"walking_downstairs"
-0.30747874,-0.27847449,0.28557023,-0.29275998,-0.85440399,0.14142112,-0.17440165,-0.17103163,-0.16366307,0.90737214,-0.49582398,0.74951817,-0.49905046,0.56924605,0.84177501,0.023265798,-0.67680691,0.90544435,-0.63762081,-0.93825462,-0.20978228,0.083385807,0.10445424,0.29924494,0.16000441,-0.35303487,0.16000441,-0.32227868,-0.4485073,-0.34882332,20,"walking_downstairs"
-0.30861685,-0.29688526,0.28845455,-0.2990475,-0.84744995,0.14408899,-0.18204127,-0.1762351,-0.17604801,0.92217404,-0.46668135,0.77065748,-0.43775902,0.50754552,0.84980903,0.057240935,-0.67115159,0.91377025,-0.57517405,-0.9345443,-0.27637948,0.40259397,0.15144295,0.34716241,0.28355556,-0.028700433,0.28355556,-0.17163091,-0.47236509,0.07883656,20,"walking_downstairs"
-0.30861685,-0.29968697,0.29775116,-0.31157737,-0.83352847,0.14408101,-0.18204127,-0.17579371,-0.168919,0.9096416,-0.48607343,0.74854114,-0.57123018,0.63869804,0.84980903,-0.033967805,-0.65953511,0.90502887,-0.70534581,-0.93483995,-0.33964636,0.25071384,0.16748069,0.38365058,0.2102699,-0.1075009,0.2102699,-0.26272245,-0.47580397,-0.3972294,20,"walking_downstairs"
-0.31205637,-0.29968697,0.29733485,-0.31028865,-0.83497622,0.13812949,-0.17622184,-0.166909,-0.16582388,0.9096416,-0.47611292,0.74611542,-0.65685123,0.71954002,0.84979098,-0.028500308,-0.66448676,0.90407965,-0.78204576,-0.94105916,-0.43842238,0.2838252,0.13841517,0.48721895,0.20932675,-0.23380725,0.20932675,-0.26388856,-0.57766118,-0.38546688,20,"walking_downstairs"
-0.31205637,-0.29590461,0.29800185,-0.31209965,-0.83293071,0.13448715,-0.17034095,-0.16222649,-0.15411397,0.92012301,-0.42856787,0.75852968,-0.64681756,0.71332842,0.84979098,0.066800039,-0.66626422,0.90899948,-0.7795495,-0.94418535,-0.3708456,0.27713074,0.1402817,0.41765456,0.256268,-0.41267803,0.256268,-0.20617537,-0.51071191,-0.32895033,20,"walking_downstairs"
-0.31281707,-0.29590461,0.29545436,-0.30757381,-0.83796699,0.12771331,-0.17034095,-0.15205905,-0.1461344,0.92012301,-0.42344261,0.75685798,-0.50655892,0.58571717,0.8414148,-0.0034978839,-0.67428143,0.90835066,-0.66169995,-0.95054217,-0.31791351,0.21080912,0.099575477,0.36990536,0.12680607,-0.45510309,0.12680607,-0.36015187,-0.47197509,-0.62528143,20,"walking_downstairs"
-0.30108148,-0.36808143,0.31449217,-0.32828489,-0.811364,0.12197134,-0.15507606,-0.14099299,-0.12093894,0.86443609,-0.47721756,0.66593133,-0.7140955,0.76376651,0.84390486,0.011628584,-0.6530581,0.87186603,-0.81372242,-0.95723626,-0.24046489,0.27286067,0.056091769,0.28951652,0.18924224,-0.47344999,0.18924224,-0.28800229,-0.39494602,-0.5995232,20,"walking_downstairs"
-0.29526091,-0.28932858,0.2844349,-0.28977396,-0.85740351,0.11445941,-0.15230231,-0.13205468,-0.12631788,0.87818264,-0.41991167,0.75506027,-0.7389627,0.79459491,0.85404746,-0.14755832,-0.69744493,0.90747484,-0.85076769,-0.96232478,-0.3667233,-0.038647497,-0.0038992796,0.39915236,-0.049005027,-0.35426277,-0.049005027,-0.54274651,-0.47747285,-0.56342615,20,"walking_downstairs"
-0.27849081,-0.26156814,0.27362959,-0.27646331,-0.87097098,0.10487666,-0.1241203,-0.11941303,-0.11885834,0.93752747,-0.40888514,0.80277483,-0.55674944,0.61054174,0.86051029,-0.2152162,-0.71769579,0.92631139,-0.66175515,-0.96902103,-0.41213416,-0.0034105393,-0.037603704,0.42664432,-0.041298211,-0.39314302,-0.041298211,-0.53519973,-0.48212502,-0.19401398,20,"walking_downstairs"
-0.27849081,-0.28811922,0.28155336,-0.28818061,-0.85819997,0.10983218,-0.14209438,-0.12670795,-0.11885834,0.93096026,-0.43674319,0.79445688,-0.60045281,0.64686299,0.86051029,-0.085710241,-0.70417154,0.92306442,-0.69172696,-0.96504761,-0.46532787,0.16646487,0.0074647843,0.47565064,0.070603874,-0.47172096,0.070603874,-0.42182536,-0.52348541,0.014120826,20,"walking_downstairs"
-0.27635707,-0.28811922,0.2844468,-0.29371851,-0.85252204,0.1083246,-0.14209438,-0.12522516,-0.11376545,0.93096026,-0.49432254,0.81007513,-0.68154858,0.73244592,0.87283213,-0.14304418,-0.70128681,0.92909016,-0.7830486,-0.96571328,-0.41583504,0.074074916,0.030128589,0.43232016,0.050378612,-0.39202678,0.050378612,-0.44311974,-0.49039233,-0.26080565,20,"walking_downstairs"
-0.27635707,-0.27556088,0.27223356,-0.27627226,-0.87098479,0.10300727,-0.13170666,-0.11759926,-0.11376545,0.93917386,-0.35848568,0.83129887,-0.69140077,0.73861339,0.87283213,-0.08930655,-0.72068824,0.9373395,-0.78529901,-0.96977237,-0.32993529,0.15578488,-0.021762652,0.37501269,0.10808212,-0.3305105,0.10808212,-0.38106069,-0.46960659,-0.2076432,20,"walking_downstairs"
-0.27667273,-0.27363383,0.28004503,-0.28588791,-0.86124402,0.10741556,-0.13170666,-0.12318044,-0.11509084,0.93036917,-0.33483499,0.79630468,-0.62908984,0.68997728,0.86624578,0.028261489,-0.70766388,0.9237578,-0.74962366,-0.96704835,-0.32597961,0.26464246,-0.0068537502,0.3722167,0.16926007,-0.32059601,0.16926007,-0.31152271,-0.46783592,-0.34432856,20,"walking_downstairs"
-0.28313405,-0.27363383,0.28128208,-0.2860134,-0.86116032,0.10269115,-0.13012221,-0.11567926,-0.11199859,0.93036917,-0.36912793,0.77573175,-0.49994936,0.56505805,0.84685416,-0.056159994,-0.70887009,0.91576613,-0.62688134,-0.97072386,-0.32225055,0.069819401,-0.041924149,0.35676623,0.068061714,-0.35701122,0.068061714,-0.424516,-0.43957203,-0.58884187,20,"walking_downstairs"
-0.28395842,-0.4080746,0.33768033,-0.36697929,-0.75748104,0.16744545,-0.2883083,-0.20853059,-0.1435751,0.79971245,0.03055611,0.65606598,-0.67319179,0.72884498,0.8679765,-0.4529727,-0.5912731,0.86682619,-0.78533591,-0.90284792,-0.67113545,-0.37152343,0.33194479,0.67975959,-0.34032339,-0.66044129,-0.34032339,-0.77792425,-0.7119644,-0.70573145,20,"walking_upstairs"
-0.3960956,-0.40860057,0.38695398,-0.43081434,-0.670941,0.21869786,-0.2987689,-0.27777491,-0.21828659,0.78394175,-0.019684595,0.46974214,-0.63027328,0.69649586,0.79888614,-0.38325619,-0.48735549,0.78989927,-0.76373466,-0.83982853,-0.6485546,-0.25148672,0.54239605,0.67624287,-0.27004802,-0.61540548,-0.27004802,-0.7287959,-0.73031751,-0.54933322,20,"walking_upstairs"
-0.44993871,-0.40860057,0.39483556,-0.43856926,-0.65889973,0.23155175,-0.2987689,-0.29343897,-0.29487103,0.78213824,-0.018054896,0.41578601,-0.52985692,0.60814812,0.70536141,-0.39951935,-0.46625492,0.76685915,-0.68567282,-0.82308888,-0.37841366,-0.32086109,0.56100612,0.41395624,-0.27361989,-0.50924849,-0.27361989,-0.73148425,-0.49072451,-0.43405824,20,"walking_upstairs"
-0.44504718,-0.40777901,0.39202289,-0.43719581,-0.6611199,0.22568036,-0.29189972,-0.28709109,-0.27266991,0.78213824,-0.082318953,0.44615088,-0.55643671,0.62680112,0.72368067,-0.38787731,-0.47494235,0.78004569,-0.69625269,-0.83045447,-0.29998261,-0.25561405,0.56567133,0.32924607,-0.23896538,-0.55398227,-0.23896538,-0.70561773,-0.404615,-0.40950709,20,"walking_upstairs"
-0.43431451,-0.40511759,0.3857386,-0.43060358,-0.67163087,0.21476767,-0.28799748,-0.27332428,-0.26716515,0.80417487,0.034785125,0.48687204,-0.57361589,0.62657452,0.73641297,-0.19957039,-0.49224227,0.79763523,-0.67875244,-0.84586586,-0.49718112,-0.12223142,0.54480707,0.52812979,-0.081492176,-0.45322638,-0.081492176,-0.57314109,-0.59493509,-0.53245784,20,"walking_upstairs"
-0.43431451,-0.44859516,0.39613815,-0.44374351,-0.64963461,0.21524468,-0.29051169,-0.27346938,-0.26716515,0.76712809,-0.010854079,0.45977887,-0.64001964,0.69568652,0.73641297,-0.26324819,-0.47866121,0.78584381,-0.75138059,-0.84567746,-0.62778204,-0.17673393,0.55820361,0.66344294,-0.15338893,-0.46789938,-0.15338893,-0.63662821,-0.72716587,-0.39999548,20,"walking_upstairs"
-0.45469831,-0.45352417,0.418327,-0.47305085,-0.6002435,0.22923486,-0.30492901,-0.29268938,-0.27024477,0.75901801,-0.23317638,0.39241113,-0.62849651,0.68538474,0.71263225,-0.40184413,-0.43847055,0.75647687,-0.74216234,-0.82373561,-0.52212106,-0.3491294,0.63267739,0.54803722,-0.30005141,-0.49271037,-0.30005141,-0.75041796,-0.6084909,-0.63452712,20,"walking_upstairs"
-0.46283887,-0.45352417,0.41824709,-0.47120591,-0.60346866,0.24604137,-0.33700827,-0.31442525,-0.30044223,0.75728222,-0.1848857,0.35670551,-0.50658494,0.56259414,0.67589073,-0.36606977,-0.42385398,0.74067865,-0.61668048,-0.79692427,-0.4672508,-0.2599381,0.65536798,0.48724086,-0.24329644,-0.48138695,-0.24329644,-0.70888617,-0.54496505,-0.64675522,20,"walking_upstairs"
-0.39860616,-0.42882394,0.37180398,-0.41655213,-0.69233532,0.1677715,-0.2655103,-0.21042626,-0.17694144,0.80177961,-0.12386565,0.61093047,-0.68152754,0.72211882,0.81553819,-0.47481896,-0.54696725,0.84924566,-0.76308881,-0.90506054,-0.73878495,-0.38662103,0.43782458,0.75059653,-0.34690158,-0.49767877,-0.34690158,-0.7822623,-0.78131568,-0.80075679,20,"walking_upstairs"
-0.42760464,-0.44878356,0.40232695,-0.45504683,-0.6309207,0.21148742,-0.30784581,-0.27022682,-0.20435876,0.76196339,-0.29972275,0.47341633,-0.6283193,0.68506316,0.79255124,-0.40193074,-0.4738505,0.79135563,-0.74258483,-0.84749179,-0.66169046,-0.276104,0.59083364,0.68885344,-0.26237036,-0.44675092,-0.26237036,-0.72317809,-0.74135324,-0.70344376,20,"walking_upstairs"
-0.47769903,-0.45588199,0.42108193,-0.47823262,-0.59136729,0.23932322,-0.32235776,-0.30756332,-0.27576089,0.75964242,-0.27126274,0.38074528,-0.5961539,0.65002269,0.70301504,-0.35100642,-0.42621568,0.75134686,-0.70357863,-0.80558234,-0.52375281,-0.25819363,0.67662862,0.54519668,-0.2385071,-0.40355727,-0.2385071,-0.70527843,-0.60007577,-0.70838175,20,"walking_upstairs"
-0.46416413,-0.45634334,0.42391012,-0.48061888,-0.58701854,0.23731293,-0.32235776,-0.30392032,-0.27731504,0.75964242,-0.13180505,0.36956422,-0.57112106,0.62355085,0.69946846,-0.3517214,-0.42435144,0.74640851,-0.67519585,-0.80994965,-0.64505953,-0.27010535,0.66387826,0.66006327,-0.22318414,-0.47187954,-0.22318414,-0.6934605,-0.70045693,-0.64270326,20,"walking_upstairs"
-0.45930159,-0.45634334,0.41016649,-0.46102428,-0.62092126,0.22753189,-0.30813559,-0.28949431,-0.27675412,0.76504854,-0.13404816,0.40429476,-0.58384005,0.63956477,0.70411766,-0.33863182,-0.45037418,0.76175449,-0.69471805,-0.82739103,-0.64347262,-0.23016758,0.60162894,0.66490137,-0.20445852,-0.44371055,-0.20445852,-0.67868872,-0.71229217,-0.43062735,20,"walking_upstairs"
-0.45930159,-0.44889356,0.40604005,-0.45835989,-0.62573544,0.23280851,-0.31043352,-0.29862182,-0.27675412,0.78604455,-0.1307123,0.4231489,-0.51816983,0.58768572,0.70411766,-0.31629334,-0.45104794,0.77008802,-0.65550048,-0.81651792,-0.57229412,-0.36182039,0.63480772,0.61692888,-0.23169793,-0.34948304,-0.23169793,-0.70005742,-0.69399308,-0.4656726,20,"walking_upstairs"
-0.46952497,-0.45637334,0.41801381,-0.47648651,-0.59444252,0.24287477,-0.32197296,-0.31402226,-0.30975867,0.76474796,-0.036227914,0.39594067,-0.61719693,0.66811105,0.69871251,-0.4042989,-0.42698291,0.75809465,-0.71853256,-0.79783976,-0.64120649,-0.41737603,0.70212115,0.67671807,-0.33458019,-0.24592705,-0.33458019,-0.77409449,-0.73929322,-0.32811348,20,"walking_upstairs"
-0.48485838,-0.45637334,0.42038253,-0.47736535,-0.59295986,0.24609025,-0.32197296,-0.31685801,-0.31512129,0.76474796,-0.085571305,0.37204529,-0.61792934,0.66459945,0.6893449,-0.40901848,-0.42110221,0.74753199,-0.71055018,-0.794289,-0.5396425,-0.41117388,0.69177372,0.56909248,-0.33479279,-0.37957527,-0.33479279,-0.77421604,-0.63129928,-0.47502361,20,"walking_upstairs"
-0.48485838,-0.44818831,0.42186964,-0.47570191,-0.59596692,0.24420221,-0.32201932,-0.31176837,-0.30803143,0.74710072,-0.20108897,0.35032524,-0.56876419,0.62024093,0.68075749,-0.35689078,-0.4208985,0.73778901,-0.66996887,-0.80069453,-0.37120003,-0.29686336,0.65492143,0.39538895,-0.25931056,-0.45862095,-0.25931056,-0.72090775,-0.46250909,-0.80752078,20,"walking_upstairs"
-0.48732486,-0.44818831,0.42375217,-0.47886491,-0.59039076,0.24668769,-0.32229433,-0.31563465,-0.30803143,0.74710072,-0.188121,0.3465683,-0.65547293,0.69492035,0.68476158,-0.36152386,-0.41628315,0.73609104,-0.73364885,-0.79575685,-0.4506434,-0.38194854,0.67057678,0.47037789,-0.2721627,-0.51705798,-0.2721627,-0.7303712,-0.52798212,-0.8085725,20,"walking_upstairs"
-0.39411453,-0.46080831,0.39085621,-0.44054213,-0.65205098,0.24394195,-0.32728912,-0.31574094,-0.3019187,0.72947303,0.084768061,0.4576602,-0.64871827,0.70325649,0.78121443,-0.44885767,-0.45997939,0.78393135,-0.75858459,-0.79549245,-0.62605727,-0.27668068,0.65878492,0.63856706,-0.32217178,-0.4420302,-0.32217178,-0.76572508,-0.67800836,-0.48145354,20,"walking_upstairs"
-0.46291379,-0.46080831,0.43017095,-0.4857721,-0.57771373,0.25316893,-0.32728912,-0.32340633,-0.31945303,0.72864548,-0.051916682,0.31444511,-0.65060368,0.70749274,0.70836946,-0.42587444,-0.40226827,0.72140706,-0.76505331,-0.78584542,-0.64713766,-0.32374141,0.68186414,0.68247693,-0.31114205,-0.34478398,-0.31114205,-0.75814999,-0.74475766,-0.80854505,20,"walking_upstairs"
-0.50295826,-0.46772709,0.43747221,-0.49377987,-0.56343352,0.25933586,-0.34174046,-0.33071831,-0.31945303,0.71716587,0.0037227484,0.28031808,-0.58294753,0.63007343,0.64157755,-0.33433487,-0.38732723,0.70596405,-0.67654145,-0.77604898,-0.61188976,-0.29793204,0.69345231,0.64520318,-0.24080356,-0.48338343,-0.24080356,-0.70702776,-0.70676229,-0.59824592,20,"walking_upstairs"
-0.45749958,-0.46772709,0.42292519,-0.47909727,-0.58930046,0.25937824,-0.34180472,-0.33377442,-0.32184185,0.71716587,0.10372821,0.33665805,-0.67184046,0.72115888,0.70833597,-0.26254735,-0.40575452,0.73127391,-0.77085623,-0.77198353,-0.60014317,-0.24501747,0.71041547,0.63428721,-0.17122291,-0.47382236,-0.17122291,-0.65163726,-0.69847252,-0.39306346,20,"walking_upstairs"
-0.45633924,-0.4537094,0.40373937,-0.45485773,-0.63166853,0.24688804,-0.34180472,-0.31757863,-0.31033839,0.74205324,0.11307538,0.40398413,-0.66061293,0.72096938,0.70895451,-0.31972423,-0.44131421,0.76156516,-0.78192646,-0.79310332,-0.56068821,-0.22470609,0.65956218,0.60291415,-0.15154714,-0.35396653,-0.15154714,-0.63509843,-0.67836855,-0.5324324,20,"walking_upstairs"
-0.45633924,-0.44923692,0.40740277,-0.45708497,-0.62790471,0.24535794,-0.3489078,-0.31357593,-0.31033839,0.74825957,-0.097895049,0.38190609,-0.57009184,0.63559824,0.70895451,-0.34338365,-0.43813353,0.7518129,-0.70096019,-0.79817328,-0.49112605,-0.28242628,0.63616201,0.53946871,-0.16818908,-0.45655315,-0.16818908,-0.64898906,-0.62564209,-0.2933499,20,"walking_upstairs"
-0.46633642,-0.46663206,0.42465469,-0.48088871,-0.5863335,0.26493377,-0.36882637,-0.34093129,-0.31193066,0.72783807,-0.24929663,0.32036663,-0.61405847,0.67512985,0.67562378,-0.37392233,-0.39838229,0.72419204,-0.73595508,-0.76127633,-0.49103499,-0.27204028,0.720786,0.50854914,-0.2484737,-0.57460669,-0.2484737,-0.71284396,-0.56208832,-0.70664192,20,"walking_upstairs"
-0.49185922,-0.46663206,0.43117302,-0.48931308,-0.57152155,0.27991716,-0.36882637,-0.36101116,-0.3586949,0.72124008,-0.091643079,0.27985166,-0.59815998,0.65061287,0.64887381,-0.34804713,-0.37586363,0.70574691,-0.70189254,-0.73409341,-0.44462073,-0.23370522,0.76184928,0.44804644,-0.22910693,-0.45473484,-0.22910693,-0.69805624,-0.48925129,-0.63644503,20,"walking_upstairs"
-0.28696469,-0.3481062,0.31681898,-0.33801084,-0.80105428,-0.035710713,-0.040138527,0.082755397,0.11929456,0.90116881,0.017324215,0.76169327,-0.47097449,0.47537302,0.91300926,-0.7959933,-0.67429243,0.90992081,-0.47981,-0.98444072,-0.57199882,-0.78956278,-0.016934992,0.5329101,-0.74209765,-0.72316034,-0.74209765,-0.96439798,-0.52112687,-0.79744823,20,"standing"
-0.36649286,-0.37033522,0.34655789,-0.37759372,-0.74984434,-0.028598714,0.034392026,0.072185396,0.11768128,0.89759901,0.27835004,0.69451386,-0.389493,0.41890182,0.81982039,-0.86775347,-0.63415466,0.88358772,-0.44869927,-0.98960801,-0.57139905,-0.84187272,-0.0013654436,0.53324788,-0.82495926,-0.51427269,-0.82495926,-0.98303625,-0.52233195,-0.90849713,20,"standing"
-0.3758683,-0.37033522,0.34900352,-0.38300967,-0.74259646,-0.0039585284,0.027182814,0.037050723,0.05694694,0.89759901,0.72156615,0.71559601,-0.78594564,0.79767139,0.83845774,-0.84341778,-0.63548096,0.89195813,-0.809281,-0.99770281,-0.71457981,-0.83358378,-0.064444309,0.68884612,-0.8316743,-0.5681278,-0.8316743,-0.98425496,-0.68118662,-0.92499688,20,"standing"
-0.3758683,-0.41799154,0.34980492,-0.38491725,-0.73897269,0.0048074708,0.022092929,0.024447411,0.023480623,0.87464092,0.73321254,0.72286952,-0.74347589,0.74750011,0.83845774,-0.75409971,-0.63520299,0.89480729,-0.75132548,-0.99928046,-0.75118623,-0.78736577,-0.087462234,0.72703978,-0.75635453,-0.88347485,-0.75635453,-0.96813796,-0.71863177,-0.86695517,20,"standing"
-0.37735239,-0.43209358,0.38268841,-0.42933443,-0.67121411,-0.010117652,0.022092929,0.045956437,0.084138676,0.86406428,0.86535016,0.65132962,-0.49339948,0.49026563,0.83825928,-0.82030874,-0.58601326,0.86596018,-0.48688351,-0.99533682,-0.77005913,-0.8037053,0.035160103,0.74762619,-0.81097483,-0.83481977,-0.81097483,-0.98038781,-0.73972153,-0.84153106,20,"standing"
-0.43993995,-0.43209358,0.39236911,-0.44280516,-0.65147605,-0.032474986,0.036372081,0.078253418,0.084876763,0.86406428,0.53102895,0.62741914,-0.69515972,0.70513046,0.79510888,-0.92131284,-0.567608,0.8563935,-0.71485248,-0.98901404,-0.80825318,-0.90995682,0.13964508,0.79634298,-0.90746611,-0.81362606,-0.90746611,-0.99481869,-0.79689805,-0.88006866,20,"standing"
-0.43993995,-0.41790821,0.3849454,-0.43316155,-0.66747,-0.032039891,0.060879755,0.077693641,0.084876763,0.87702203,0.31248767,0.64600012,-0.65005554,0.67212641,0.79510888,-0.88596294,-0.57835183,0.8640062,-0.69425118,-0.98947499,-0.73313989,-0.87853341,0.12659974,0.71384857,-0.87608824,-0.77264298,-0.87608824,-0.99113777,-0.71182432,-0.9014634,20,"standing"
-0.44161945,-0.41902892,0.39323899,-0.44460933,-0.64890255,-0.021964362,0.05945009,0.063179365,0.068923962,0.87673056,0.83966295,0.63383815,-0.5950418,0.59253776,0.79479634,-0.93123029,-0.56875031,0.85905216,-0.58973657,-0.99335605,-0.81534375,-0.93266724,0.10937804,0.79917225,-0.9327548,-0.66213572,-0.9327548,-0.99707612,-0.79479784,-0.94746847,20,"standing"
-0.45722805,-0.41902892,0.39444117,-0.44654043,-0.64582,-0.021943276,0.05945009,0.063190475,0.061300832,0.87673056,0.4577832,0.63365328,-0.36886036,0.38227921,0.78753709,-0.92282111,-0.56702502,0.85898131,-0.39561545,-0.99338933,-0.57350805,-0.9132759,0.11451558,0.55693736,-0.91681792,-0.45835594,-0.91681792,-0.9957272,-0.56878295,-0.96026247,20,"standing"
-0.45722805,-0.42352713,0.39439637,-0.44647902,-0.64590821,-0.021526923,0.048368098,0.062588254,0.061300832,0.87652644,0.60441344,0.63386231,-0.35155466,0.40956319,0.78753709,-0.9180804,-0.56717255,0.85906695,-0.4686368,-0.9934634,-0.51707255,-0.89849626,0.11290434,0.52018493,-0.90294789,-0.4546496,-0.90294789,-0.99434701,-0.55726399,-0.8681493,20,"standing"
-0.45912881,-0.42401798,0.3982446,-0.4515572,-0.63747308,-0.013846431,0.047433777,0.051466858,0.058652777,0.87622764,0.81261318,0.62688422,-0.61546932,0.64200162,0.78553764,-0.91911921,-0.56299999,0.856217,-0.66885082,-0.9957302,-0.65731096,-0.89809724,0.091497277,0.65325223,-0.91367271,-0.63374476,-0.91367271,-0.99543123,-0.67285491,-0.90117361,20,"standing"
-0.44992061,-0.42401798,0.39410021,-0.44594949,-0.64670993,-0.010370364,0.047433777,0.046435976,0.039732635,0.87622764,0.71928231,0.63631014,-0.62322337,0.62825017,0.79340548,-0.95854813,-0.56950506,0.86005958,-0.6331859,-0.99670473,-0.56396092,-0.94787003,0.070215075,0.53366507,-0.94728506,-0.65431863,-0.94728506,-0.99808534,-0.53174564,-0.97132767,20,"standing"
-0.44339474,-0.41148378,0.38586155,-0.4348516,-0.66486657,-0.01336769,0.048951294,0.050777045,0.04962007,0.88244394,0.88840574,0.65325514,-0.75639928,0.78804692,0.79655528,-0.78976453,-0.58093632,0.86695817,-0.81982597,-0.99592976,-0.76984288,-0.78014353,0.064942691,0.80048019,-0.78129039,-0.38147791,-0.78129039,-0.9740959,-0.84907976,-0.76701612,20,"standing"
-0.44339474,-0.4160138,0.3862461,-0.43509092,-0.66444636,-0.02044816,0.051897882,0.060980183,0.065875338,0.87557253,0.77813292,0.6484236,-0.70622325,0.73092828,0.79655528,-0.80843291,-0.57911302,0.8649867,-0.75579188,-0.9938162,-0.77990628,-0.7738146,0.089065087,0.80490755,-0.79429551,-0.62991685,-0.79429551,-0.97696069,-0.8469327,-0.69347527,20,"standing"
-0.4446882,-0.41863864,0.39337149,-0.444552,-0.64903371,-0.023707351,0.053919899,0.065664648,0.065875338,0.87494495,0.62153252,0.63123178,-0.5932381,0.60245371,0.79513636,-0.9058605,-0.56820146,0.85798574,-0.61164958,-0.99276544,-0.72704727,-0.87889619,0.11381253,0.7268379,-0.8959501,-0.6460481,-0.8959501,-0.99358098,-0.74567814,-0.7944104,20,"standing"
-0.44119825,-0.41863864,0.38969408,-0.4396458,-0.65693138,-0.02352135,0.053268718,0.065404404,0.084819537,0.87494495,0.09008147,0.63947379,-0.34270937,0.37078017,0.79565584,-0.7759542,-0.57352728,0.86134235,-0.39899803,-0.99262671,-0.6006202,-0.78655685,0.10624836,0.59333229,-0.75892932,-0.73189657,-0.75892932,-0.96878046,-0.61334879,-0.77122777,20,"standing"
-0.44119825,-0.40796064,0.38193422,-0.42877615,-0.67458173,-0.032702587,0.053268718,0.078596765,0.08858993,0.88344293,-0.00035022992,0.64952176,-0.30679594,0.33356402,0.79565584,-0.76838549,-0.58249077,0.86544268,-0.36033298,-0.98890068,-0.51501656,-0.77485144,0.11986617,0.50618554,-0.75104145,-0.73670371,-0.75104145,-0.96678849,-0.53051293,-0.82676189,20,"standing"
-0.4352561,-0.39657419,0.37845987,-0.42425601,-0.68170218,-0.032696423,0.067680533,0.078623959,0.08858993,0.88344293,0.38359363,0.65824675,-0.3827656,0.38321355,0.80106939,-0.91093766,-0.58746352,0.86897349,-0.38339208,-0.98912391,-0.47394966,-0.93178104,0.11445337,0.44508793,-0.90963638,-0.76665564,-0.90963638,-0.99503677,-0.45074664,-0.92768964,20,"standing"
-0.4352561,-0.39226865,0.37514091,-0.42035593,-0.6878124,-0.02451714,0.067680533,0.066914838,0.064490703,0.89213014,0.23363081,0.6728808,-0.72779304,0.73117663,0.80123964,-0.98656448,-0.59421661,0.87490095,-0.73430077,-0.99256175,-0.68893429,-0.98199905,0.083972831,0.66831362,-0.98546468,-0.84280142,-0.98546468,-0.99974717,-0.66796251,-0.9551523,20,"standing"
-0.43546136,-0.38956199,0.37543797,-0.42088446,-0.68699341,-0.025425949,0.067854978,0.06824791,0.061581889,0.89601952,0.70839438,0.67301323,-0.55699506,0.57546765,0.80123964,-0.96720457,-0.59358449,0.87495488,-0.59375165,-0.99223636,-0.48908344,-0.9620535,0.089073883,0.46728119,-0.96241743,-0.61890372,-0.96241743,-0.99891718,-0.47929732,-0.92963308,20,"standing"
-0.48196942,-0.56417431,0.45016352,-0.52122725,-0.5066041,0.10964594,-0.17570985,-0.12724808,-0.070730683,0.74382126,0.55067371,0.49009595,-0.51312204,0.5113812,0.77229058,-0.80505106,-0.47158063,0.79817485,-0.50937024,-0.96301073,-0.84483999,-0.7494556,0.40161788,0.83519823,-0.75758211,-0.60002716,-0.75758211,-0.96844535,-0.8356501,-0.80852409,20,"standing"
-0.48196942,-0.46704006,0.42028007,-0.48074682,-0.58692045,0.060325917,-0.12340538,-0.055844074,0.015049045,0.84071154,0.12792514,0.57395559,-0.48233611,0.48531349,0.77229058,-0.79024924,-0.52929179,0.83436993,-0.4878944,-0.98765262,-0.75449801,-0.75848147,0.17988922,0.73978989,-0.75014228,-0.54698112,-0.75014228,-0.96655725,-0.74106742,-0.77624604,20,"standing"
-0.47932155,-0.45379115,0.41908123,-0.47872084,-0.59052555,0.013638037,-0.057807342,0.011678083,0.029959187,0.8506099,0.50438979,0.58029238,-0.43147131,0.42988232,0.77549536,-0.90266288,-0.53529468,0.83699733,-0.42800677,-0.99820859,-0.82018751,-0.92051902,0.077051939,0.80782187,-0.90345524,-0.96991483,-0.90345524,-0.99440255,-0.80714445,-0.73344158,20,"standing"
-0.4777407,-0.44858546,0.40988829,-0.46739178,-0.61047986,-0.0034870415,0.027488843,0.036493278,0.030193144,0.85758575,0.48145165,0.60532206,-0.55967285,0.56166405,0.77648402,-0.97795922,-0.54754149,0.8473614,-0.5635723,-0.99809255,-0.74439913,-0.976324,0.077458672,0.72497033,-0.97702235,-0.80878963,-0.97702235,-0.99950431,-0.72211822,-0.92148707,20,"standing"
-0.4777407,-0.43860315,0.40920985,-0.46650543,-0.61205233,-0.0024341131,0.029085658,0.034969938,0.030193144,0.86668101,0.42631583,0.60710798,-0.33307528,0.3585041,0.77648402,-0.9368605,-0.54862983,0.84810171,-0.3842015,-0.99826838,-0.57466495,-0.93682424,0.072404768,0.55958765,-0.92717458,-0.17386711,-0.92717458,-0.99662994,-0.57305278,-0.87715943,20,"standing"
-0.47996832,-0.43860315,0.41156287,-0.46944337,-0.60697222,0.0043052603,0.012691702,0.025200558,0.026438706,0.86668101,0.45794815,0.6013176,-0.39749205,0.42721305,0.77480279,-0.9281581,-0.54578179,0.84571864,-0.45721452,-0.99912712,-0.65126074,-0.93924718,0.049696113,0.64425,-0.92260179,-0.083999225,-0.92260179,-0.99624592,-0.66090272,-0.87445379,20,"standing"
-0.48289167,-0.43856333,0.41163159,-0.46962842,-0.60665451,0.014202046,0.00011565889,0.010872013,0.017023038,0.8667554,0.51152848,0.60245869,-0.55087125,0.57892566,0.77266571,-0.95717081,-0.54609651,0.84618946,-0.6069442,-0.99979187,-0.67001215,-0.95991223,0.021113686,0.66084661,-0.9510064,-0.32510719,-0.9510064,-0.99831063,-0.67376916,-0.90841477,20,"standing"
-0.48413182,-0.44047449,0.41295505,-0.47170479,-0.6030258,0.02163277,-0.0011815076,0.00010621487,0.0007190008,0.86738104,0.62204957,0.60172865,-0.49867072,0.5230558,0.77266571,-0.97107035,-0.54417614,0.84588849,-0.54746211,-0.99990863,-0.48932084,-0.96595284,0.020202748,0.46464939,-0.96861363,-0.41301891,-0.96861363,-0.99919212,-0.47375771,-0.95766608,20,"standing"
-0.47369361,-0.44047449,0.41091405,-0.46894372,-0.6077994,0.020175275,-0.0011815076,0.0022188427,0.0041523572,0.86738104,0.63459593,0.6060201,-0.55143305,0.57679882,0.77988643,-0.96385704,-0.54715457,0.8476531,-0.6025555,-0.99990906,-0.6198858,-0.9638396,0.016229378,0.60802,-0.96299883,-0.21278491,-0.96299883,-0.99894492,-0.62196876,-0.92940835,20,"standing"
-0.46638924,-0.43712067,0.40361428,-0.45906694,-0.62476262,0.015842548,0.0028537839,0.0084971252,0.0049077281,0.86906747,0.82720588,0.62124001,-0.71582074,0.73894847,0.78489255,-0.9449197,-0.5577329,0.85390093,-0.76230834,-0.99994661,-0.82391271,-0.94769728,-0.0028484706,0.84167654,-0.94525945,-0.81917803,-0.94525945,-0.99795853,-0.87299437,-0.75020474,20,"standing"
-0.44156565,-0.42475019,0.39414616,-0.44631308,-0.64605828,0.019326005,-0.00202771,0.0034501541,0.0049077281,0.87694668,0.9040916,0.64147991,-0.82572435,0.83022053,0.80009422,-0.93592275,-0.57145277,0.86216246,-0.83448556,-0.99989357,-0.88298364,-0.94337511,-0.015505207,0.8802137,-0.93876028,-0.64013947,-0.93876028,-0.99751938,-0.8854399,-0.70389188,20,"standing"
-0.43818023,-0.41742791,0.38337784,-0.43161745,-0.66991225,0.020777035,-0.00202771,0.0013489812,-0.0021510062,0.88181303,0.94065371,0.6630922,-0.72144071,0.71988147,0.80174035,-0.94439187,-0.587035,0.87093578,-0.71800659,-0.99992617,-0.72626692,-0.94780755,-0.043828372,0.69937165,-0.94296582,-0.5148549,-0.94296582,-0.99780753,-0.68974626,-0.9340789,20,"standing"
-0.43818023,-0.407638,0.38252872,-0.43045749,-0.67184706,0.017312198,0.0038445528,0.0063675997,-0.0011041066,0.88803804,0.54195469,0.66480921,-0.52405859,0.52158409,0.80174035,-0.97424074,-0.58828714,0.87163623,-0.51881664,-0.99999521,-0.62348096,-0.97400354,-0.054581509,0.58824977,-0.97471984,-0.826476,-0.97471984,-0.9994257,-0.57682919,-0.97984442,20,"standing"
-0.44585251,-0.40767965,0.38787309,-0.43777711,-0.6601755,0.016291942,0.0092957546,0.0078457107,-2.3437015e-05,0.88798755,0.36737504,0.65424442,-0.6076581,0.6140942,0.79763856,-0.98578542,-0.58053974,0.86736207,-0.62049509,-0.99999036,-0.3995869,-0.98393705,-0.041051618,0.34432577,-0.98458629,-0.26161569,-0.98458629,-0.9997252,-0.32730587,-0.98885049,20,"standing"
-0.4495748,-0.40767965,0.38700803,-0.43660173,-0.66207918,0.015724388,0.010325661,0.0086678785,0.00024207754,0.88798755,0.69866626,0.65601715,-0.67672048,0.68514429,0.79557061,-0.97473828,-0.58178752,0.86808104,-0.69337373,-0.99998232,-0.51600872,-0.97333568,-0.040664066,0.47579612,-0.9749408,-0.50194173,-0.9749408,-0.99943355,-0.46650494,-0.98321969,20,"standing"
0.21366279,0.053442958,-0.058112178,0.20513151,-0.89734119,0.038411962,-0.055495593,-0.023705441,0.0013940759,0.94575717,-0.11764597,0.81980934,-0.28596417,0.35125671,0.86377016,-0.77744065,-0.77738283,0.93291432,-0.4176989,-0.99717741,-0.86253757,-0.74344994,-0.37414418,0.84929131,-0.73393735,-0.76817198,-0.73393735,-0.96223744,-0.84476468,-0.89316712,20,"sitting"
0.21366279,0.25447234,-0.080520554,0.23741173,-0.8740198,0.018548027,-0.032292956,0.0045924201,0.0078640993,0.94191565,-0.20297061,0.80098466,-0.19870569,0.24971802,0.85904634,-0.90498097,-0.74681184,0.92561718,-0.30197167,-0.99960844,-0.83545693,-0.88767278,-0.35172043,0.83668903,-0.88365248,-0.80178293,-0.88365248,-0.99211418,-0.84931929,-0.91992917,20,"sitting"
0.21097315,0.25447234,-0.08219342,0.23919637,-0.87226205,0.01025262,0.01331918,0.016412491,0.012830444,0.94158981,-0.33215742,0.79045443,-0.022661311,0.05064564,0.84992906,-0.95230151,-0.74416555,0.92152216,-0.079410618,-0.99976046,-0.42531501,-0.95570927,-0.3550948,0.37188237,-0.94626144,-0.27236975,-0.94626144,-0.99802231,-0.35485727,-0.96819273,20,"sitting"
0.21097315,0.26386721,-0.085076485,0.24344152,-0.86806092,0.0023102037,0.019650942,0.027741443,0.044434337,0.94037892,-0.39988315,0.78841683,0.054497257,-0.038447602,0.84664063,-0.94901879,-0.73928478,0.92072789,0.022279483,-0.99875261,-0.35481571,-0.94313913,-0.31482221,0.30282606,-0.93861538,-0.035615923,-0.93861538,-0.99750905,-0.29215945,-0.97311958,20,"sitting"
0.21333707,0.26581818,-0.085836553,0.24442666,-0.86706238,-0.013105921,0.024952295,0.049693069,0.05526436,0.93668889,-0.45710655,0.78364268,-0.26236672,0.26627232,0.84664063,-0.94770957,-0.73545286,0.91886253,-0.27021588,-0.99575988,-0.29456126,-0.94569811,-0.25707761,0.23515033,-0.94375753,-0.13810661,-0.94375753,-0.99786013,-0.22087789,-0.98735114,20,"sitting"
0.21343646,0.26656123,-0.087301678,0.24637105,-0.86508795,-0.021061242,0.056913102,0.06099268,0.05526436,0.93668889,-0.57249133,0.77804776,-0.52549507,0.5296223,0.84447671,-0.99218664,-0.73126923,0.91667647,-0.5336827,-0.99391873,-0.35255838,-0.99040326,-0.22580771,0.29990795,-0.99233573,-0.67277499,-0.99233573,-0.99989218,-0.28896205,-0.98718985,20,"sitting"
0.21343646,0.26936888,-0.087535176,0.24673889,-0.86471472,-0.018021706,0.055197842,0.056676062,0.054842569,0.9366895,-0.32216811,0.77907213,-0.54523471,0.5534889,0.84310837,-0.99316554,-0.73178822,0.91707733,-0.56163844,-0.99481565,-0.39364184,-0.99032194,-0.23557229,0.36989257,-0.99243582,-0.41432018,-0.99243582,-0.99989401,-0.38625452,-0.99593034,20,"sitting"
0.21379341,0.26936888,-0.087531549,0.2468287,-0.8646228,-0.016473325,0.055197842,0.054490104,0.047859527,0.93855154,-0.084529855,0.78074289,-0.40926023,0.43216157,0.84325284,-0.99330398,-0.73220114,0.91773092,-0.45494243,-0.99527275,-0.36981311,-0.99087738,-0.23991261,0.36669634,-0.99189221,-0.36239506,-0.99189221,-0.9998846,-0.40711272,-0.99483022,20,"sitting"
0.21393449,0.26992925,-0.08800082,0.24759759,-0.863836,-0.017605158,0.055890997,0.056121964,0.048368446,0.93873532,0.04163734,0.78126809,-0.3373229,0.3660662,0.84351455,-0.99302629,-0.73123577,0.91793623,-0.39427899,-0.99495483,0.025630189,-0.99014978,-0.23306938,-0.041796251,-0.99266538,-0.45748986,-0.99266538,-0.99989857,-0.012482433,-0.99322563,20,"sitting"
0.21393449,0.27021426,-0.088120238,0.24781438,-0.86361392,-0.019586902,0.05865431,0.058953802,0.053613058,0.93859991,-0.21516914,0.78123615,-0.37805453,0.38838331,0.84351455,-0.99210141,-0.73052579,0.91792374,-0.39824546,-0.9943616,-0.048016089,-0.98835252,-0.22493781,-0.0049681668,-0.99168664,-0.3758929,-0.99168664,-0.99988097,-0.0043604364,-0.98854307,20,"sitting"
0.21382837,0.26770837,-0.087294522,0.24661303,-0.86484069,-0.021135619,0.060553575,0.06115136,0.053613058,0.93859991,-0.21064302,0.7814271,-0.2332992,0.23913156,0.84365712,-0.99297678,-0.73125772,0.91799836,-0.24445281,-0.99389914,0.11871446,-0.99123371,-0.22218467,-0.20964924,-0.99270656,-0.22927698,-0.99270656,-0.99989914,0.22853912,-0.9906991,20,"sitting"
0.2129237,0.2676701,-0.086339858,0.24522455,-0.86625694,-0.021667275,0.062786088,0.061899062,0.054737251,0.9390674,-0.19181645,0.78199044,-0.20867046,0.24266979,0.84365712,-0.99642484,-0.73245725,0.91821859,-0.27656473,-0.99373357,0.16534108,-0.99525601,-0.22353386,-0.26131609,-0.99625001,-0.15804594,-0.99625001,-0.99995478,0.28230692,-0.99126682,20,"sitting"
0.21397309,0.2676701,-0.086935885,0.24604191,-0.86542332,-0.022220038,0.063194484,0.062681105,0.054737251,0.93740996,-0.11826039,0.78072008,-0.47654481,0.50359574,0.84349342,-0.99491634,-0.7314462,0.91772189,-0.53105051,-0.99355982,-0.017276907,-0.99295432,-0.22017967,-0.039496366,-0.99388631,-0.089765934,-0.99388631,-0.99991915,0.031324024,-0.99008055,20,"sitting"
-0.1023553,-0.064271644,0.14138207,-0.084568779,-0.99143786,0.068639834,-0.08633663,-0.067620315,-0.020974102,0.99275457,0.48427955,0.94277978,-0.95084446,0.95857849,0.91216107,-0.96496821,-0.90653082,0.97969408,-0.96606149,-0.98877237,-0.84564733,-0.96314786,-0.59445743,0.85064008,-0.96221744,-0.9764578,-0.96221744,-0.99890792,-0.86668895,-0.92818883,20,"sitting"
-0.094744597,-0.055705641,0.13616478,-0.076629125,-0.99333924,0.059048735,-0.08042126,-0.053553649,-0.050638323,0.99310068,0.33792119,0.93087202,-0.59375573,0.59188325,0.90625998,-0.9620431,-0.92143245,0.97523774,-0.58977634,-0.99274898,-0.61094681,-0.96799854,-0.66217487,0.58453176,-0.96350764,-0.77969778,-0.96350764,-0.99896852,-0.58356672,-0.93528797,20,"sitting"
-0.094712365,-0.048820583,0.13284777,-0.071733043,-0.99443844,0.050350592,-0.04479111,-0.041050091,-0.04144375,0.993268,0.20699574,0.93202678,-0.45270241,0.50736651,0.90165734,-0.97412532,-0.93320937,0.97567216,-0.563042,-0.99567297,-0.45630144,-0.97127514,-0.70804576,0.41153605,-0.97355254,-0.66828536,-0.97355254,-0.99938403,-0.40172312,-0.97166953,20,"sitting"
-0.094712365,-0.048407504,0.1340439,-0.073515043,-0.99405976,0.045273229,-0.03928072,-0.033787811,-0.03622337,0.99599709,0.099558209,0.93475782,-0.25754908,0.42202071,0.90211325,-0.96815949,-0.93618161,0.97669723,-0.58871302,-0.99687058,-0.49893021,-0.966136,-0.72064071,0.46433431,-0.96666565,-0.5732499,-0.96666565,-0.99911,-0.46218833,-0.98673378,20,"sitting"
-0.10053543,-0.048407504,0.13547322,-0.075611852,-0.99361535,0.043761968,-0.038907109,-0.031618942,-0.03622337,0.99561127,0.075479903,0.93463892,-0.20414096,0.36435195,0.90211325,-0.96648066,-0.9356297,0.97665261,-0.52729371,-0.99722779,-0.5182933,-0.95916379,-0.72082776,0.50296981,-0.96284468,-0.62123346,-0.96284468,-0.99893779,-0.51939237,-0.9785989,20,"sitting"
-0.087168138,-0.047986311,0.13340654,-0.072561999,-0.99423995,0.05273306,-0.066145117,-0.04447535,-0.038173734,0.9943483,0.43432233,0.9319637,-0.065022067,0.28417149,0.90199178,-0.92312755,-0.9304043,0.9756486,-0.50761792,-0.99475777,-0.58177691,-0.9062016,-0.69668741,0.58292118,-0.91726348,-0.52784655,-0.91726348,-0.99576835,-0.61345807,-0.97117362,20,"sitting"
-0.080772951,-0.047199724,0.12772831,-0.064233005,-0.99580374,0.062538905,-0.069104375,-0.058532466,-0.049264833,0.9943483,0.40103794,0.93061753,-0.38750697,0.46629935,0.90092025,-0.88391178,-0.92572942,0.97514338,-0.54571439,-0.9916652,-0.68887542,-0.88408741,-0.68271565,0.66668181,-0.88076205,-0.68144811,-0.88076205,-0.99174765,-0.66458862,-0.97111932,20,"sitting"
-0.080772951,-0.057972145,0.1318988,-0.070340863,-0.99444528,0.052582237,-0.069104375,-0.04424954,-0.030008445,0.99436347,0.33350189,0.93169708,-0.36269336,0.40699242,0.90160566,-0.88074467,-0.93215489,0.97554869,-0.4510763,-0.99429611,-0.6930917,-0.88372838,-0.70351466,0.66758134,-0.87901798,-0.66233844,-0.87901798,-0.9915227,-0.6616475,-0.97183505,20,"sitting"
-0.09587775,-0.057972145,0.13724513,-0.078190922,-0.9929824,0.04472187,-0.05139625,-0.03298406,-0.030008445,0.99501557,-0.028724983,0.93262961,0.0066738192,0.14618936,0.90172033,-0.93564529,-0.93274301,0.97589868,-0.30159714,-0.99684264,-0.64615507,-0.92019437,-0.71162606,0.61636911,-0.92340261,-0.53321003,-0.92340261,-0.99631518,-0.60913835,-0.97655808,20,"sitting"
-0.087734035,-0.052655457,0.13226218,-0.07087607,-0.99458192,0.057361979,-0.069174669,-0.051104385,-0.03412953,0.9932459,-0.087301482,0.93047368,0.026384612,0.139415,0.90172033,-0.94404182,-0.92707176,0.975089,-0.30819586,-0.99328224,-0.51016988,-0.92794744,-0.68462859,0.47357254,-0.9297027,-0.48802367,-0.9297027,-0.99683727,-0.4685804,-0.97437226,20,"sitting"
-0.083522731,-0.044743382,0.12686558,-0.062948797,-0.99607102,0.067281641,-0.071071324,-0.065298324,-0.062864915,0.9932459,-0.056957335,0.9276095,-0.078803154,0.21451296,0.90012142,-0.97427315,-0.92098068,0.97401346,-0.35289678,-0.98998052,-0.2744586,-0.96723844,-0.670297,0.22120467,-0.96624882,-0.61616815,-0.96624882,-0.99909141,-0.21513452,-0.97748154,20,"sitting"
-0.083522731,-0.034053515,0.1239682,-0.05870096,-0.99681515,0.062160261,-0.071071324,-0.057966052,-0.052463314,0.99327183,0.022675009,0.93017367,-0.50102546,0.53540055,0.90142324,-0.96344161,-0.92926314,0.97497636,-0.57026228,-0.99174538,-0.39872236,-0.9700146,-0.69957324,0.35868445,-0.96566215,-0.73322248,-0.96566215,-0.99906622,-0.35789991,-0.98592079,20,"sitting"
-0.083589811,-0.042540757,0.12643191,-0.062319335,-0.99619018,0.053381483,-0.054041608,-0.045391286,-0.048931521,0.99482756,0.077893588,0.93258951,-0.58202839,0.61302368,0.90142324,-0.97119713,-0.93687691,0.97588368,-0.64422521,-0.99482814,-0.73584007,-0.96849972,-0.72160305,0.73388179,-0.97188617,-0.81533713,-0.97188617,-0.99932202,-0.7502955,-0.98906574,20,"sitting"
-0.086932391,-0.045642837,0.13117352,-0.069277885,-0.9949142,0.0501927,-0.041948749,-0.040823564,-0.045355554,0.99518921,0.066558474,0.9325266,-0.5743412,0.60424941,0.90134533,-0.94802918,-0.9351824,0.97586009,-0.63411226,-0.99571928,-0.72097967,-0.95308109,-0.71495694,0.7102446,-0.95035067,-0.83771532,-0.95035067,-0.99827356,-0.71829114,-0.97993015,20,"sitting"
-0.087246988,-0.045642837,0.13137005,-0.069567942,-0.99485775,0.054436482,-0.062251705,-0.046910561,-0.045355554,0.99463887,0.14687316,0.93154423,-0.47901139,0.50204557,0.90134533,-0.94878137,-0.93090262,0.97549129,-0.52490063,-0.99434904,-0.6581806,-0.96121437,-0.69861355,0.63392097,-0.95189846,-0.78820217,-0.95189846,-0.9983641,-0.63191745,-0.985689,20,"sitting"
-0.084670931,-0.044101969,0.12686589,-0.0629607,-0.99607872,0.063069999,-0.062729797,-0.059283298,-0.051144479,0.99448172,0.0078759591,0.93004567,-0.42560177,0.46380559,0.90030398,-0.97613767,-0.92585659,0.97492872,-0.50197305,-0.99158665,-0.77100528,-0.97381347,-0.68457726,0.75758437,-0.97448064,-0.63366299,-0.97448064,-0.9994172,-0.75927947,-0.98400325,20,"sitting"
-0.084351457,-0.033597012,0.1243038,-0.059197755,-0.99673885,0.061280749,-0.062729797,-0.056712942,-0.053487965,0.99448172,0.19926411,0.93080656,-0.46855979,0.51435414,0.90138761,-0.97672242,-0.93001882,0.97521436,-0.56060798,-0.99221541,-0.52998006,-0.96834656,-0.70111487,0.51818517,-0.97322837,-0.47762736,-0.97322837,-0.99937202,-0.53817473,-0.98406866,20,"sitting"
0.82984575,0.45758702,-0.55405964,0.7600206,0.20554188,-0.30908461,0.34304818,0.43419491,0.4881906,-0.17425881,-0.94303442,-0.62279977,-0.89379504,0.89245882,0.60501651,0.14620564,0.15856825,0.094295821,-0.89074897,-0.63064905,-0.90098147,0.0065714115,0.58490088,0.89268785,0.19265842,-0.83030782,0.19265842,-0.28380576,-0.89077227,-0.91829508,20,"laying"
0.82984575,0.84569223,-0.63105769,0.86298903,0.49784084,-0.335879,0.44790545,0.49071517,0.48824733,-0.17437555,-0.42324349,-0.91903297,-0.981277,0.98497423,-0.076530504,-0.87845318,0.38556964,-0.18236539,-0.98834013,-0.53424188,-0.93141565,-0.8683891,0.48354676,0.93627275,-0.86935802,-0.87856536,-0.86935802,-0.99021945,-0.94623782,-0.95690251,20,"laying"
0.81973022,0.86295828,-0.62877641,0.85382366,0.4666041,-0.34143696,0.48781088,0.49353644,0.48824733,-0.17437555,-0.46357788,-0.92923903,-0.86285998,0.86469357,-0.25371449,-0.97171759,0.39465727,-0.19741348,-0.86620315,-0.52914233,-0.68638795,-0.97071251,0.43725921,0.65556047,-0.971049,-0.58933953,-0.971049,-0.99928988,-0.64456798,-0.96834237,20,"laying"
0.80657712,0.86296184,-0.63023817,0.85380404,0.46649406,-0.33709414,0.48701574,0.487508,0.48033907,-0.1466743,0.17724243,-0.9236948,-0.82462994,0.83216605,-0.25365698,-0.98392616,0.38647713,-0.18646508,-0.83947704,-0.54073689,-0.44811689,-0.98118284,0.44215065,0.40100849,-0.98298191,-0.65417495,-0.98298191,-0.99968304,-0.38919189,-0.9781833,20,"laying"
0.80815448,0.86933045,-0.63258126,0.85690247,0.47692295,-0.33545044,0.48701574,0.48621132,0.47428846,-0.15314495,0.082193419,-0.9254446,-0.5423085,0.54497025,-0.25365698,-0.99523125,0.38922851,-0.18981423,-0.54758901,-0.54321674,-0.27126544,-0.99411156,0.44065974,0.24446585,-0.9943068,-0.36049988,-0.9943068,-0.99992589,-0.26674087,-0.99293075,20,"laying"
0.80821249,0.8711728,-0.63354038,0.85807465,0.48088137,-0.33656855,0.48897148,0.48786929,0.47705957,-0.16018477,-0.24993878,-0.92999714,-0.80109204,0.80402884,-0.25913474,-0.99177268,0.39574136,-0.1986787,-0.80674312,-0.54005805,0.041816917,-0.9898853,0.43122729,-0.052734856,-0.99204093,-0.24771973,-0.99204093,-0.99988747,-0.0083537037,-0.99385059,20,"laying"
0.80821249,0.87209687,-0.63369656,0.85817124,0.48120756,-0.33815227,0.48954846,0.48984084,0.47890047,-0.16784866,-0.38268945,-0.93378374,-0.71610255,0.71688324,-0.26836676,-0.99009632,0.40116953,-0.20620831,-0.71742583,-0.53628994,0.37135452,-0.98740101,0.42227873,-0.39129312,-0.98797529,-0.15272621,-0.98797529,-0.99980578,0.31792909,-0.99266264,20,"laying"
0.8095589,0.87209687,-0.63445135,0.8584757,0.48223773,-0.33906145,0.49129468,0.49084034,0.47901111,-0.17669381,-0.14587506,-0.93752124,-0.54989156,0.54760025,-0.27523414,-0.99003853,0.40669282,-0.21394563,-0.5451527,-0.53437518,0.2607199,-0.98571994,0.41089786,-0.30151625,-0.98794603,-0.046004764,-0.98794603,-0.999805,0.25698361,-0.99428457,20,"laying"
0.81080445,0.87253798,-0.63668823,0.85982445,0.48680349,-0.33849195,0.49066576,0.48997436,0.47901111,-0.18225997,-0.14908219,-0.94158937,-0.69689846,0.69912728,-0.28334216,-0.99344539,0.41282392,-0.22253976,-0.70120301,-0.53603368,-0.032561412,-0.99044816,0.3957206,0.045692663,-0.99189158,-0.052178366,-0.99189158,-0.99988423,-0.12754983,-0.99319462,20,"laying"
0.81111559,0.87419679,-0.63767167,0.86102168,0.49086025,-0.33840809,0.49066576,0.49013648,0.47856227,-0.18262729,0.028597403,-0.94365176,-0.66348465,0.66777672,-0.29217414,-0.99291393,0.41613938,-0.2270096,-0.67185238,-0.53572332,-0.060911534,-0.99126312,0.39080977,0.069980563,-0.99305286,-0.11361142,-0.99305286,-0.99990514,-0.14537562,-0.99334799,20,"laying"
0.81111559,0.8750376,-0.63726189,0.8612088,0.49149469,-0.3395366,0.49321416,0.49181427,0.48000227,-0.18946513,-0.1777152,-0.94505896,-0.73427674,0.74909564,-0.29703502,-0.97809976,0.4184783,-0.23012785,-0.76390555,-0.5325046,0.028644221,-0.97577828,0.38980487,-0.04700064,-0.97664744,-0.20202665,-0.97664744,-0.9994919,-0.0041873363,-0.99231326,20,"laying"
0.81115132,0.8746231,-0.63793189,0.86107301,0.4910341,-0.3406566,0.49390514,0.49286884,0.48490394,-0.21476061,-0.18610699,-0.94903716,-0.76381719,0.77149779,-0.29731196,-0.95737298,0.42496199,-0.23932333,-0.77909596,-0.53047099,-0.31061817,-0.95952636,0.37457165,0.29034281,-0.95719044,-0.42735702,-0.95719044,-0.99865635,-0.31618469,-0.97874441,20,"laying"
0.81240968,0.87445765,-0.6384544,0.86110931,0.4911579,-0.3441513,0.49409984,0.49703279,0.48894378,-0.23334392,0.1430572,-0.9577084,-0.78424353,0.78542072,-0.30525462,-0.95937118,0.44021449,-0.26066903,-0.78636102,-0.52238462,-0.28466309,-0.96496621,0.34475013,0.24479185,-0.9598698,-0.49937775,-0.9598698,-0.99879319,-0.25192251,-0.98314604,20,"laying"
0.81520449,0.87445765,-0.64012783,0.86290377,0.49725813,-0.34538847,0.4984889,0.49890016,0.48894378,-0.2342257,-0.32751633,-0.96443226,-0.73625154,0.73574625,-0.33139926,-0.9866268,0.45270095,-0.27797377,-0.73497482,-0.51877092,0.24852492,-0.98602835,0.32133696,-0.35264715,-0.9854267,-0.59337662,-0.9854267,-0.99974595,0.3766723,-0.99311975,20,"laying"
0.81531456,0.87712782,-0.64274083,0.86512169,0.50479966,-0.34311794,0.49738394,0.49626387,0.4863063,-0.23509184,-0.42741011,-0.96555948,-0.54831279,0.55310986,-0.3490718,-0.9958452,0.45495383,-0.28105,-0.55754235,-0.52390692,-0.1127184,-0.99504715,0.31440022,0.050026521,-0.99512841,-0.20628857,-0.99512841,-0.99993822,-0.044978599,-0.99605678,20,"laying"
0.81587878,0.87952285,-0.64393238,0.86573784,0.5068991,-0.34214172,0.49613503,0.49491637,0.48311664,-0.24010263,-0.23077245,-0.96621372,-0.67333768,0.6814819,-0.3490718,-0.9950597,0.4562481,-0.28291261,-0.68954526,-0.52651998,0.098217933,-0.99382612,0.30889114,-0.15933746,-0.9937147,-0.094837816,-0.9937147,-0.99991592,0.14962293,-0.99735403,20,"laying"
0.82003196,0.88000803,-0.64586059,0.86691007,0.51090214,-0.34098798,0.49128303,0.49336685,0.48202936,-0.25174122,-0.67435063,-0.96816886,-0.65196963,0.65597681,-0.35161914,-0.96899312,0.46026745,-0.28858079,-0.65989434,-0.5295105,-0.027504076,-0.97089956,0.29703447,-0.022505405,-0.96975574,-0.3924704,-0.96975574,-0.99923881,0.0079290352,-0.99041647,20,"laying"
0.82661732,0.88058999,-0.65190949,0.87121758,0.52566971,-0.33647198,0.48095534,0.48774834,0.4807891,-0.27007338,-0.64598654,-0.97222914,-0.64802565,0.65125596,-0.35672218,-0.97288198,0.46921448,-0.30110281,-0.65440427,-0.54023873,-0.091845027,-0.97256225,0.26963989,0.040335528,-0.97381112,-0.11444676,-0.97381112,-0.99939344,-0.04896937,-0.98797223,20,"laying"
0.82801189,0.88490804,-0.65931728,0.87651619,0.5438883,-0.33075451,0.47933274,0.48066665,0.47581157,-0.28315129,0.53706734,-0.97684346,-0.85395442,0.86254754,-0.36881125,-0.8508881,0.47992223,-0.31608816,-0.87095347,-0.55367352,-0.60949657,-0.83708924,0.23629015,0.60846052,-0.84138675,-0.72578012,-0.84138675,-0.98593104,-0.63454096,-0.93368289,20,"laying"
0.91958835,0.97506327,-0.83062665,0.96878218,0.87879361,-0.16275919,0.25881091,0.25940827,0.25313228,-0.44763273,-0.72491134,-0.99690764,-0.99239069,0.99377113,-0.43896263,-0.84395958,0.57049293,-0.44357915,-0.99476844,-0.87260863,-0.74230973,-0.89097494,-0.32083593,0.72153852,-0.85072679,-0.40247118,-0.85072679,-0.98744993,-0.71725337,-0.9873391,20,"laying"
0.92080868,0.98291483,-0.83049449,0.97270255,0.8937201,-0.16342013,0.25873752,0.26134197,0.25331398,-0.44763273,-0.061310366,-0.99966298,-0.97109446,0.97758103,-0.52337546,-0.98278292,0.60388956,-0.49092221,-0.98378312,-0.8706617,-0.37465363,-0.97799669,-0.35856037,0.3205138,-0.9824363,-0.22942091,-0.9824363,-0.99966806,-0.30612899,-0.98533026,20,"laying"
0.92257074,0.98518978,-0.83428172,0.97418107,0.89937807,-0.15940442,0.24867698,0.25582305,0.25331398,-0.44704851,-0.17495222,-0.99966166,-0.63817193,0.63830653,-0.55902351,-0.98542617,0.6058886,-0.49376603,-0.63818553,-0.87611248,0.23719397,-0.98408115,-0.36761008,-0.33685592,-0.98507675,-0.26708304,-0.98507675,-0.99973738,0.35675323,-0.9899605,20,"laying"
0.922614,0.9868352,-0.83947421,0.97557053,0.90469874,-0.15395304,0.24850653,0.24817269,0.24496898,-0.44534002,-0.19475595,-0.99960719,-0.53165347,0.53759592,-0.55902562,-0.99228731,0.60694827,-0.49526385,-0.54344094,-0.88363494,0.18516802,-0.9900669,-0.38139891,-0.25494438,-0.98996862,-0.19764273,-0.98996862,-0.9998467,0.24660927,-0.99335599,20,"laying"
0.92283225,0.98824755,-0.84079876,0.97589133,0.90592842,-0.15251223,0.24785485,0.24614438,0.23578778,-0.44582859,-0.058895862,-0.99953932,-0.43272977,0.44615632,-0.56446426,-0.99834763,0.60824598,-0.49710483,-0.4593126,-0.88558825,0.18599262,-0.99719319,-0.38240745,-0.23794907,-0.99658177,-0.13983966,-0.99658177,-0.99995893,0.2116732,-0.99447822,20,"laying"
0.92292018,0.98825703,-0.84109712,0.97613158,0.90684995,-0.15213796,0.24780263,0.2456592,0.23577583,-0.45197857,0.12019122,-0.99945955,-0.389594,0.39525482,-0.5647122,-0.9896855,0.60947878,-0.49885961,-0.40104106,-0.88604935,0.14049181,-0.98776247,-0.37967713,-0.15084412,-0.9884752,0.026463674,-0.9884752,-0.99981657,0.083270008,-0.9903948,20,"laying"
0.92330092,0.98884921,-0.84164806,0.97646615,0.90813348,-0.15137015,0.24560899,0.24463018,0.2345973,-0.45475451,0.025280164,-0.99922697,-0.40501926,0.41131384,-0.56602335,-0.99051416,0.61277244,-0.50354359,-0.41773762,-0.88702297,0.24070112,-0.98885549,-0.37251115,-0.26917561,-0.98806481,-0.11342793,-0.98806481,-0.9998069,0.21536428,-0.98857367,20,"laying"
0.92330092,0.98837171,-0.84188346,0.97638032,0.90780431,-0.15095625,0.24560899,0.24401645,0.23437611,-0.45642911,-0.068800801,-0.99903818,-0.32843675,0.33419939,-0.57233734,-0.99534439,0.61524606,-0.50705309,-0.33997006,-0.88760292,0.36358746,-0.99271533,-0.3676356,-0.47577962,-0.99418012,-0.25264216,-0.99418012,-0.99992368,0.50167899,-0.99459312,20,"laying"
0.92390025,0.98837171,-0.84181318,0.97640117,0.90788451,-0.15095318,0.24376929,0.24402286,0.23434086,-0.45711293,0.12634885,-0.99894849,-0.30742946,0.32889231,-0.57505224,-0.99475926,0.61628449,-0.50852985,-0.3505,-0.88759591,0.01276589,-0.99269022,-0.36472215,-0.083693647,-0.99433915,-0.37584116,-0.99433915,-0.99992639,0.088924978,-0.99421933,20,"laying"
0.92454748,0.9884799,-0.8438218,0.97721887,0.91102373,-0.14873659,0.23802566,0.2409816,0.23434086,-0.46237165,0.050702191,-0.9988088,-0.30950164,0.30922946,-0.57679207,-0.9939143,0.61778936,-0.51067306,-0.30890807,-0.89042644,0.021741371,-0.99136996,-0.36650681,-0.032374836,-0.99385355,-0.33190014,-0.99385355,-0.99991858,-0.027823035,-0.99420775,20,"laying"
0.92454748,0.98994017,-0.84669623,0.97778599,0.91320135,-0.14553052,0.23724065,0.2364402,0.23021356,-0.46393741,-0.10847425,-0.99857929,-0.41228095,0.41415064,-0.57747271,-0.99686445,0.62011732,-0.51396569,-0.41599666,-0.89462667,-0.052869985,-0.99528413,-0.3707701,-0.0016158361,-0.99565406,-0.083228352,-0.99565406,-0.99994632,-0.0056584347,-0.99700236,20,"laying"
0.92552148,0.99017704,-0.84808984,0.97818036,0.91471733,-0.14394403,0.23418384,0.23422225,0.22456235,-0.46395288,-0.21084321,-0.99844048,-0.2708464,0.29162168,-0.58281303,-0.99559106,0.62148666,-0.51590801,-0.31270796,-0.89664813,-0.022970968,-0.99332009,-0.37189072,-0.053367575,-0.99418523,-0.14769558,-0.99418523,-0.99992396,0.067120194,-0.9971806,20,"laying"
0.92552148,0.99042143,-0.84948516,0.97870613,0.91673855,-0.14254001,0.23294067,0.23228784,0.22390003,-0.46395288,0.0095094224,-0.99850451,-0.23704438,0.24612366,-0.5818445,-0.99188648,0.62087692,-0.5150452,-0.25521974,-0.8983868,-0.053834834,-0.99021823,-0.37729091,0.013526763,-0.99216117,-0.17274646,-0.99216117,-0.99988963,-0.036341449,-0.99736678,20,"laying"
0.9255034,0.99051728,-0.84905782,0.97854178,0.91610658,-0.14300776,0.23294067,0.23293204,0.22539992,-0.46360392,-0.0026703014,-0.9985275,-0.32073172,0.33094165,-0.5818445,-0.9943632,0.62066202,-0.51473891,-0.34117558,-0.89780366,0.30235525,-0.99365939,-0.37660487,-0.36871966,-0.99404985,-0.43520083,-0.99404985,-0.99992173,0.35009598,-0.99487272,20,"laying"
0.92622845,0.99051728,-0.8476085,0.97863211,0.91645433,-0.1444619,0.23489343,0.23508185,0.22539992,-0.46395787,-0.1097438,-0.9984538,-0.24456488,0.26870308,-0.58229589,-0.99674089,0.62134377,-0.5157301,-0.29320921,-0.89586931,0.36611041,-0.99554499,-0.36870913,-0.47456394,-0.99584305,-0.3672852,-0.99584305,-0.99994886,0.49541306,-0.99545909,20,"laying"
0.92623122,0.99061788,-0.84735019,0.9790238,0.91796078,-0.14467166,0.23727014,0.23548314,0.22536616,-0.46500699,-0.044139575,-0.99838338,-0.14691825,0.1945675,-0.58401187,-0.99541596,0.62198054,-0.51665494,-0.2430978,-0.89550608,-0.11019708,-0.99349315,-0.36479475,0.037315584,-0.99449746,0.028991213,-0.99449746,-0.99992889,-0.021291713,-0.99344264,20,"laying"
0.92623122,0.99094646,-0.84814663,0.97888432,0.91742404,-0.14377963,0.23327304,0.23415092,0.22528951,-0.46534811,0.13539089,-0.9983201,-0.051713397,0.10494638,-0.5844339,-0.9941694,0.62256543,-0.51746936,-0.15906152,-0.89670709,0.19819589,-0.99078329,-0.36716725,-0.28508175,-0.99236508,0.021869225,-0.99236508,-0.99989328,0.29485802,-0.99298224,20,"laying"
0.9270815,0.99094646,-0.8499011,0.97928448,0.91896414,-0.14184686,0.23098493,0.23142467,0.22438916,-0.47462727,0.50949039,-0.99821241,-0.81669737,0.82806408,-0.58525026,-0.90498903,0.62348244,-0.51876515,-0.83924722,-0.89915806,-0.44057801,-0.90671024,-0.37087355,0.44560059,-0.9048555,-0.78118212,-0.9048555,-0.99454915,-0.48861483,-0.9460036,20,"laying"
-0.30404409,-0.32319717,0.31613157,-0.33659416,-0.80346544,-0.013865134,0.025470069,0.051243683,0.10191632,0.92043563,-0.34526066,0.76387696,-0.48533145,0.58351306,0.85519352,-0.22433066,-0.68121619,0.91108587,-0.68128952,-0.99409422,-0.18099244,0.11148176,-0.11578489,0.24456765,0.10083714,-0.27322503,0.10083714,-0.38899824,-0.36920828,-0.30574774,20,"walking"
-0.3573891,-0.32319717,0.3236653,-0.3465652,-0.79178403,0.0041920499,0.023886476,0.025221155,0.0269189,0.92043563,-0.34121619,0.74828176,-0.3586498,0.45228086,0.83671625,-0.24117089,-0.67297108,0.904978,-0.54238621,-0.99922822,-0.14241374,0.090262719,-0.16998647,0.19560639,0.033777927,-0.16543706,0.033777927,-0.46055878,-0.3077002,-0.23651091,20,"walking"
-0.3573891,-0.35251967,0.32971577,-0.35509824,-0.78043137,0.0078957265,0.01426193,0.019902578,0.017920706,0.90626909,-0.37567561,0.73953958,-0.41923262,0.50396954,0.83671625,-0.2264248,-0.664489,0.90151057,-0.58683297,-0.99954534,-0.29888877,0.07034744,-0.16769329,0.36127942,0.015944998,-0.073351519,0.015944998,-0.47876014,-0.47556481,-0.25019775,20,"walking"
-0.36605809,-0.35593675,0.34488079,-0.37607016,-0.75254336,0.0079820852,0.01426193,0.019777313,0.020817182,0.90078219,-0.40324128,0.71255619,-0.39377695,0.48676299,0.83098983,-0.18137026,-0.6425412,0.89079093,-0.5790395,-0.99954753,-0.23055838,0.10417925,-0.13168957,0.30754503,0.074436284,-0.063638177,0.074436284,-0.41756815,-0.44206643,-0.24545822,20,"walking"
-0.37828277,-0.35593675,0.34455773,-0.37655879,-0.75195549,0.00049689245,0.020663746,0.030603305,0.036889899,0.90078219,-0.34930289,0.72139189,-0.45202014,0.54587185,0.83391808,-0.31815009,-0.64241186,0.89429418,-0.63930804,-0.99863429,-0.16906916,-0.073328463,-0.094698298,0.23209423,-0.044146706,-0.31466206,-0.044146706,-0.53803264,-0.35366706,-0.2098889,20,"walking"
-0.37052989,-0.34671855,0.33454362,-0.36214604,-0.7714886,-0.0066436636,0.032499546,0.040839219,0.036889899,0.9109572,-0.24905397,0.73280328,-0.45061879,0.54279968,0.83391808,-0.43993814,-0.6559833,0.89885011,-0.6335058,-0.99747735,-0.29447842,-0.25159666,-0.097725894,0.35521248,-0.22201757,-0.24012596,-0.22201757,-0.69255073,-0.46672907,-0.35555386,20,"walking"
-0.37052989,-0.33712863,0.33395131,-0.35984994,-0.77459527,-0.0061020251,0.028686722,0.039912126,0.036754925,0.91076067,-0.22090172,0.71905921,-0.34022287,0.42193187,0.82438592,-0.43923093,-0.65691706,0.89339891,-0.49966892,-0.99759869,-0.23189416,-0.26583771,-0.11692082,0.28164077,-0.25387991,-0.19473287,-0.25387991,-0.71690521,-0.38440298,-0.1765729,20,"walking"
-0.3739338,-0.34018405,0.33783122,-0.3663686,-0.76594617,0.00013878888,0.027918462,0.031055828,0.03251563,0.91076067,-0.16521507,0.72472315,-0.45821139,0.53452604,0.83242287,-0.45849153,-0.65209814,0.89564551,-0.60903937,-0.99865308,-0.22158659,-0.25854236,-0.11856323,0.28298405,-0.22575781,-0.33568781,-0.22575781,-0.69527849,-0.39968283,-0.19621884,20,"walking"
-0.35783434,-0.34018405,0.33060122,-0.35679394,-0.77839471,0.0023800315,0.027797448,0.027863418,0.024228836,0.91642416,-0.25263582,0.74226625,-0.42786381,0.50713998,0.8343845,-0.38784376,-0.66277603,0.90259663,-0.58483973,-0.99900827,-0.26212078,-0.14595459,-0.13972808,0.32892156,-0.15392071,-0.2188181,-0.15392071,-0.63684795,-0.44962601,-0.57834693,20,"walking"
-0.35783434,-0.36028016,0.33174104,-0.35682737,-0.77815586,0.0022100189,0.026559319,0.028005621,0.024228836,0.89756958,-0.34271366,0.72454312,-0.41168492,0.50617656,0.8343845,-0.30180383,-0.66111167,0.89553153,-0.60016539,-0.99899912,-0.28387387,-0.087631643,-0.15284307,0.34274072,-0.044458364,-0.21598748,-0.044458364,-0.53841301,-0.45494816,-0.18686516,20,"walking"
-0.3639946,-0.3647824,0.34932473,-0.38127984,-0.74496122,0.0025807101,0.023570091,0.027487751,0.026297801,0.89756958,-0.27023787,0.69540864,-0.40857495,0.50917395,0.82240905,-0.3110055,-0.63571597,0.88394777,-0.60915328,-0.99902482,-0.20621206,-0.049664413,-0.11009822,0.26185514,-0.031593959,-0.30443728,-0.031593959,-0.52580737,-0.37582789,-0.10606981,20,"walking"
-0.39448917,-0.3647824,0.3544908,-0.38995421,-0.73316683,-0.00064212158,0.023570091,0.032222955,0.029726537,0.89997345,-0.16687218,0.70002594,-0.28579795,0.38274483,0.81692671,-0.25642048,-0.62793457,0.88580238,-0.475981,-0.99852895,0.029204631,-0.018815211,-0.070322885,0.024993339,-0.031250559,-0.23911864,-0.031250559,-0.52561082,-0.148732,-0.22408834,20,"walking"
-0.38085515,-0.34664402,0.3391168,-0.37046497,-0.76039192,0.0051997896,0.0090258483,0.023899677,0.019393596,0.90612403,-0.28564727,0.74600826,-0.53381123,0.61400255,0.84390717,-0.26531934,-0.65069846,0.9040306,-0.69452531,-0.9992869,-0.15243707,-0.0065015204,-0.11043677,0.19658547,-0.02838219,-0.29805061,-0.02838219,-0.52273319,-0.29870194,-0.16124876,20,"walking"
-0.38543259,-0.35360673,0.34677799,-0.37809312,-0.74993208,0.0055670029,0.01884876,0.023220552,0.022872798,0.89715007,-0.22700556,0.7033559,-0.48084068,0.56567358,0.83621126,-0.28291802,-0.63963899,0.88709893,-0.6503501,-0.99935443,-0.21280751,-0.11037296,-0.12409491,0.2661654,-0.062235622,-0.30325305,-0.062235622,-0.55525659,-0.37405542,-0.16081423,20,"walking"
-0.38199352,-0.35360673,0.34595488,-0.37549418,-0.75348507,-0.0012812059,0.01884876,0.032936889,0.04316476,0.89715007,-0.32789563,0.69008063,-0.37265126,0.45486923,0.81427719,-0.23188386,-0.6402029,0.88181564,-0.53511073,-0.99817803,-0.12337691,0.081359212,-0.11534934,0.18807902,0.035790467,-0.23655462,0.035790467,-0.45851903,-0.31413763,-0.2070912,20,"walking"
-0.38199352,-0.34527129,0.34335556,-0.37154441,-0.75894384,-0.010856581,0.035505929,0.046574297,0.04316476,0.89641259,-0.36323888,0.68938638,-0.38421708,0.47766273,0.81427719,-0.22699003,-0.64261486,0.88153725,-0.56894157,-0.99664777,-0.13644479,0.093627248,-0.090170599,0.20535995,0.047888666,-0.22409204,0.047888666,-0.44590534,-0.33578705,-0.38566215,20,"walking"
-0.37700686,-0.34527129,0.34168002,-0.36886373,-0.7625512,-0.0095356259,0.041384915,0.044646673,0.043124928,0.89641259,-0.27135435,0.68893359,-0.36655742,0.45914938,0.81492341,-0.30487819,-0.64524685,0.88135549,-0.54913864,-0.99696034,-0.15771275,-0.046821426,-0.10295058,0.21980956,-0.067584375,-0.15579273,-0.067584375,-0.5601605,-0.34154629,-0.44898227,20,"walking"
-0.37700686,-0.34545409,0.34292205,-0.36939498,-0.76183565,-0.0057076334,0.035578717,0.039077746,0.034660392,0.88514625,-0.19610583,0.6763106,-0.39954402,0.48014733,0.81492341,-0.32047279,-0.64402968,0.87625601,-0.55959167,-0.99776714,0.057646385,-0.082801754,-0.12619445,-0.01841816,-0.061774867,-0.16745107,-0.061774867,-0.55481657,-0.089706738,-0.089158257,20,"walking"
-0.38601709,-0.3489123,0.34701616,-0.37550287,-0.75352484,-0.0040733778,0.035578717,0.03680105,0.031705905,0.88514625,-0.15903501,0.67425524,-0.48396987,0.56159721,0.82131046,-0.43063688,-0.63833643,0.87542325,-0.6390523,-0.99807068,-0.11912361,-0.21578332,-0.1172926,0.16246307,-0.14280825,-0.2537502,-0.14280825,-0.62761907,-0.26572674,-0.24180838,20,"walking"
-0.36880375,-0.3489123,0.33999267,-0.36848982,-0.76295452,-0.0054254009,0.036672509,0.038971434,0.040620499,0.89475182,-0.035060999,0.71162545,-0.48699076,0.57450601,0.82956694,-0.43878141,-0.64829629,0.8904027,-0.66162241,-0.99777973,-0.26364447,-0.29146733,-0.10173335,0.32412287,-0.28196102,-0.26430298,-0.28196102,-0.73751531,-0.43833631,-0.39056478,20,"walking"
-0.36760788,-0.3362615,0.33243248,-0.35891812,-0.77582327,-0.011679224,0.040111812,0.04804576,0.047305421,0.91131954,-0.17278553,0.73246309,-0.39128405,0.48011993,0.82956694,-0.37373727,-0.65820015,0.8987204,-0.5666019,-0.9963308,-0.21108355,-0.15707014,-0.087484726,0.27428671,-0.15044461,-0.21979963,-0.15044461,-0.63417723,-0.39465126,-0.55884113,20,"walking"
-0.36760788,-0.34457581,0.33776264,-0.36548637,-0.76700519,-0.012508991,0.042066514,0.049135152,0.047305421,0.9017443,-0.28749867,0.71487252,-0.40255674,0.49337583,0.8280088,-0.2860672,-0.65037945,0.89171257,-0.58200453,-0.99616764,-0.059754281,0.011072354,-0.080212597,0.12227278,-0.024301818,-0.17482683,-0.024301818,-0.51891358,-0.2501976,-0.34134306,20,"walking"
-0.38265932,-0.34457581,0.34259559,-0.37208582,-0.75822631,-0.0083643852,0.041874642,0.043185749,0.044342602,0.9017443,-0.27467258,0.70646459,-0.3919527,0.48379774,0.82071314,-0.4256921,-0.64411185,0.8883733,-0.57309567,-0.99718613,0.03004642,-0.13676987,-0.084609481,0.013656625,-0.11190951,-0.021604356,-0.11190951,-0.60057413,-0.12408526,-0.4449194,20,"walking"
-0.37607791,-0.34412454,0.33820253,-0.36603437,-0.76638182,-0.0068035432,0.031550788,0.040948826,0.037225665,0.90726173,-0.21712198,0.71460518,-0.32703839,0.42209845,0.8207714,-0.40613629,-0.65068238,0.89162606,-0.51390874,-0.99749546,-0.027227309,-0.13857979,-0.10076523,0.076392357,-0.17514644,-0.050918982,-0.17514644,-0.65477159,-0.18869538,-0.35963319,20,"walking"
-0.23402562,-0.31870703,0.2633373,-0.25724694,-0.88556861,-0.017963123,0.046955322,0.056177036,0.062347509,0.91399332,-0.26277295,0.77191221,-0.67880937,0.74218728,0.85873706,-0.12553032,-0.7556694,0.91422235,-0.80531747,-0.99475073,-0.35223918,0.097353426,-0.31204784,0.4026434,0.025408891,-0.31294127,0.025408891,-0.46921418,-0.50175416,-0.49940976,20,"walking_downstairs"
-0.23270983,-0.20734635,0.23336356,-0.21566073,-0.92463949,-0.01289491,0.046955322,0.049180968,0.044703012,0.93817498,-0.27460716,0.82005858,-0.64909699,0.71802279,0.87085563,-0.062346213,-0.79969242,0.93298548,-0.78643076,-0.99623583,-0.30211441,0.11964897,-0.4075936,0.36025014,0.089109796,-0.16000765,0.089109796,-0.40187615,-0.46948273,-0.53795106,20,"walking_downstairs"
-0.23270983,-0.22486398,0.23569043,-0.22067139,-0.92059645,-0.0079285947,0.027236125,0.042451857,0.044703012,0.95509518,-0.31527201,0.84949844,-0.69353012,0.74922019,0.88119816,-0.022019818,-0.79775257,0.94434931,-0.80444896,-0.99710528,-0.34710218,0.10905011,-0.39011529,0.39570181,0.10888779,-0.21510037,0.10888779,-0.38018756,-0.49243104,-0.11397603,20,"walking_downstairs"
-0.23815919,-0.24163449,0.25329243,-0.24542802,-0.89951189,-0.00089820249,0.027236125,0.032351823,0.039837603,0.93576736,-0.31131159,0.82419401,-0.72761632,0.78499543,0.88119816,0.041014717,-0.77396012,0.93454979,-0.84233114,-0.99848331,-0.34958166,0.31714672,-0.36871769,0.39146176,0.2328294,-0.13096209,0.2328294,-0.23511987,-0.48106436,0.24181497,20,"walking_downstairs"
-0.2294033,-0.24163449,0.25046992,-0.24063957,-0.90331438,-0.0051718266,0.028476144,0.038337606,0.045510683,0.93576736,-0.21016184,0.81435766,-0.72309955,0.78690369,0.89761043,0.088357862,-0.77722887,0.93073267,-0.85137847,-0.99769688,-0.37675644,0.31256191,-0.37306693,0.40640315,0.21536278,-0.11203106,0.21536278,-0.25664638,-0.48106249,-0.3900558,20,"walking_downstairs"
-0.2294033,-0.24337094,0.2476969,-0.23864282,-0.90499582,-0.0092008709,0.029907223,0.044408156,0.045510683,0.94245405,-0.17977359,0.84933107,-0.74819544,0.80290698,0.90151346,-0.047068019,-0.78029699,0.94418537,-0.8581279,-0.99689984,-0.42844006,0.21960365,-0.33639968,0.45142356,0.13303688,-0.17803315,0.13303688,-0.35310849,-0.51558591,-0.41822113,20,"walking_downstairs"
-0.24306099,-0.24337094,0.25821371,-0.25325288,-0.8927828,-0.004500892,0.029755421,0.03760515,0.044813664,0.93941934,-0.21126388,0.83064753,-0.74272859,0.80219934,0.90151346,-0.004525106,-0.76624463,0.93699886,-0.86199586,-0.9978356,-0.29143334,0.21337281,-0.32872172,0.35041863,0.14380966,-0.25179801,0.14380966,-0.34089652,-0.46274653,-0.41475334,20,"walking_downstairs"
-0.23654216,-0.2406674,0.24483905,-0.23229775,-0.91081087,-0.0076876116,0.029755421,0.041857722,0.043579191,0.93941934,-0.1878706,0.81443547,-0.57536922,0.64408056,0.86619624,0.092882652,-0.78474253,0.93082565,-0.7105716,-0.99721261,-0.15258495,0.24578391,-0.38613533,0.23107473,0.2166943,-0.22026245,0.2166943,-0.25500894,-0.3735844,-0.48146847,20,"walking_downstairs"
-0.27325031,-0.38175696,0.28902447,-0.29424418,-0.84876576,-0.029754836,0.063789834,0.073078212,0.085915018,0.84935239,-0.25621666,0.74925339,-0.69278436,0.76509258,0.85901679,-0.0081258314,-0.71557393,0.90495706,-0.83847986,-0.99075502,-0.39124233,0.18825969,-0.18423305,0.42183297,0.14925493,-0.24064962,0.14925493,-0.334682,-0.49704858,-0.59233249,20,"walking_downstairs"
-0.27325031,-0.23906007,0.26159649,-0.25806784,-0.88885785,-0.011927062,-0.011501548,0.048236111,0.061199361,0.94112876,-0.31602737,0.82471024,-0.65436674,0.71255732,0.88196196,-0.05040494,-0.7597756,0.93479116,-0.77031105,-0.99531693,-0.19843387,0.2325718,-0.28606208,0.27519589,0.18638886,-0.15719251,0.18638886,-0.29118222,-0.40976204,-0.50563284,20,"walking_downstairs"
-0.27336295,-0.25689366,0.26689895,-0.26651727,-0.88065498,0.012816372,-0.023455818,0.012826314,0.051622114,0.93899028,-0.2525119,0.83443325,-0.70429893,0.76374141,0.88196196,0.053500553,-0.75568977,0.93852429,-0.82330005,-0.99833241,-0.20224556,0.34078745,-0.30916758,0.27331347,0.25022225,-0.20386712,0.25022225,-0.21376703,-0.40259598,0.15855155,20,"walking_downstairs"
-0.28170678,-0.25699255,0.27466867,-0.27715531,-0.87036253,0.0041821606,-0.023455818,0.025206762,0.056741434,0.93753807,-0.17884988,0.81743204,-0.70523008,0.77653431,0.88028406,-0.05252395,-0.7438072,0.93195229,-0.84843082,-0.99687422,-0.30384723,0.27757298,-0.26525755,0.34694287,0.18833123,-0.31249558,0.18833123,-0.28880384,-0.43974351,-0.064268095,20,"walking_downstairs"
-0.2837543,-0.27498401,0.27836785,-0.28163112,-0.86565639,-0.016364698,0.033206488,0.054538938,0.056741434,0.92409463,-0.20177473,0.79819116,-0.69964869,0.76623593,0.87213966,0.10741175,-0.73471205,0.92448684,-0.83318453,-0.99513577,-0.39083895,0.22110629,-0.23046893,0.42620629,0.26392855,-0.27306329,0.26392855,-0.19651374,-0.5054099,-0.049738873,20,"walking_downstairs"
-0.28390773,-0.27498401,0.28275801,-0.28636298,-0.86073781,-0.02397548,0.050267899,0.065089862,0.084401524,0.91556985,-0.20979384,0.77059956,-0.69345085,0.76186645,0.87213966,0.21326951,-0.72630834,0.9136805,-0.83065957,-0.99257482,-0.3588848,0.49897164,-0.21020614,0.40532114,0.34952003,-0.21055295,0.34952003,-0.084872219,-0.49914126,-0.50147364,20,"walking_downstairs"
-0.27483152,-0.2727973,0.27333449,-0.27339692,-0.87369441,-0.042117242,0.058396587,0.090947314,0.10748928,0.91556985,-0.21101082,0.78081068,-0.69964479,0.76112284,0.86296276,0.080548347,-0.7326396,0.9176781,-0.82259439,-0.98509156,-0.26215974,0.34648134,-0.16863691,0.31299994,0.23827143,-0.28040821,0.23827143,-0.22848121,-0.41828895,-0.5306683,20,"walking_downstairs"
-0.32681531,-0.45590377,0.34293768,-0.36738441,-0.75786292,-0.021978227,0.044121365,0.061861864,0.086975774,0.84743274,-0.15938744,0.65390957,-0.69940028,0.76655262,0.83116008,-0.058568439,-0.64098716,0.86695286,-0.83441302,-0.99324002,-0.35997649,0.14725412,-0.088663012,0.39172164,0.097804413,-0.27637398,0.097804413,-0.39238653,-0.47036651,-0.5372188,20,"walking_downstairs"
-0.315605,-0.31522585,0.30082221,-0.31191153,-0.83326046,-0.031792517,0.044121365,0.076258468,0.093377376,0.89472025,-0.1852773,0.74519411,-0.67317976,0.75026815,0.85136222,-0.03674607,-0.6982231,0.90367654,-0.82790477,-0.98920219,-0.31946402,0.14883784,-0.13021984,0.36240151,0.10731824,-0.27103438,0.10731824,-0.38193876,-0.45515181,-0.49212584,20,"walking_downstairs"
-0.29484016,-0.27942862,0.28631543,-0.29517012,-0.85157163,-0.042915889,0.085083352,0.093186851,0.093397946,0.92653684,-0.15617063,0.8080774,-0.6699854,0.7157476,0.87614857,-0.12120952,-0.7143112,0.92831279,-0.76116267,-0.98474696,-0.30648868,0.20109776,-0.083075202,0.33533991,0.060284008,-0.22282254,0.060284008,-0.43286882,-0.41343619,-0.11552513,20,"walking_downstairs"
-0.29484016,-0.31121948,0.29533542,-0.30738376,-0.8372773,-0.042545686,0.086216614,0.092476645,0.09484234,0.90711098,-0.14833485,0.78792225,-0.7235811,0.77192047,0.87614857,-0.049428375,-0.7019151,0.92035183,-0.82044771,-0.98499302,-0.26441792,0.26663562,-0.067113832,0.26723584,0.12500943,-0.20062838,0.12500943,-0.36221412,-0.32092942,0.16181888,20,"walking_downstairs"
-0.29851921,-0.31121948,0.30399145,-0.31775496,-0.82598288,-0.040762839,0.069576172,0.089400817,0.095083224,0.90711098,-0.28383433,0.75353928,-0.72957401,0.78564125,0.85673586,0.022368989,-0.69052359,0.90696712,-0.84217362,-0.9858274,-0.32292645,0.062646798,-0.072906485,0.35096714,0.14760175,-0.27731597,0.14760175,-0.33655122,-0.42780663,-0.39432177,20,"walking_downstairs"
-0.29839224,-0.30029891,0.28910668,-0.29765387,-0.84878612,-0.031659791,0.069318531,0.07661141,0.095083224,0.90812353,-0.17584504,0.7895728,-0.7086278,0.76113055,0.86688766,0.031926886,-0.71480124,0.92110139,-0.81384399,-0.98971433,-0.30796641,0.25479315,-0.13448813,0.34731585,0.21353438,-0.32896669,0.21353438,-0.25883019,-0.43679509,-0.23058324,20,"walking_downstairs"
-0.29437958,-0.26776657,0.28391717,-0.28872989,-0.85855775,-0.026912424,0.069318531,0.069437114,0.067137732,0.9221427,-0.11435379,0.7777661,-0.65948412,0.71693642,0.86688766,-0.025724514,-0.72373525,0.91649237,-0.77419604,-0.99193456,-0.25033821,0.27105647,-0.18675532,0.30367873,0.16937205,-0.07421032,0.16937205,-0.31139256,-0.4112498,-0.32284358,20,"walking_downstairs"
-0.29187825,-0.26776657,0.2787586,-0.28122759,-0.86626411,-0.033897258,0.069439619,0.079319421,0.095439176,0.9221427,-0.23697244,0.77930735,-0.60672731,0.68244881,0.86864827,-0.15921696,-0.72851709,0.91709519,-0.7579343,-0.98895551,-0.36464326,-0.034590615,-0.17956327,0.41901666,-0.023176643,-0.24309741,-0.023176643,-0.51775146,-0.52021241,-0.42334935,20,"walking_downstairs"
-0.40606761,-0.44808315,0.37507405,-0.42027815,-0.68627464,0.013516083,-0.068848589,0.011865659,0.031158222,0.83977583,-0.012946932,0.68062814,-0.5325739,0.6006259,0.83578917,-0.27094494,-0.59903712,0.87765772,-0.66946928,-0.99819017,-0.48765148,-0.080898986,-0.009099388,0.53435236,-0.07277521,-0.34995019,-0.07277521,-0.56499251,-0.61996121,-0.63360957,20,"walking_upstairs"
-0.41873618,-0.46113548,0.41212337,-0.4654352,-0.6123921,0.016589119,-0.017964273,0.0073955615,0.031158222,0.82850958,0.00049772994,0.56796241,-0.5675506,0.63699773,0.824875,-0.43627905,-0.54541245,0.83159991,-0.70738415,-0.99917339,-0.45840508,-0.29338908,0.0049161463,0.49533006,-0.26501913,-0.43199934,-0.26501913,-0.72504137,-0.572489,-0.6071464,20,"walking_upstairs"
-0.49739625,-0.46630451,0.43354052,-0.4921773,-0.56633674,0.022222619,-0.017964273,-0.00065878388,0.015588622,0.81765753,0.13384849,0.51150842,-0.48494853,0.54786308,0.74256256,-0.40367085,-0.51434567,0.80814911,-0.60923912,-0.99964888,-0.3338344,-0.25234305,0.013878161,0.37744167,-0.25021291,-0.30152691,-0.25021291,-0.71414399,-0.46580862,-0.60731963,20,"walking_upstairs"
-0.47739543,-0.46630451,0.4330758,-0.48947585,-0.57107915,0.0076571404,0.0022540111,0.020088437,0.041632611,0.81602468,0.11818135,0.49887865,-0.46102896,0.54540273,0.73693969,-0.33596308,-0.51482266,0.80277457,-0.62784065,-0.99919096,-0.53558216,-0.19651365,0.010883859,0.58517965,-0.19842961,-0.22306051,-0.19842961,-0.6738736,-0.66982869,-0.32013126,20,"walking_upstairs"
-0.47350432,-0.46516466,0.42141867,-0.47352768,-0.59954632,-0.0050636315,0.026730382,0.038119199,0.042606488,0.81602468,0.0063425446,0.51752412,-0.48272855,0.56200721,0.75223418,-0.16020892,-0.53070003,0.81065316,-0.64061741,-0.99773936,-0.5048335,-0.12575041,0.027878242,0.53420023,-0.040902605,-0.27503041,-0.040902605,-0.53501676,-0.59912489,-0.39428046,20,"walking_upstairs"
-0.46752516,-0.43927942,0.41270228,-0.46381161,-0.61665241,-0.0064195159,0.029176164,0.040170611,0.044803593,0.83179499,-0.046446837,0.54728873,-0.50790737,0.5735251,0.75928291,-0.21423603,-0.54314752,0.82323658,-0.63829013,-0.99752664,-0.43438212,-0.097398212,0.031171794,0.45324124,-0.058934285,-0.28109457,-0.058934285,-0.55215716,-0.5103045,-0.094539954,20,"walking_upstairs"
-0.46697779,-0.45100181,0.41287686,-0.46366942,-0.61680127,-0.009196768,0.029176164,0.044094127,0.051719362,0.82863988,-0.22018384,0.54383777,-0.54327583,0.61352779,0.75928291,-0.28590262,-0.54254958,0.82178472,-0.68306103,-0.99684902,-0.53814275,-0.25320731,0.038477746,0.57086052,-0.17624649,-0.27396976,-0.17624649,-0.65578237,-0.63746023,-0.71433725,20,"walking_upstairs"
-0.46697779,-0.46787964,0.42584116,-0.48014693,-0.58750772,-0.0042591283,0.0064235021,0.037037511,0.051719362,0.81682846,-0.19946135,0.51377758,-0.5320566,0.59786767,0.75373133,-0.26344142,-0.52439053,0.80907842,-0.66262977,-0.99728127,-0.49407644,-0.36896732,0.040684019,0.52521965,-0.15737492,-0.37001076,-0.15737492,-0.63993503,-0.59304979,-0.68506974,20,"walking_upstairs"
-0.46494652,-0.49838978,0.43312185,-0.49185543,-0.56539244,-0.012472514,0.020759254,0.04892366,0.063312436,0.7975267,-0.28594617,0.51115575,-0.64800937,0.70704354,0.77443836,-0.28319463,-0.51285986,0.80776548,-0.76645244,-0.99561942,-0.53387769,-0.30455686,0.10096679,0.55754281,-0.20329755,-0.52181809,-0.20329755,-0.67777184,-0.61512567,-0.48471625,20,"walking_upstairs"
-0.51504235,-0.5201358,0.46311441,-0.5296199,-0.49481327,-0.013172518,0.020759254,0.049864643,0.063312436,0.77988981,-0.12125509,0.43734074,-0.58497675,0.6466138,0.73344784,-0.23504086,-0.46943015,0.7762143,-0.7081231,-0.9955731,-0.49176442,-0.19358778,0.14536392,0.53004955,-0.11561353,-0.37538912,-0.11561353,-0.60388153,-0.60548253,-0.35293936,20,"walking_upstairs"
-0.53554825,-0.52737732,0.47465561,-0.54382286,-0.46655716,-0.011832501,0.026122769,0.047927062,0.064249906,0.77899209,0.062403954,0.40815094,-0.54714947,0.60281311,0.70154651,-0.28789401,-0.45292522,0.76350169,-0.65740621,-0.9959786,-0.53572181,-0.10188427,0.15431075,0.5495285,-0.14718058,-0.2907301,-0.14718058,-0.6313586,-0.59576082,-0.51340757,20,"walking_upstairs"
-0.51009796,-0.52737732,0.46160046,-0.52666024,-0.50004278,-0.02040136,0.026122769,0.060061423,0.072958027,0.77899209,-0.069115347,0.43326019,-0.57662539,0.63302161,0.72104217,-0.32583337,-0.47051483,0.77442492,-0.68865273,-0.9933073,-0.56012521,-0.27620449,0.16113226,0.57951501,-0.22541049,-0.38310799,-0.22541049,-0.69519299,-0.63024564,-0.63852677,20,"walking_upstairs"
-0.49949901,-0.48725374,0.44165307,-0.50077861,-0.5503087,-0.030653055,0.066964791,0.074574273,0.079752714,0.79950592,0.0221899,0.47320603,-0.57457516,0.63017387,0.72548614,-0.25370874,-0.49727248,0.79178631,-0.68484716,-0.99050566,-0.54792706,-0.183052,0.16301198,0.56233923,-0.16796293,-0.33444176,-0.16796293,-0.64893358,-0.60820719,-0.55281686,20,"walking_upstairs"
-0.49933967,-0.47004834,0.43726425,-0.49272969,-0.56530591,-0.027117348,0.048231617,0.069229194,0.079752714,0.8014307,0.32013095,0.4693553,-0.57458854,0.61874071,0.72548614,-0.32500199,-0.50434274,0.79012605,-0.66151822,-0.99164227,-0.6139851,-0.32263246,0.12367922,0.62007935,-0.25859881,-0.29171771,-0.25859881,-0.72039394,-0.65207472,-0.34113332,20,"walking_upstairs"
-0.49933967,-0.47451003,0.4390829,-0.4946841,-0.56170394,-0.026241738,0.048231617,0.067942767,0.079743688,0.8014307,0.10013612,0.46326636,-0.561158,0.61621413,0.72145795,-0.25795333,-0.5019025,0.78751063,-0.66952235,-0.99200503,-0.54690285,-0.14656442,0.12051992,0.55753523,-0.1584567,-0.31004029,-0.1584567,-0.64096409,-0.59870625,-0.57946422,20,"walking_upstairs"
-0.50446362,-0.50282621,0.4473412,-0.5088124,-0.53506409,-0.028298846,0.058689357,0.071331387,0.070607444,0.7960557,-0.18053045,0.46553413,-0.53109645,0.59251925,0.72359777,-0.21851784,-0.48958918,0.78848194,-0.65257876,-0.99139986,-0.4588547,-0.21550262,0.16980934,0.46882942,-0.098439019,-0.22424738,-0.098439019,-0.58851389,-0.51611153,-0.73554397,20,"walking_upstairs"
-0.52200526,-0.50473816,0.45887621,-0.52435663,-0.50528189,-0.033214218,0.067637662,0.07844607,0.086685416,0.78266135,-0.17496585,0.44199044,-0.63081638,0.67345573,0.72359777,-0.41270756,-0.47192166,0.77825352,-0.71581528,-0.98931475,-0.50800319,-0.3776904,0.21136378,0.51627447,-0.30097762,-0.16907405,-0.30097762,-0.75106393,-0.55871913,-0.70490556,20,"walking_upstairs"
-0.4775155,-0.50475118,0.43119815,-0.49433278,-0.56109233,-0.014153635,-0.00072110158,0.051806998,0.057980748,0.79196414,0.051308802,0.54759738,-0.61101242,0.68396719,0.78843468,-0.37582607,-0.51539425,0.82298941,-0.75788181,-0.99527472,-0.51953721,-0.27976571,0.14558162,0.55511112,-0.26337636,-0.40869159,-0.26337636,-0.72395669,-0.62641629,-0.60568522,20,"walking_upstairs"
-0.50546624,-0.50958559,0.46307037,-0.52901697,-0.49589954,-0.012612916,0.038517218,0.049019964,0.052364204,0.77440276,-0.13719383,0.43483575,-0.59527197,0.66355024,0.75484931,-0.35626808,-0.46956949,0.77497534,-0.73252804,-0.9961451,-0.43581293,-0.2099516,0.13908712,0.48103118,-0.22142587,-0.09263599,-0.22142587,-0.69205346,-0.56834237,-0.53491764,20,"walking_upstairs"
-0.5356688,-0.51109374,0.47275399,-0.53887177,-0.47672247,-0.0098365688,0.038517218,0.044887907,0.045519442,0.77346362,0.0060568674,0.39933655,-0.54765004,0.60647342,0.70683618,-0.26486852,-0.45592257,0.75960687,-0.66453845,-0.99690567,-0.41424292,-0.14950707,0.12525516,0.43688272,-0.11014578,-0.077250409,-0.11014578,-0.59907505,-0.49954872,-0.45464784,20,"walking_upstairs"
-0.52775402,-0.51109374,0.46365968,-0.52760485,-0.49894307,-0.018170608,0.04312958,0.056721307,0.067480404,0.77346362,0.2476856,0.41963981,-0.5855992,0.64956215,0.70683618,-0.31645236,-0.46790623,0.76852594,-0.71296126,-0.99457608,-0.44597257,-0.078491004,0.14342904,0.47356375,-0.11910478,-0.35645333,-0.11910478,-0.60700885,-0.53975549,-0.54539362,20,"walking_upstairs"
-0.51812665,-0.4871473,0.45679652,-0.51556985,-0.52249695,-0.026440975,0.058728179,0.06802429,0.06757824,0.77382396,0.32633104,0.41399716,-0.50546123,0.58405118,0.7064737,-0.12642085,-0.47634279,0.76606078,-0.66144558,-0.99224927,-0.4463933,-0.0071157761,0.13620864,0.47180715,0.028061011,-0.41377039,0.028061011,-0.46647771,-0.53538025,-0.54826006,20,"walking_upstairs"
-0.51531393,-0.48606368,0.4554788,-0.50983771,-0.53341755,-0.016018098,0.020159253,0.052951574,0.06757824,0.77170276,0.17672714,0.39659431,-0.48469669,0.55887927,0.69425268,-0.056555487,-0.48005272,0.75841744,-0.63138236,-0.99467677,-0.47011819,0.017933015,0.065669315,0.49215915,0.090188055,-0.44699814,0.090188055,-0.40073446,-0.55068816,-0.36372821,20,"walking_upstairs"
-0.51531393,-0.51914386,0.46469536,-0.5239926,-0.50549535,-0.0005171974,0.018016702,0.031419171,0.062566339,0.77170276,-0.032249257,0.39337927,-0.50674487,0.58353863,0.69425268,-0.17366584,-0.46851794,0.75699713,-0.65827196,-0.99810548,-0.49861174,-0.08482589,0.043841279,0.52562454,-0.056003761,-0.34464903,-0.056003761,-0.54932913,-0.5888525,-0.77229401,20,"walking_upstairs"
-0.53011053,-0.51914386,0.47412138,-0.54181674,-0.47067096,-0.0054720298,0.018016702,0.038773614,0.050113264,0.77616292,-0.11702022,0.40348601,-0.55144555,0.61338317,0.69980784,-0.21455078,-0.4544269,0.76144553,-0.67457516,-0.99733807,-0.3890961,-0.19943182,0.12045037,0.41029622,-0.11230713,-0.25217625,-0.11230713,-0.60092006,-0.47479537,-0.67060769,20,"walking_upstairs"
